CGPA,Internships,Projects,Workshops/Certifications,AptitudeTestScore,SoftSkillsRating,ExtracurricularActivities,PlacementTraining,SSC_Marks,HSC_Marks,PlacementStatus
0.47139168665022824,-0.06556468168733408,1.12252363252126,2.1961470691586156,0.9267899332182766,0.673662779609194,0.8381467004446593,-1.6627404735414788,1.3245562640908652,1.5144010598943751,1
-0.15366669700730792,-0.06556468168733408,-0.030704704472457878,-0.015620609228609717,0.9267899332182766,-1.2702669690263801,0.8381467004446593,0.6014167670256413,-0.7858890739016593,1.1784926538956784,0
0.7839208784789949,-0.06556468168733408,1.12252363252126,1.090263229965003,0.8041317456201127,0.18768034245030202,0.8381467004446593,0.6014167670256413,0.653050929275062,-1.0608967194289673,1
0.0025978989070768233,-0.06556468168733408,-1.1839330414661757,-1.1215044484222225,-1.8943483815394928,-0.5412933132880401,-1.1931085566160113,-1.6627404735414788,-1.3614650751723478,-1.732713531426361,0
1.2527146662221478,1.4373506578504092,1.12252363252126,1.090263229965003,1.2947644960127682,1.159645216768088,0.8381467004446593,-1.6627404735414788,1.036768263455521,1.4024315912281429,1
-0.30993129292169125,-0.06556468168733408,-0.030704704472457878,1.090263229965003,0.8041317456201127,1.159645216768088,0.8381467004446593,0.6014167670256413,0.7489802628201767,0.7306147792307492,1
0.9401854743933811,-0.06556468168733408,1.12252363252126,1.090263229965003,1.0494481208164406,1.159645216768088,0.8381467004446593,0.6014167670256413,0.4611922621848325,1.5144010598943751,1
0.47139168665022824,-0.06556468168733408,1.12252363252126,1.090263229965003,1.2947644960127682,1.159645216768088,0.8381467004446593,0.6014167670256413,0.07747492800437346,1.0665231852294461,1
-1.5600480602367621,-0.06556468168733408,-0.030704704472457878,1.090263229965003,0.43615718282562105,1.159645216768088,0.8381467004446593,-1.6627404735414788,-0.4021717397212003,0.618645310564517,1
0.7839208784789949,-0.06556468168733408,-0.030704704472457878,1.090263229965003,-0.667766505557854,0.18768034245030202,0.8381467004446593,0.6014167670256413,0.269333595094603,0.7306147792307492,1
0.47139168665022824,1.4373506578504092,-0.030704704472457878,1.090263229965003,0.6814735580219489,0.43067156102974796,0.8381467004446593,0.6014167670256413,0.9408389299104063,0.7306147792307492,0
-0.30993129292169125,-0.06556468168733408,-1.1839330414661757,-0.015620609228609717,-0.667766505557854,-1.0272757504469332,-1.1931085566160113,-1.6627404735414788,-0.5940304068114298,-1.0608967194289673,0
-0.6224604847504593,1.4373506578504092,-0.030704704472457878,-0.015620609228609717,0.6814735580219489,1.159645216768088,-1.1931085566160113,-1.6627404735414788,-1.265535741627233,-0.6130188447640381,0
-1.0912542724936107,-1.5684800212250773,1.12252363252126,1.090263229965003,1.2947644960127682,-0.5412933132880401,0.8381467004446593,0.6014167670256413,0.3652629286397177,-0.7249883134302705,0
-0.15366669700730792,-1.5684800212250773,-1.1839330414661757,-0.015620609228609717,-1.2810574435486735,-1.0272757504469332,-1.1931085566160113,-1.6627404735414788,-1.3614650751723478,-0.6130188447640381,0
1.0964500703077644,1.4373506578504092,1.12252363252126,1.090263229965003,1.2947644960127682,0.916653998188642,0.8381467004446593,0.6014167670256413,0.7489802628201767,1.0665231852294461,1
-1.247518868407994,-1.5684800212250773,-1.1839330414661757,1.090263229965003,-0.9130828807541818,1.159645216768088,0.8381467004446593,0.6014167670256413,-1.0736770745370037,1.1784926538956784,1
-0.7787250806648427,-1.5684800212250773,-1.1839330414661757,-0.015620609228609717,-1.771690193941329,-1.2702669690263801,-1.1931085566160113,0.6014167670256413,-1.3614650751723478,-1.732713531426361,0
0.6276562825646116,1.4373506578504092,1.12252363252126,-1.1215044484222225,1.0494481208164406,0.673662779609194,0.8381467004446593,0.6014167670256413,0.8449095963652915,-0.8369577820965027,1
-1.716312656151147,-0.06556468168733408,-1.1839330414661757,-1.1215044484222225,-0.9130828807541818,-2.7282142805030603,-1.1931085566160113,0.6014167670256413,-1.3614650751723478,-0.7249883134302705,0
1.5652438580509145,-0.06556468168733408,1.12252363252126,-1.1215044484222225,1.1721063084146044,0.43067156102974796,0.8381467004446593,0.6014167670256413,0.07747492800437346,1.0665231852294461,1
-0.4661958888360746,-0.06556468168733408,-0.030704704472457878,-1.1215044484222225,1.0494481208164406,0.673662779609194,-1.1931085566160113,0.6014167670256413,0.3652629286397177,-0.948927250762735,0
-0.30993129292169125,-1.5684800212250773,1.12252363252126,-1.1215044484222225,1.1721063084146044,-1.0272757504469332,-1.1931085566160113,0.6014167670256413,0.7489802628201767,0.17076743589958782,1
1.4089792621365311,1.4373506578504092,1.12252363252126,-1.1215044484222225,0.9267899332182766,0.916653998188642,0.8381467004446593,0.6014167670256413,0.653050929275062,-0.16514097009910902,0
0.9401854743933811,-0.06556468168733408,-0.030704704472457878,-0.015620609228609717,-0.2997919427633623,-0.29830209470859204,-1.1931085566160113,0.6014167670256413,-0.21031307263097082,1.0665231852294461,0
0.9401854743933811,-0.06556468168733408,-0.030704704472457878,-0.015620609228609717,0.31349899522745717,0.916653998188642,0.8381467004446593,0.6014167670256413,0.7489802628201767,1.0665231852294461,0
-1.8725772520655304,-0.06556468168733408,-0.030704704472457878,-1.1215044484222225,0.8041317456201127,0.18768034245030202,0.8381467004446593,0.6014167670256413,-0.30624240617608556,-0.6130188447640381,1
1.2527146662221478,1.4373506578504092,1.12252363252126,-0.015620609228609717,0.6814735580219489,-0.5412933132880401,0.8381467004446593,0.6014167670256413,1.9001322653615538,0.5066758418982846,1
-0.30993129292169125,-0.06556468168733408,-1.1839330414661757,-1.1215044484222225,-0.1771337551651984,-0.784284531867486,-1.1931085566160113,-1.6627404735414788,-1.3614650751723478,-0.3890799074315736,0
1.4089792621365311,1.4373506578504092,1.12252363252126,1.090263229965003,0.19084080762929329,1.159645216768088,-1.1931085566160113,0.6014167670256413,-0.11438373908585606,0.5066758418982846,1
1.7215084539653005,1.4373506578504092,-0.030704704472457878,1.090263229965003,-0.2997919427633623,-1.0272757504469332,0.8381467004446593,-1.6627404735414788,1.7082735982713242,0.7306147792307492,0
-1.247518868407994,-1.5684800212250773,-0.030704704472457878,-1.1215044484222225,-2.017006569137657,-0.055310876129146085,-1.1931085566160113,-1.6627404735414788,-0.0184544055407413,-0.7249883134302705,0
0.6276562825646116,1.4373506578504092,1.12252363252126,1.090263229965003,1.2947644960127682,1.159645216768088,0.8381467004446593,0.6014167670256413,0.5571215957299472,0.8425842478969815,1
1.5652438580509145,1.4373506578504092,1.12252363252126,1.090263229965003,1.2947644960127682,1.159645216768088,0.8381467004446593,0.6014167670256413,0.9408389299104063,1.1784926538956784,1
0.9401854743933811,-1.5684800212250773,-1.1839330414661757,-0.015620609228609717,0.06818262003112939,-0.055310876129146085,0.8381467004446593,-1.6627404735414788,-0.5940304068114298,-0.6130188447640381,0
-1.5600480602367621,-1.5684800212250773,-1.1839330414661757,-1.1215044484222225,-0.667766505557854,-0.784284531867486,-1.1931085566160113,-1.6627404735414788,-0.8818184074467741,-1.2848356567614319,0
0.7839208784789949,-0.06556468168733408,-0.030704704472457878,-1.1215044484222225,0.31349899522745717,-1.0272757504469332,0.8381467004446593,0.6014167670256413,0.5571215957299472,1.2904621225619106,0
-0.15366669700730792,-1.5684800212250773,-1.1839330414661757,-1.1215044484222225,-1.4037156311468373,-0.784284531867486,-1.1931085566160113,0.6014167670256413,-1.265535741627233,-0.5010493760978059,0
0.6276562825646116,-0.06556468168733408,1.12252363252126,-1.1215044484222225,0.6814735580219489,-1.513258187605826,0.8381467004446593,0.6014167670256413,-1.3614650751723478,0.5066758418982846,1
1.0964500703077644,1.4373506578504092,1.12252363252126,-0.015620609228609717,0.9267899332182766,1.159645216768088,0.8381467004446593,-1.6627404735414788,1.42048559763598,0.7306147792307492,1
-0.4661958888360746,-0.06556468168733408,-1.1839330414661757,-0.015620609228609717,-0.1771337551651984,-1.513258187605826,-1.1931085566160113,0.6014167670256413,-1.3614650751723478,-1.1728661880951996,1
-0.15366669700730792,1.4373506578504092,-0.030704704472457878,-1.1215044484222225,-0.2997919427633623,0.43067156102974796,-1.1931085566160113,0.6014167670256413,-0.0184544055407413,-1.0608967194289673,0
-0.4661958888360746,-0.06556468168733408,1.12252363252126,1.090263229965003,0.43615718282562105,0.43067156102974796,0.8381467004446593,-1.6627404735414788,1.42048559763598,0.5066758418982846,1
0.3151270907358449,-0.06556468168733408,-0.030704704472457878,-1.1215044484222225,-0.5451083179596901,-1.2702669690263801,0.8381467004446593,-1.6627404735414788,-1.1696064080821185,-0.948927250762735,0
0.0025978989070768233,-0.06556468168733408,-1.1839330414661757,1.090263229965003,0.6814735580219489,-1.7562494061852731,-1.1931085566160113,-1.6627404735414788,-1.0736770745370037,-0.2771104387653413,1
-1.247518868407994,-0.06556468168733408,-0.030704704472457878,-1.1215044484222225,-1.2810574435486735,-0.784284531867486,-1.1931085566160113,0.6014167670256413,-1.3614650751723478,-1.8446830000925933,0
-1.8725772520655304,-0.06556468168733408,-0.030704704472457878,-1.1215044484222225,-0.667766505557854,-0.784284531867486,-1.1931085566160113,0.6014167670256413,1.036768263455521,-1.1728661880951996,1
0.6276562825646116,-1.5684800212250773,-0.030704704472457878,-0.015620609228609717,1.0494481208164406,-1.2702669690263801,0.8381467004446593,0.6014167670256413,0.269333595094603,0.8425842478969815,0
-0.6224604847504593,-0.06556468168733408,-1.1839330414661757,-1.1215044484222225,-1.4037156311468373,0.18768034245030202,-1.1931085566160113,-1.6627404735414788,-1.1696064080821185,-1.5087745940938964,0
-1.8725772520655304,1.4373506578504092,-1.1839330414661757,-1.1215044484222225,0.9267899332182766,0.18768034245030202,-1.1931085566160113,-1.6627404735414788,-0.0184544055407413,-0.7249883134302705,0
-0.15366669700730792,1.4373506578504092,-0.030704704472457878,-0.015620609228609717,1.0494481208164406,0.673662779609194,0.8381467004446593,0.6014167670256413,0.9408389299104063,1.2904621225619106,0
0.0025978989070768233,-0.06556468168733408,-0.030704704472457878,-1.1215044484222225,-0.1771337551651984,0.18768034245030202,0.8381467004446593,0.6014167670256413,1.036768263455521,0.9545537165632137,0
1.0964500703077644,-0.06556468168733408,-1.1839330414661757,1.090263229965003,-0.0544755675670345,0.673662779609194,-1.1931085566160113,0.6014167670256413,0.653050929275062,1.1784926538956784,0
0.15886249482146017,-0.06556468168733408,1.12252363252126,1.090263229965003,1.2947644960127682,1.159645216768088,0.8381467004446593,0.6014167670256413,1.3245562640908652,1.5144010598943751,1
0.3151270907358449,-0.06556468168733408,-1.1839330414661757,-1.1215044484222225,-1.0357410683523456,0.18768034245030202,-1.1931085566160113,0.6014167670256413,0.9408389299104063,-0.3890799074315736,0
-1.8725772520655304,1.4373506578504092,1.12252363252126,1.090263229965003,-1.0357410683523456,-1.2702669690263801,0.8381467004446593,0.6014167670256413,-0.30624240617608556,0.618645310564517,1
-0.6224604847504593,-1.5684800212250773,-0.030704704472457878,-1.1215044484222225,0.43615718282562105,-0.29830209470859204,-1.1931085566160113,0.6014167670256413,0.1734042615494882,-0.948927250762735,0
-0.4661958888360746,-0.06556468168733408,-0.030704704472457878,-1.1215044484222225,-0.4224501303615262,-0.29830209470859204,0.8381467004446593,0.6014167670256413,0.5571215957299472,-1.0608967194289673,0
0.7839208784789949,-0.06556468168733408,-0.030704704472457878,-1.1215044484222225,-0.667766505557854,1.159645216768088,0.8381467004446593,-1.6627404735414788,0.8449095963652915,-0.948927250762735,1
1.2527146662221478,1.4373506578504092,1.12252363252126,-1.1215044484222225,-0.4224501303615262,1.159645216768088,0.8381467004446593,0.6014167670256413,1.5164149311810948,1.5144010598943751,1
-0.9349896765792275,-1.5684800212250773,-0.030704704472457878,1.090263229965003,-0.4224501303615262,-0.29830209470859204,-1.1931085566160113,-1.6627404735414788,-0.5940304068114298,-1.1728661880951996,0
1.2527146662221478,-1.5684800212250773,1.12252363252126,1.090263229965003,1.2947644960127682,0.916653998188642,0.8381467004446593,0.6014167670256413,1.1326975970006357,0.7306147792307492,1
0.0025978989070768233,-0.06556468168733408,-1.1839330414661757,-0.015620609228609717,-1.6490320063431652,-0.5412933132880401,-1.1931085566160113,0.6014167670256413,-0.9777477409918889,-1.5087745940938964,0
0.15886249482146017,-0.06556468168733408,-1.1839330414661757,-0.015620609228609717,-0.1771337551651984,-0.29830209470859204,-1.1931085566160113,-1.6627404735414788,-1.3614650751723478,-0.2771104387653413,0
0.3151270907358449,-0.06556468168733408,1.12252363252126,1.090263229965003,-0.1771337551651984,-0.055310876129146085,0.8381467004446593,0.6014167670256413,1.9001322653615538,1.2904621225619106,1
0.15886249482146017,-1.5684800212250773,-0.030704704472457878,1.090263229965003,0.06818262003112939,-1.0272757504469332,0.8381467004446593,0.6014167670256413,-1.3614650751723478,-0.8369577820965027,0
-0.6224604847504593,-1.5684800212250773,-1.1839330414661757,-0.015620609228609717,-1.0357410683523456,0.673662779609194,-1.1931085566160113,-1.6627404735414788,-1.1696064080821185,-0.8369577820965027,0
1.2527146662221478,-0.06556468168733408,1.12252363252126,1.090263229965003,0.8041317456201127,0.916653998188642,0.8381467004446593,0.6014167670256413,0.3652629286397177,0.9545537165632137,1
-1.247518868407994,-0.06556468168733408,-1.1839330414661757,-0.015620609228609717,-0.4224501303615262,0.18768034245030202,-1.1931085566160113,-1.6627404735414788,-1.3614650751723478,-1.0608967194289673,0
1.0964500703077644,1.4373506578504092,1.12252363252126,1.090263229965003,1.2947644960127682,0.673662779609194,0.8381467004446593,0.6014167670256413,-1.3614650751723478,0.618645310564517,1
-0.30993129292169125,-0.06556468168733408,-1.1839330414661757,-0.015620609228609717,-0.0544755675670345,-1.0272757504469332,-1.1931085566160113,-1.6627404735414788,-1.3614650751723478,-0.16514097009910902,0
1.2527146662221478,-1.5684800212250773,1.12252363252126,1.090263229965003,0.5588153704237849,-0.5412933132880401,0.8381467004446593,0.6014167670256413,1.42048559763598,1.0665231852294461,0
1.4089792621365311,-0.06556468168733408,-0.030704704472457878,-1.1215044484222225,0.9267899332182766,1.159645216768088,0.8381467004446593,0.6014167670256413,0.4611922621848325,0.17076743589958782,1
-0.30993129292169125,-0.06556468168733408,-1.1839330414661757,2.1961470691586156,-0.2997919427633623,-0.5412933132880401,-1.1931085566160113,0.6014167670256413,1.3245562640908652,-0.6130188447640381,0
0.7839208784789949,-0.06556468168733408,1.12252363252126,1.090263229965003,0.19084080762929329,-0.055310876129146085,0.8381467004446593,0.6014167670256413,1.2286269305457505,1.0665231852294461,1
1.2527146662221478,-0.06556468168733408,1.12252363252126,1.090263229965003,0.9267899332182766,1.159645216768088,0.8381467004446593,0.6014167670256413,-0.21031307263097082,1.1784926538956784,1
0.6276562825646116,-0.06556468168733408,-1.1839330414661757,-1.1215044484222225,-1.1583992559505094,-0.055310876129146085,0.8381467004446593,-1.6627404735414788,-0.11438373908585606,-1.5087745940938964,0
0.9401854743933811,-1.5684800212250773,1.12252363252126,1.090263229965003,0.9267899332182766,0.916653998188642,0.8381467004446593,0.6014167670256413,0.7489802628201767,0.9545537165632137,1
0.3151270907358449,1.4373506578504092,-0.030704704472457878,-1.1215044484222225,-0.2997919427633623,0.18768034245030202,-1.1931085566160113,0.6014167670256413,-0.11438373908585606,-0.7249883134302705,1
0.9401854743933811,-0.06556468168733408,-0.030704704472457878,-1.1215044484222225,1.2947644960127682,0.43067156102974796,0.8381467004446593,0.6014167670256413,1.2286269305457505,0.618645310564517,1
1.4089792621365311,-0.06556468168733408,-1.1839330414661757,-1.1215044484222225,-1.2810574435486735,0.916653998188642,-1.1931085566160113,0.6014167670256413,-1.0736770745370037,-0.2771104387653413,0
-1.8725772520655304,-1.5684800212250773,-0.030704704472457878,-0.015620609228609717,-0.5451083179596901,-1.0272757504469332,-1.1931085566160113,0.6014167670256413,-1.265535741627233,-1.2848356567614319,0
1.2527146662221478,-0.06556468168733408,1.12252363252126,1.090263229965003,-0.667766505557854,-0.5412933132880401,-1.1931085566160113,0.6014167670256413,0.653050929275062,-0.7249883134302705,1
-1.8725772520655304,-0.06556468168733408,1.12252363252126,1.090263229965003,1.2947644960127682,1.159645216768088,0.8381467004446593,0.6014167670256413,0.653050929275062,0.8425842478969815,1
0.15886249482146017,-1.5684800212250773,1.12252363252126,1.090263229965003,-0.2997919427633623,-0.29830209470859204,0.8381467004446593,0.6014167670256413,1.3245562640908652,0.17076743589958782,0
0.3151270907358449,-1.5684800212250773,1.12252363252126,1.090263229965003,1.2947644960127682,0.18768034245030202,0.8381467004446593,0.6014167670256413,1.804202931816439,0.9545537165632137,1
-0.9349896765792275,-0.06556468168733408,-0.030704704472457878,1.090263229965003,-0.667766505557854,-0.055310876129146085,0.8381467004446593,0.6014167670256413,-1.3614650751723478,-0.948927250762735,0
0.0025978989070768233,-1.5684800212250773,-0.030704704472457878,-1.1215044484222225,-0.7904246931560178,-0.29830209470859204,0.8381467004446593,0.6014167670256413,1.2286269305457505,1.4024315912281429,1
0.7839208784789949,1.4373506578504092,1.12252363252126,1.090263229965003,1.1721063084146044,1.159645216768088,0.8381467004446593,0.6014167670256413,1.42048559763598,1.2904621225619106,1
1.0964500703077644,1.4373506578504092,1.12252363252126,1.090263229965003,1.2947644960127682,1.159645216768088,0.8381467004446593,0.6014167670256413,0.07747492800437346,1.2904621225619106,1
1.0964500703077644,-1.5684800212250773,-0.030704704472457878,-1.1215044484222225,0.19084080762929329,0.18768034245030202,0.8381467004446593,0.6014167670256413,-0.7858890739016593,-0.7249883134302705,1
1.2527146662221478,-0.06556468168733408,-1.1839330414661757,1.090263229965003,0.9267899332182766,0.43067156102974796,0.8381467004446593,0.6014167670256413,-0.21031307263097082,-0.8369577820965027,1
-0.15366669700730792,-0.06556468168733408,-1.1839330414661757,-1.1215044484222225,-0.0544755675670345,-1.0272757504469332,-1.1931085566160113,-1.6627404735414788,-1.1696064080821185,-1.396805125427664,0
0.6276562825646116,-0.06556468168733408,-1.1839330414661757,-0.015620609228609717,0.8041317456201127,0.43067156102974796,-1.1931085566160113,0.6014167670256413,0.3652629286397177,-0.6130188447640381,0
-0.30993129292169125,-0.06556468168733408,-1.1839330414661757,1.090263229965003,-0.1771337551651984,-0.055310876129146085,0.8381467004446593,-1.6627404735414788,-1.0736770745370037,-0.5010493760978059,1
-0.15366669700730792,-0.06556468168733408,-1.1839330414661757,-0.015620609228609717,0.6814735580219489,-0.5412933132880401,-1.1931085566160113,0.6014167670256413,1.5164149311810948,-0.5010493760978059,0
1.0964500703077644,1.4373506578504092,1.12252363252126,-1.1215044484222225,1.1721063084146044,0.673662779609194,0.8381467004446593,0.6014167670256413,1.7082735982713242,0.8425842478969815,1
-0.4661958888360746,-0.06556468168733408,-0.030704704472457878,-0.015620609228609717,-0.5451083179596901,0.673662779609194,-1.1931085566160113,0.6014167670256413,-1.3614650751723478,-0.948927250762735,0
-0.6224604847504593,-0.06556468168733408,1.12252363252126,-0.015620609228609717,0.19084080762929329,-0.29830209470859204,0.8381467004446593,0.6014167670256413,-0.0184544055407413,-1.0608967194289673,0
0.6276562825646116,1.4373506578504092,1.12252363252126,1.090263229965003,-1.4037156311468373,0.43067156102974796,0.8381467004446593,0.6014167670256413,0.653050929275062,1.1784926538956784,0
1.2527146662221478,-1.5684800212250773,1.12252363252126,-1.1215044484222225,1.0494481208164406,1.159645216768088,0.8381467004446593,0.6014167670256413,1.804202931816439,0.8425842478969815,1
0.3151270907358449,-1.5684800212250773,-0.030704704472457878,-0.015620609228609717,-0.9130828807541818,-0.055310876129146085,0.8381467004446593,0.6014167670256413,-0.8818184074467741,-0.2771104387653413,0
-0.4661958888360746,-0.06556468168733408,-1.1839330414661757,-1.1215044484222225,-2.1396647567358205,-1.7562494061852731,-1.1931085566160113,-1.6627404735414788,-1.1696064080821185,-0.2771104387653413,0
-1.8725772520655304,1.4373506578504092,-1.1839330414661757,-0.015620609228609717,0.43615718282562105,-1.7562494061852731,0.8381467004446593,0.6014167670256413,0.653050929275062,-0.8369577820965027,0
-1.8725772520655304,-0.06556468168733408,-1.1839330414661757,-1.1215044484222225,-1.4037156311468373,1.159645216768088,-1.1931085566160113,0.6014167670256413,-0.6899597403565446,-0.948927250762735,0
0.9401854743933811,-1.5684800212250773,-1.1839330414661757,-1.1215044484222225,0.19084080762929329,0.18768034245030202,0.8381467004446593,-1.6627404735414788,0.653050929275062,0.618645310564517,0
0.9401854743933811,1.4373506578504092,-0.030704704472457878,-0.015620609228609717,1.0494481208164406,0.673662779609194,0.8381467004446593,0.6014167670256413,1.036768263455521,0.7306147792307492,1
0.6276562825646116,-0.06556468168733408,-0.030704704472457878,-0.015620609228609717,-0.2997919427633623,-1.2702669690263801,0.8381467004446593,-1.6627404735414788,0.07747492800437346,-1.1728661880951996,0
0.9401854743933811,-0.06556468168733408,1.12252363252126,1.090263229965003,0.31349899522745717,0.916653998188642,0.8381467004446593,0.6014167670256413,-0.30624240617608556,-0.7249883134302705,1
-1.8725772520655304,1.4373506578504092,-1.1839330414661757,-1.1215044484222225,-0.1771337551651984,0.18768034245030202,-1.1931085566160113,0.6014167670256413,0.5571215957299472,-1.0608967194289673,0
0.15886249482146017,-0.06556468168733408,1.12252363252126,-1.1215044484222225,-0.667766505557854,-0.29830209470859204,0.8381467004446593,-1.6627404735414788,-0.6899597403565446,1.0665231852294461,0
1.5652438580509145,-1.5684800212250773,-1.1839330414661757,1.090263229965003,1.2947644960127682,0.43067156102974796,0.8381467004446593,0.6014167670256413,0.653050929275062,1.4024315912281429,1
0.47139168665022824,-1.5684800212250773,-1.1839330414661757,-1.1215044484222225,-0.0544755675670345,-2.2422318433441673,-1.1931085566160113,0.6014167670256413,1.036768263455521,-0.05317150143287675,0
-1.8725772520655304,-1.5684800212250773,-0.030704704472457878,1.090263229965003,-0.1771337551651984,-0.29830209470859204,-1.1931085566160113,0.6014167670256413,-0.9777477409918889,0.2827369045658201,0
0.3151270907358449,-1.5684800212250773,-1.1839330414661757,1.090263229965003,0.43615718282562105,1.159645216768088,0.8381467004446593,-1.6627404735414788,-1.0736770745370037,0.7306147792307492,0
0.7839208784789949,1.4373506578504092,-0.030704704472457878,2.1961470691586156,0.5588153704237849,1.159645216768088,0.8381467004446593,0.6014167670256413,0.9408389299104063,0.618645310564517,0
0.9401854743933811,-0.06556468168733408,-1.1839330414661757,-0.015620609228609717,-1.1583992559505094,1.159645216768088,0.8381467004446593,0.6014167670256413,-0.4981010732663151,1.2904621225619106,0
-0.6224604847504593,-0.06556468168733408,1.12252363252126,-1.1215044484222225,-1.0357410683523456,0.43067156102974796,-1.1931085566160113,-1.6627404735414788,-1.0736770745370037,-0.5010493760978059,0
0.3151270907358449,-0.06556468168733408,-1.1839330414661757,-0.015620609228609717,-0.5451083179596901,0.18768034245030202,0.8381467004446593,0.6014167670256413,0.4611922621848325,-0.5010493760978059,0
0.9401854743933811,-0.06556468168733408,-1.1839330414661757,-0.015620609228609717,-0.7904246931560178,-0.055310876129146085,0.8381467004446593,0.6014167670256413,-0.9777477409918889,-1.396805125427664,0
0.6276562825646116,-0.06556468168733408,-1.1839330414661757,-1.1215044484222225,-0.0544755675670345,0.18768034245030202,0.8381467004446593,0.6014167670256413,0.3652629286397177,1.5144010598943751,0
-0.9349896765792275,-0.06556468168733408,1.12252363252126,1.090263229965003,-0.4224501303615262,1.159645216768088,0.8381467004446593,0.6014167670256413,0.8449095963652915,0.618645310564517,1
-0.15366669700730792,-1.5684800212250773,-1.1839330414661757,1.090263229965003,-0.2997919427633623,-0.784284531867486,0.8381467004446593,0.6014167670256413,-1.3614650751723478,0.8425842478969815,0
-1.716312656151147,-0.06556468168733408,-1.1839330414661757,-1.1215044484222225,-0.9130828807541818,-0.29830209470859204,-1.1931085566160113,-1.6627404735414788,-1.3614650751723478,-1.5087745940938964,0
0.9401854743933811,-0.06556468168733408,1.12252363252126,1.090263229965003,1.2947644960127682,0.43067156102974796,0.8381467004446593,0.6014167670256413,-0.11438373908585606,0.8425842478969815,1
1.0964500703077644,1.4373506578504092,1.12252363252126,-0.015620609228609717,-0.4224501303615262,1.159645216768088,0.8381467004446593,0.6014167670256413,-1.265535741627233,0.618645310564517,0
0.15886249482146017,1.4373506578504092,-0.030704704472457878,1.090263229965003,0.19084080762929329,0.43067156102974796,0.8381467004446593,0.6014167670256413,1.5164149311810948,-1.9566524687588256,1
1.0964500703077644,1.4373506578504092,1.12252363252126,1.090263229965003,1.2947644960127682,0.916653998188642,0.8381467004446593,0.6014167670256413,0.5571215957299472,1.4024315912281429,1
1.5652438580509145,1.4373506578504092,1.12252363252126,1.090263229965003,1.2947644960127682,1.159645216768088,0.8381467004446593,0.6014167670256413,0.5571215957299472,1.5144010598943751,1
1.2527146662221478,1.4373506578504092,1.12252363252126,1.090263229965003,1.2947644960127682,0.916653998188642,0.8381467004446593,0.6014167670256413,0.3652629286397177,1.1784926538956784,1
-0.15366669700730792,-0.06556468168733408,-1.1839330414661757,-0.015620609228609717,-1.0357410683523456,-0.29830209470859204,-1.1931085566160113,-1.6627404735414788,-0.4981010732663151,-0.3890799074315736,0
0.15886249482146017,-1.5684800212250773,-1.1839330414661757,1.090263229965003,-0.4224501303615262,-0.055310876129146085,0.8381467004446593,0.6014167670256413,-0.8818184074467741,-0.16514097009910902,0
-1.4037834643223788,-0.06556468168733408,-1.1839330414661757,-1.1215044484222225,-1.526373818745001,-0.055310876129146085,0.8381467004446593,-1.6627404735414788,1.42048559763598,-1.5087745940938964,0
1.2527146662221478,-0.06556468168733408,-0.030704704472457878,-1.1215044484222225,0.6814735580219489,-0.055310876129146085,-1.1931085566160113,0.6014167670256413,-1.3614650751723478,0.9545537165632137,1
-0.30993129292169125,-0.06556468168733408,-0.030704704472457878,-1.1215044484222225,-0.9130828807541818,0.18768034245030202,-1.1931085566160113,0.6014167670256413,0.7489802628201767,-0.6130188447640381,1
0.6276562825646116,-0.06556468168733408,-0.030704704472457878,-0.015620609228609717,0.6814735580219489,0.916653998188642,-1.1931085566160113,0.6014167670256413,-1.3614650751723478,0.618645310564517,0
-0.4661958888360746,-1.5684800212250773,-1.1839330414661757,-1.1215044484222225,-1.6490320063431652,-1.513258187605826,-1.1931085566160113,-1.6627404735414788,-1.3614650751723478,-0.5010493760978059,0
-1.8725772520655304,-1.5684800212250773,1.12252363252126,-0.015620609228609717,-0.0544755675670345,-0.055310876129146085,0.8381467004446593,0.6014167670256413,-1.0736770745370037,0.8425842478969815,0
0.47139168665022824,1.4373506578504092,1.12252363252126,1.090263229965003,0.43615718282562105,0.43067156102974796,0.8381467004446593,0.6014167670256413,0.9408389299104063,1.4024315912281429,1
1.8777730498796839,-0.06556468168733408,1.12252363252126,1.090263229965003,1.2947644960127682,0.673662779609194,0.8381467004446593,0.6014167670256413,0.1734042615494882,0.7306147792307492,1
-0.30993129292169125,-1.5684800212250773,-1.1839330414661757,-1.1215044484222225,0.19084080762929329,-0.29830209470859204,-1.1931085566160113,-1.6627404735414788,-0.21031307263097082,-1.6207440627601286,0
0.7839208784789949,-1.5684800212250773,1.12252363252126,1.090263229965003,0.19084080762929329,0.673662779609194,0.8381467004446593,0.6014167670256413,0.7489802628201767,0.7306147792307492,0
-1.8725772520655304,-1.5684800212250773,1.12252363252126,-1.1215044484222225,-0.2997919427633623,-0.29830209470859204,-1.1931085566160113,-1.6627404735414788,0.8449095963652915,-1.5087745940938964,0
0.3151270907358449,-1.5684800212250773,-1.1839330414661757,-0.015620609228609717,-1.2810574435486735,-1.7562494061852731,0.8381467004446593,0.6014167670256413,0.653050929275062,-1.2848356567614319,0
0.3151270907358449,-1.5684800212250773,1.12252363252126,1.090263229965003,0.06818262003112939,-0.29830209470859204,0.8381467004446593,0.6014167670256413,0.9408389299104063,1.1784926538956784,1
-0.30993129292169125,-1.5684800212250773,-0.030704704472457878,-0.015620609228609717,-2.017006569137657,-1.99924062476472,-1.1931085566160113,0.6014167670256413,0.5571215957299472,-0.948927250762735,0
-0.15366669700730792,-0.06556468168733408,-1.1839330414661757,1.090263229965003,-0.0544755675670345,0.18768034245030202,0.8381467004446593,0.6014167670256413,-0.4021717397212003,-0.6130188447640381,1
1.5652438580509145,1.4373506578504092,-0.030704704472457878,-1.1215044484222225,1.1721063084146044,0.43067156102974796,-1.1931085566160113,0.6014167670256413,0.8449095963652915,-0.3890799074315736,1
0.9401854743933811,-0.06556468168733408,1.12252363252126,1.090263229965003,1.2947644960127682,1.159645216768088,0.8381467004446593,-1.6627404735414788,1.2286269305457505,1.0665231852294461,1
0.0025978989070768233,-0.06556468168733408,1.12252363252126,-1.1215044484222225,-0.1771337551651984,0.18768034245030202,0.8381467004446593,-1.6627404735414788,-1.3614650751723478,-1.396805125427664,0
0.47139168665022824,1.4373506578504092,1.12252363252126,1.090263229965003,1.2947644960127682,1.159645216768088,0.8381467004446593,0.6014167670256413,1.036768263455521,1.5144010598943751,1
-0.7787250806648427,-0.06556468168733408,-1.1839330414661757,-1.1215044484222225,-1.6490320063431652,-1.0272757504469332,0.8381467004446593,-1.6627404735414788,-0.7858890739016593,-0.8369577820965027,0
-0.15366669700730792,-0.06556468168733408,-0.030704704472457878,-1.1215044484222225,-0.4224501303615262,-1.2702669690263801,0.8381467004446593,0.6014167670256413,-1.3614650751723478,-0.16514097009910902,1
-1.5600480602367621,-0.06556468168733408,-1.1839330414661757,-0.015620609228609717,-2.3849811319321486,-0.055310876129146085,-1.1931085566160113,-1.6627404735414788,-0.9777477409918889,-1.2848356567614319,0
-0.15366669700730792,-0.06556468168733408,-1.1839330414661757,-1.1215044484222225,-0.667766505557854,-2.485223061923614,-1.1931085566160113,-1.6627404735414788,-1.265535741627233,-0.6130188447640381,0
0.0025978989070768233,-0.06556468168733408,-1.1839330414661757,-0.015620609228609717,-1.2810574435486735,-0.784284531867486,0.8381467004446593,0.6014167670256413,0.9408389299104063,1.1784926538956784,0
1.0964500703077644,-1.5684800212250773,-1.1839330414661757,1.090263229965003,1.0494481208164406,1.159645216768088,0.8381467004446593,0.6014167670256413,0.4611922621848325,0.8425842478969815,1
-1.716312656151147,-1.5684800212250773,-1.1839330414661757,-0.015620609228609717,-1.0357410683523456,0.18768034245030202,0.8381467004446593,0.6014167670256413,-0.4981010732663151,1.1784926538956784,0
-0.4661958888360746,-0.06556468168733408,-0.030704704472457878,-1.1215044484222225,-0.0544755675670345,0.916653998188642,0.8381467004446593,0.6014167670256413,1.6123442647262096,0.9545537165632137,0
-0.30993129292169125,-0.06556468168733408,-1.1839330414661757,-0.015620609228609717,0.5588153704237849,-0.055310876129146085,-1.1931085566160113,0.6014167670256413,-1.3614650751723478,-0.8369577820965027,0
-1.5600480602367621,-0.06556468168733408,-0.030704704472457878,-1.1215044484222225,-0.9130828807541818,-0.055310876129146085,-1.1931085566160113,0.6014167670256413,-1.3614650751723478,-0.2771104387653413,0
0.6276562825646116,-0.06556468168733408,-1.1839330414661757,-1.1215044484222225,0.8041317456201127,1.159645216768088,-1.1931085566160113,0.6014167670256413,-0.7858890739016593,0.8425842478969815,1
-1.8725772520655304,-0.06556468168733408,-1.1839330414661757,-1.1215044484222225,0.5588153704237849,0.43067156102974796,0.8381467004446593,0.6014167670256413,-1.3614650751723478,1.0665231852294461,0
0.15886249482146017,-0.06556468168733408,1.12252363252126,-0.015620609228609717,1.0494481208164406,-0.784284531867486,-1.1931085566160113,0.6014167670256413,0.269333595094603,0.9545537165632137,0
0.9401854743933811,1.4373506578504092,1.12252363252126,1.090263229965003,1.2947644960127682,1.159645216768088,0.8381467004446593,0.6014167670256413,-0.21031307263097082,1.5144010598943751,1
0.7839208784789949,-0.06556468168733408,1.12252363252126,-1.1215044484222225,1.0494481208164406,1.159645216768088,-1.1931085566160113,0.6014167670256413,0.7489802628201767,1.5144010598943751,1
0.0025978989070768233,-0.06556468168733408,-1.1839330414661757,-1.1215044484222225,1.2947644960127682,1.159645216768088,-1.1931085566160113,0.6014167670256413,0.9408389299104063,0.618645310564517,1
1.4089792621365311,1.4373506578504092,1.12252363252126,2.1961470691586156,0.9267899332182766,1.159645216768088,-1.1931085566160113,0.6014167670256413,0.3652629286397177,1.1784926538956784,1
-0.9349896765792275,-0.06556468168733408,1.12252363252126,1.090263229965003,1.0494481208164406,-0.784284531867486,0.8381467004446593,0.6014167670256413,0.8449095963652915,-1.0608967194289673,1
0.15886249482146017,-0.06556468168733408,1.12252363252126,-0.015620609228609717,-0.2997919427633623,-1.513258187605826,-1.1931085566160113,0.6014167670256413,0.269333595094603,1.1784926538956784,0
-0.15366669700730792,-0.06556468168733408,-1.1839330414661757,-1.1215044484222225,-0.667766505557854,-1.2702669690263801,-1.1931085566160113,0.6014167670256413,-0.7858890739016593,-0.948927250762735,0
1.5652438580509145,-0.06556468168733408,-0.030704704472457878,1.090263229965003,0.5588153704237849,-0.055310876129146085,-1.1931085566160113,-1.6627404735414788,0.8449095963652915,1.4024315912281429,0
0.47139168665022824,-0.06556468168733408,1.12252363252126,1.090263229965003,-0.2997919427633623,0.43067156102974796,0.8381467004446593,-1.6627404735414788,0.8449095963652915,0.2827369045658201,0
0.9401854743933811,1.4373506578504092,-0.030704704472457878,1.090263229965003,1.2947644960127682,1.159645216768088,0.8381467004446593,0.6014167670256413,0.1734042615494882,0.9545537165632137,1
-0.4661958888360746,-1.5684800212250773,-1.1839330414661757,-1.1215044484222225,-0.4224501303615262,-1.513258187605826,-1.1931085566160113,0.6014167670256413,-0.6899597403565446,-0.7249883134302705,0
1.2527146662221478,1.4373506578504092,1.12252363252126,1.090263229965003,1.2947644960127682,1.159645216768088,0.8381467004446593,0.6014167670256413,0.9408389299104063,0.8425842478969815,1
-0.30993129292169125,-1.5684800212250773,-0.030704704472457878,-0.015620609228609717,0.43615718282562105,0.673662779609194,-1.1931085566160113,0.6014167670256413,-1.3614650751723478,-0.6130188447640381,0
-1.5600480602367621,-0.06556468168733408,-1.1839330414661757,-0.015620609228609717,-0.4224501303615262,-1.0272757504469332,-1.1931085566160113,-1.6627404735414788,-0.6899597403565446,-1.0608967194289673,0
-1.8725772520655304,1.4373506578504092,1.12252363252126,-1.1215044484222225,0.19084080762929329,-1.99924062476472,-1.1931085566160113,0.6014167670256413,-1.3614650751723478,-1.396805125427664,0
-0.4661958888360746,1.4373506578504092,-1.1839330414661757,2.1961470691586156,-1.6490320063431652,-1.0272757504469332,-1.1931085566160113,-1.6627404735414788,-0.7858890739016593,-1.9566524687588256,0
1.4089792621365311,1.4373506578504092,1.12252363252126,1.090263229965003,0.5588153704237849,0.673662779609194,0.8381467004446593,0.6014167670256413,1.036768263455521,1.1784926538956784,1
0.0025978989070768233,-0.06556468168733408,-1.1839330414661757,-1.1215044484222225,0.31349899522745717,0.43067156102974796,0.8381467004446593,0.6014167670256413,-1.3614650751723478,1.0665231852294461,0
0.15886249482146017,-0.06556468168733408,-0.030704704472457878,1.090263229965003,1.2947644960127682,1.159645216768088,0.8381467004446593,0.6014167670256413,1.1326975970006357,0.618645310564517,1
0.9401854743933811,1.4373506578504092,1.12252363252126,1.090263229965003,1.2947644960127682,1.159645216768088,0.8381467004446593,0.6014167670256413,0.8449095963652915,1.4024315912281429,1
0.0025978989070768233,-0.06556468168733408,-0.030704704472457878,-1.1215044484222225,0.06818262003112939,-1.99924062476472,0.8381467004446593,0.6014167670256413,0.9408389299104063,1.0665231852294461,0
-1.5600480602367621,-1.5684800212250773,-1.1839330414661757,-1.1215044484222225,-0.667766505557854,-0.29830209470859204,0.8381467004446593,0.6014167670256413,-1.3614650751723478,-0.7249883134302705,0
-0.30993129292169125,-1.5684800212250773,1.12252363252126,-0.015620609228609717,0.5588153704237849,-0.29830209470859204,-1.1931085566160113,0.6014167670256413,-1.265535741627233,-0.7249883134302705,0
1.0964500703077644,-0.06556468168733408,1.12252363252126,1.090263229965003,0.43615718282562105,1.159645216768088,0.8381467004446593,0.6014167670256413,-0.4021717397212003,-0.3890799074315736,1
-1.8725772520655304,-1.5684800212250773,-1.1839330414661757,-1.1215044484222225,-1.4037156311468373,0.43067156102974796,-1.1931085566160113,-1.6627404735414788,-0.30624240617608556,-0.05317150143287675,0
0.7839208784789949,-0.06556468168733408,-0.030704704472457878,-1.1215044484222225,-0.0544755675670345,1.159645216768088,0.8381467004446593,0.6014167670256413,0.8449095963652915,-0.6130188447640381,0
-1.8725772520655304,-1.5684800212250773,-1.1839330414661757,-1.1215044484222225,1.2947644960127682,0.43067156102974796,0.8381467004446593,0.6014167670256413,-1.265535741627233,0.8425842478969815,0
-1.4037834643223788,-1.5684800212250773,-1.1839330414661757,-0.015620609228609717,-2.2623229443339845,-1.99924062476472,0.8381467004446593,0.6014167670256413,-1.1696064080821185,-1.396805125427664,0
-1.8725772520655304,1.4373506578504092,-1.1839330414661757,-0.015620609228609717,-0.9130828807541818,-1.513258187605826,0.8381467004446593,-1.6627404735414788,-1.265535741627233,-0.5010493760978059,0
-0.7787250806648427,-1.5684800212250773,-0.030704704472457878,-1.1215044484222225,0.31349899522745717,-1.0272757504469332,0.8381467004446593,-1.6627404735414788,-0.0184544055407413,-1.1728661880951996,1
1.5652438580509145,1.4373506578504092,1.12252363252126,1.090263229965003,1.2947644960127682,0.916653998188642,0.8381467004446593,0.6014167670256413,0.07747492800437346,1.4024315912281429,1
-0.30993129292169125,-0.06556468168733408,1.12252363252126,-0.015620609228609717,-0.667766505557854,0.916653998188642,0.8381467004446593,0.6014167670256413,0.8449095963652915,-0.7249883134302705,1
-1.716312656151147,-0.06556468168733408,-0.030704704472457878,-0.015620609228609717,-1.6490320063431652,0.673662779609194,0.8381467004446593,-1.6627404735414788,-1.1696064080821185,-0.5010493760978059,0
-1.4037834643223788,-0.06556468168733408,-1.1839330414661757,-0.015620609228609717,-1.526373818745001,0.18768034245030202,-1.1931085566160113,-1.6627404735414788,-0.11438373908585606,-1.0608967194289673,0
0.7839208784789949,-0.06556468168733408,-0.030704704472457878,-0.015620609228609717,-0.667766505557854,-1.2702669690263801,-1.1931085566160113,-1.6627404735414788,-1.0736770745370037,-0.8369577820965027,0
0.6276562825646116,-0.06556468168733408,1.12252363252126,1.090263229965003,0.06818262003112939,0.916653998188642,-1.1931085566160113,0.6014167670256413,-0.21031307263097082,-0.8369577820965027,1
0.9401854743933811,1.4373506578504092,1.12252363252126,-1.1215044484222225,1.2947644960127682,0.916653998188642,0.8381467004446593,0.6014167670256413,-0.4021717397212003,-0.6130188447640381,1
1.2527146662221478,1.4373506578504092,1.12252363252126,1.090263229965003,1.2947644960127682,1.159645216768088,0.8381467004446593,0.6014167670256413,1.2286269305457505,-0.5010493760978059,1
0.6276562825646116,-0.06556468168733408,1.12252363252126,1.090263229965003,0.6814735580219489,0.43067156102974796,0.8381467004446593,-1.6627404735414788,0.653050929275062,1.4024315912281429,0
0.9401854743933811,-1.5684800212250773,1.12252363252126,1.090263229965003,1.2947644960127682,-0.055310876129146085,0.8381467004446593,0.6014167670256413,0.7489802628201767,1.1784926538956784,1
1.0964500703077644,-1.5684800212250773,-1.1839330414661757,-1.1215044484222225,0.6814735580219489,-1.513258187605826,0.8381467004446593,0.6014167670256413,-1.1696064080821185,-0.3890799074315736,1
0.0025978989070768233,-1.5684800212250773,-1.1839330414661757,-0.015620609228609717,-2.3849811319321486,0.916653998188642,-1.1931085566160113,-1.6627404735414788,-0.9777477409918889,-1.396805125427664,0
0.0025978989070768233,-1.5684800212250773,-1.1839330414661757,-1.1215044484222225,-0.1771337551651984,-0.055310876129146085,0.8381467004446593,-1.6627404735414788,-1.3614650751723478,-0.7249883134302705,0
-1.5600480602367621,-0.06556468168733408,-1.1839330414661757,1.090263229965003,-0.7904246931560178,0.43067156102974796,-1.1931085566160113,-1.6627404735414788,-1.3614650751723478,-0.948927250762735,1
-0.30993129292169125,-0.06556468168733408,-0.030704704472457878,-0.015620609228609717,-0.667766505557854,-1.2702669690263801,0.8381467004446593,0.6014167670256413,0.7489802628201767,1.0665231852294461,0
1.4089792621365311,1.4373506578504092,-0.030704704472457878,1.090263229965003,0.5588153704237849,-0.784284531867486,0.8381467004446593,0.6014167670256413,0.269333595094603,1.0665231852294461,0
-0.15366669700730792,-0.06556468168733408,1.12252363252126,-0.015620609228609717,0.31349899522745717,0.43067156102974796,0.8381467004446593,0.6014167670256413,1.42048559763598,0.618645310564517,1
1.8777730498796839,-1.5684800212250773,1.12252363252126,2.1961470691586156,0.9267899332182766,1.159645216768088,0.8381467004446593,0.6014167670256413,0.3652629286397177,1.5144010598943751,1
0.47139168665022824,-1.5684800212250773,1.12252363252126,1.090263229965003,0.31349899522745717,1.159645216768088,0.8381467004446593,-1.6627404735414788,0.3652629286397177,0.8425842478969815,1
1.2527146662221478,-1.5684800212250773,1.12252363252126,1.090263229965003,0.43615718282562105,0.43067156102974796,-1.1931085566160113,-1.6627404735414788,0.07747492800437346,-0.6130188447640381,0
-0.15366669700730792,-0.06556468168733408,-1.1839330414661757,-0.015620609228609717,-0.5451083179596901,-0.5412933132880401,0.8381467004446593,0.6014167670256413,-1.3614650751723478,-0.7249883134302705,0
-0.30993129292169125,-1.5684800212250773,-1.1839330414661757,-0.015620609228609717,-0.667766505557854,-0.784284531867486,-1.1931085566160113,0.6014167670256413,-1.3614650751723478,-0.6130188447640381,0
0.3151270907358449,1.4373506578504092,1.12252363252126,1.090263229965003,0.6814735580219489,0.916653998188642,0.8381467004446593,0.6014167670256413,1.9960615989066686,1.0665231852294461,1
1.2527146662221478,-0.06556468168733408,-0.030704704472457878,1.090263229965003,1.2947644960127682,1.159645216768088,0.8381467004446593,0.6014167670256413,1.036768263455521,0.9545537165632137,1
-0.30993129292169125,-0.06556468168733408,1.12252363252126,-1.1215044484222225,1.2947644960127682,-0.055310876129146085,0.8381467004446593,0.6014167670256413,0.8449095963652915,0.9545537165632137,1
0.15886249482146017,-0.06556468168733408,-0.030704704472457878,-0.015620609228609717,0.19084080762929329,0.673662779609194,0.8381467004446593,0.6014167670256413,1.2286269305457505,1.0665231852294461,0
-1.5600480602367621,-0.06556468168733408,-1.1839330414661757,-1.1215044484222225,-0.667766505557854,0.18768034245030202,0.8381467004446593,0.6014167670256413,-1.3614650751723478,-0.6130188447640381,0
0.3151270907358449,-0.06556468168733408,-1.1839330414661757,1.090263229965003,-0.667766505557854,-1.99924062476472,-1.1931085566160113,-1.6627404735414788,1.804202931816439,-0.2771104387653413,0
-0.4661958888360746,-0.06556468168733408,-1.1839330414661757,-0.015620609228609717,-0.7904246931560178,-1.7562494061852731,-1.1931085566160113,0.6014167670256413,-0.6899597403565446,-1.2848356567614319,0
-1.716312656151147,-0.06556468168733408,1.12252363252126,-1.1215044484222225,-2.1396647567358205,-1.2702669690263801,0.8381467004446593,0.6014167670256413,-1.1696064080821185,-0.2771104387653413,0
0.3151270907358449,1.4373506578504092,1.12252363252126,1.090263229965003,0.43615718282562105,0.43067156102974796,0.8381467004446593,0.6014167670256413,-0.30624240617608556,0.618645310564517,1
-0.4661958888360746,-1.5684800212250773,-1.1839330414661757,-1.1215044484222225,-0.0544755675670345,-0.29830209470859204,0.8381467004446593,0.6014167670256413,-0.7858890739016593,-1.0608967194289673,0
1.2527146662221478,-1.5684800212250773,1.12252363252126,-0.015620609228609717,0.43615718282562105,-0.784284531867486,0.8381467004446593,0.6014167670256413,-0.9777477409918889,0.8425842478969815,0
-0.4661958888360746,-1.5684800212250773,-1.1839330414661757,-0.015620609228609717,1.2947644960127682,1.159645216768088,0.8381467004446593,0.6014167670256413,0.1734042615494882,-0.6130188447640381,0
-1.716312656151147,-0.06556468168733408,-1.1839330414661757,-1.1215044484222225,-1.8943483815394928,-2.7282142805030603,0.8381467004446593,0.6014167670256413,-1.3614650751723478,-1.396805125427664,0
-0.30993129292169125,-0.06556468168733408,1.12252363252126,-1.1215044484222225,-0.0544755675670345,0.18768034245030202,0.8381467004446593,-1.6627404735414788,-0.4021717397212003,-1.1728661880951996,1
-0.15366669700730792,-0.06556468168733408,-1.1839330414661757,-1.1215044484222225,-0.4224501303615262,-1.7562494061852731,0.8381467004446593,0.6014167670256413,1.6123442647262096,-0.7249883134302705,0
0.6276562825646116,-0.06556468168733408,-0.030704704472457878,-1.1215044484222225,1.2947644960127682,0.673662779609194,0.8381467004446593,0.6014167670256413,1.42048559763598,1.2904621225619106,1
0.7839208784789949,-0.06556468168733408,1.12252363252126,1.090263229965003,0.6814735580219489,1.159645216768088,0.8381467004446593,0.6014167670256413,-1.3614650751723478,0.8425842478969815,0
-1.716312656151147,-0.06556468168733408,-1.1839330414661757,-1.1215044484222225,-1.0357410683523456,-3.214196717661954,-1.1931085566160113,-1.6627404735414788,-0.4021717397212003,-1.396805125427664,0
0.0025978989070768233,-0.06556468168733408,-1.1839330414661757,-0.015620609228609717,-0.7904246931560178,0.18768034245030202,0.8381467004446593,0.6014167670256413,1.2286269305457505,0.7306147792307492,0
-1.5600480602367621,-0.06556468168733408,-0.030704704472457878,1.090263229965003,-1.4037156311468373,-0.5412933132880401,0.8381467004446593,-1.6627404735414788,0.9408389299104063,-0.5010493760978059,0
1.0964500703077644,1.4373506578504092,1.12252363252126,1.090263229965003,1.2947644960127682,1.159645216768088,0.8381467004446593,0.6014167670256413,0.9408389299104063,1.0665231852294461,1
0.0025978989070768233,-0.06556468168733408,-1.1839330414661757,-1.1215044484222225,-1.2810574435486735,-1.2702669690263801,-1.1931085566160113,-1.6627404735414788,-1.1696064080821185,-1.0608967194289673,0
-1.4037834643223788,-0.06556468168733408,-1.1839330414661757,-0.015620609228609717,-0.2997919427633623,-2.485223061923614,-1.1931085566160113,0.6014167670256413,-1.3614650751723478,-1.8446830000925933,0
-0.30993129292169125,-1.5684800212250773,-1.1839330414661757,-0.015620609228609717,-0.7904246931560178,0.673662779609194,0.8381467004446593,0.6014167670256413,-1.265535741627233,-1.396805125427664,0
-0.6224604847504593,-0.06556468168733408,-1.1839330414661757,1.090263229965003,0.19084080762929329,-1.513258187605826,-1.1931085566160113,0.6014167670256413,-1.0736770745370037,0.17076743589958782,0
0.47139168665022824,1.4373506578504092,-1.1839330414661757,-0.015620609228609717,0.31349899522745717,-0.29830209470859204,0.8381467004446593,-1.6627404735414788,1.3245562640908652,-0.8369577820965027,1
0.9401854743933811,1.4373506578504092,1.12252363252126,1.090263229965003,1.2947644960127682,1.159645216768088,0.8381467004446593,0.6014167670256413,0.269333595094603,1.5144010598943751,1
0.9401854743933811,-0.06556468168733408,-0.030704704472457878,-1.1215044484222225,-1.1583992559505094,1.159645216768088,0.8381467004446593,0.6014167670256413,1.3245562640908652,0.8425842478969815,1
1.5652438580509145,1.4373506578504092,1.12252363252126,1.090263229965003,1.2947644960127682,1.159645216768088,0.8381467004446593,0.6014167670256413,1.804202931816439,1.0665231852294461,1
-1.0912542724936107,-0.06556468168733408,-0.030704704472457878,-0.015620609228609717,0.5588153704237849,-1.0272757504469332,-1.1931085566160113,0.6014167670256413,-1.1696064080821185,-1.1728661880951996,0
-0.30993129292169125,-0.06556468168733408,1.12252363252126,1.090263229965003,1.2947644960127682,-0.29830209470859204,0.8381467004446593,0.6014167670256413,1.036768263455521,-0.2771104387653413,1
0.0025978989070768233,-1.5684800212250773,-1.1839330414661757,-0.015620609228609717,-1.526373818745001,-0.29830209470859204,0.8381467004446593,-1.6627404735414788,-0.4981010732663151,-1.1728661880951996,0
-1.8725772520655304,-1.5684800212250773,-1.1839330414661757,-0.015620609228609717,-0.9130828807541818,0.43067156102974796,-1.1931085566160113,-1.6627404735414788,-1.3614650751723478,-0.8369577820965027,0
-1.247518868407994,1.4373506578504092,-1.1839330414661757,1.090263229965003,0.5588153704237849,0.916653998188642,0.8381467004446593,0.6014167670256413,0.3652629286397177,0.8425842478969815,0
0.15886249482146017,-0.06556468168733408,-1.1839330414661757,-0.015620609228609717,0.43615718282562105,-1.513258187605826,0.8381467004446593,-1.6627404735414788,0.4611922621848325,-1.396805125427664,0
0.47139168665022824,1.4373506578504092,1.12252363252126,1.090263229965003,1.1721063084146044,-0.5412933132880401,0.8381467004446593,0.6014167670256413,0.5571215957299472,1.1784926538956784,1
1.5652438580509145,1.4373506578504092,1.12252363252126,1.090263229965003,1.2947644960127682,1.159645216768088,0.8381467004446593,0.6014167670256413,0.1734042615494882,1.0665231852294461,1
-1.4037834643223788,-0.06556468168733408,-1.1839330414661757,1.090263229965003,-0.2997919427633623,-0.5412933132880401,-1.1931085566160113,0.6014167670256413,0.1734042615494882,-0.5010493760978059,0
1.0964500703077644,1.4373506578504092,-0.030704704472457878,-1.1215044484222225,1.2947644960127682,-0.5412933132880401,0.8381467004446593,0.6014167670256413,0.653050929275062,0.3947063732320524,0
0.7839208784789949,1.4373506578504092,1.12252363252126,1.090263229965003,1.2947644960127682,1.159645216768088,0.8381467004446593,0.6014167670256413,0.9408389299104063,0.5066758418982846,1
-0.15366669700730792,-1.5684800212250773,-1.1839330414661757,-1.1215044484222225,-1.0357410683523456,-1.0272757504469332,-1.1931085566160113,-1.6627404735414788,-1.3614650751723478,-1.2848356567614319,0
-0.15366669700730792,1.4373506578504092,1.12252363252126,1.090263229965003,-0.2997919427633623,1.159645216768088,0.8381467004446593,0.6014167670256413,0.9408389299104063,0.2827369045658201,0
0.7839208784789949,-1.5684800212250773,-1.1839330414661757,-1.1215044484222225,-0.7904246931560178,1.159645216768088,0.8381467004446593,0.6014167670256413,-1.3614650751723478,-0.948927250762735,1
1.4089792621365311,-1.5684800212250773,1.12252363252126,1.090263229965003,0.6814735580219489,0.673662779609194,-1.1931085566160113,0.6014167670256413,-1.3614650751723478,0.3947063732320524,1
0.0025978989070768233,-0.06556468168733408,-0.030704704472457878,-0.015620609228609717,-0.4224501303615262,1.159645216768088,-1.1931085566160113,0.6014167670256413,-0.9777477409918889,-0.7249883134302705,0
-1.8725772520655304,-1.5684800212250773,1.12252363252126,-1.1215044484222225,-0.9130828807541818,-0.29830209470859204,0.8381467004446593,0.6014167670256413,0.5571215957299472,-0.6130188447640381,0
-1.5600480602367621,-0.06556468168733408,-0.030704704472457878,-0.015620609228609717,-0.7904246931560178,-0.055310876129146085,-1.1931085566160113,0.6014167670256413,0.1734042615494882,-0.948927250762735,0
0.15886249482146017,-0.06556468168733408,-1.1839330414661757,-0.015620609228609717,0.5588153704237849,-1.0272757504469332,0.8381467004446593,0.6014167670256413,0.3652629286397177,0.17076743589958782,0
0.0025978989070768233,-0.06556468168733408,-0.030704704472457878,-0.015620609228609717,-1.2810574435486735,-0.5412933132880401,0.8381467004446593,-1.6627404735414788,-1.1696064080821185,-1.2848356567614319,0
1.4089792621365311,1.4373506578504092,-0.030704704472457878,-0.015620609228609717,-0.667766505557854,-0.784284531867486,-1.1931085566160113,-1.6627404735414788,-0.9777477409918889,-1.2848356567614319,0
0.0025978989070768233,-1.5684800212250773,1.12252363252126,-0.015620609228609717,0.6814735580219489,-0.055310876129146085,0.8381467004446593,0.6014167670256413,0.7489802628201767,-1.0608967194289673,1
0.15886249482146017,1.4373506578504092,1.12252363252126,-1.1215044484222225,-0.0544755675670345,-0.055310876129146085,0.8381467004446593,-1.6627404735414788,1.7082735982713242,1.4024315912281429,0
-1.5600480602367621,-0.06556468168733408,-1.1839330414661757,-0.015620609228609717,-0.7904246931560178,-0.784284531867486,-1.1931085566160113,0.6014167670256413,-0.6899597403565446,-1.0608967194289673,0
-0.4661958888360746,-0.06556468168733408,-1.1839330414661757,-0.015620609228609717,-1.771690193941329,0.43067156102974796,-1.1931085566160113,-1.6627404735414788,-1.3614650751723478,-0.16514097009910902,0
0.3151270907358449,-0.06556468168733408,-0.030704704472457878,-1.1215044484222225,-1.526373818745001,0.18768034245030202,0.8381467004446593,-1.6627404735414788,0.3652629286397177,-0.2771104387653413,1
0.0025978989070768233,-0.06556468168733408,1.12252363252126,1.090263229965003,0.5588153704237849,0.673662779609194,0.8381467004446593,0.6014167670256413,1.036768263455521,0.9545537165632137,1
-1.716312656151147,-1.5684800212250773,1.12252363252126,-1.1215044484222225,0.6814735580219489,-0.784284531867486,0.8381467004446593,-1.6627404735414788,-0.4981010732663151,-1.396805125427664,1
-0.30993129292169125,1.4373506578504092,-1.1839330414661757,-0.015620609228609717,0.06818262003112939,-0.055310876129146085,-1.1931085566160113,0.6014167670256413,0.269333595094603,-1.1728661880951996,0
0.47139168665022824,1.4373506578504092,-0.030704704472457878,-1.1215044484222225,0.5588153704237849,0.916653998188642,0.8381467004446593,0.6014167670256413,-0.4981010732663151,1.5144010598943751,1
1.8777730498796839,1.4373506578504092,1.12252363252126,1.090263229965003,0.06818262003112939,0.18768034245030202,0.8381467004446593,0.6014167670256413,-0.4981010732663151,-0.05317150143287675,1
-1.8725772520655304,-1.5684800212250773,-1.1839330414661757,-1.1215044484222225,-0.4224501303615262,0.916653998188642,-1.1931085566160113,0.6014167670256413,-0.9777477409918889,-0.7249883134302705,0
-0.4661958888360746,-0.06556468168733408,-0.030704704472457878,1.090263229965003,-0.1771337551651984,0.916653998188642,-1.1931085566160113,0.6014167670256413,0.07747492800437346,-0.5010493760978059,1
-1.716312656151147,-0.06556468168733408,-0.030704704472457878,-0.015620609228609717,-1.8943483815394928,-1.99924062476472,-1.1931085566160113,0.6014167670256413,-0.6899597403565446,-0.948927250762735,0
0.7839208784789949,-1.5684800212250773,-1.1839330414661757,1.090263229965003,-0.2997919427633623,-0.055310876129146085,-1.1931085566160113,-1.6627404735414788,-0.11438373908585606,-0.7249883134302705,0
-0.4661958888360746,-1.5684800212250773,-1.1839330414661757,-0.015620609228609717,-1.771690193941329,0.916653998188642,-1.1931085566160113,-1.6627404735414788,-1.3614650751723478,-1.8446830000925933,0
0.0025978989070768233,-0.06556468168733408,-1.1839330414661757,-1.1215044484222225,0.31349899522745717,-0.055310876129146085,-1.1931085566160113,0.6014167670256413,-0.8818184074467741,-1.2848356567614319,0
1.0964500703077644,1.4373506578504092,1.12252363252126,1.090263229965003,1.2947644960127682,1.159645216768088,-1.1931085566160113,0.6014167670256413,0.07747492800437346,1.1784926538956784,1
0.0025978989070768233,-1.5684800212250773,-1.1839330414661757,-1.1215044484222225,0.31349899522745717,-0.5412933132880401,-1.1931085566160113,-1.6627404735414788,-1.0736770745370037,-0.3890799074315736,0
0.6276562825646116,-0.06556468168733408,1.12252363252126,1.090263229965003,1.2947644960127682,1.159645216768088,0.8381467004446593,0.6014167670256413,0.7489802628201767,1.4024315912281429,1
0.7839208784789949,-0.06556468168733408,-1.1839330414661757,-0.015620609228609717,0.06818262003112939,-0.055310876129146085,-1.1931085566160113,-1.6627404735414788,0.5571215957299472,-1.1728661880951996,0
-0.9349896765792275,-0.06556468168733408,-1.1839330414661757,1.090263229965003,-1.0357410683523456,-0.29830209470859204,-1.1931085566160113,0.6014167670256413,-1.1696064080821185,-0.3890799074315736,0
0.7839208784789949,1.4373506578504092,1.12252363252126,1.090263229965003,0.19084080762929329,1.159645216768088,0.8381467004446593,0.6014167670256413,1.42048559763598,-1.1728661880951996,0
-0.30993129292169125,-0.06556468168733408,-1.1839330414661757,-1.1215044484222225,-1.0357410683523456,-0.784284531867486,-1.1931085566160113,-1.6627404735414788,-0.5940304068114298,-1.1728661880951996,0
-0.30993129292169125,-0.06556468168733408,1.12252363252126,-0.015620609228609717,0.19084080762929329,0.673662779609194,0.8381467004446593,0.6014167670256413,0.269333595094603,0.618645310564517,0
-1.8725772520655304,-0.06556468168733408,-1.1839330414661757,-1.1215044484222225,-0.0544755675670345,0.18768034245030202,-1.1931085566160113,0.6014167670256413,-1.3614650751723478,-0.6130188447640381,0
1.4089792621365311,1.4373506578504092,1.12252363252126,1.090263229965003,1.2947644960127682,0.43067156102974796,0.8381467004446593,0.6014167670256413,1.42048559763598,0.8425842478969815,1
-1.5600480602367621,-0.06556468168733408,-0.030704704472457878,-1.1215044484222225,-0.4224501303615262,1.159645216768088,0.8381467004446593,0.6014167670256413,-0.9777477409918889,-0.948927250762735,1
0.15886249482146017,-0.06556468168733408,-0.030704704472457878,-1.1215044484222225,-0.9130828807541818,-1.7562494061852731,0.8381467004446593,0.6014167670256413,-0.8818184074467741,-1.1728661880951996,0
1.0964500703077644,1.4373506578504092,1.12252363252126,-0.015620609228609717,0.8041317456201127,0.18768034245030202,0.8381467004446593,0.6014167670256413,-1.1696064080821185,0.618645310564517,1
0.15886249482146017,-0.06556468168733408,-0.030704704472457878,1.090263229965003,-0.4224501303615262,-0.784284531867486,-1.1931085566160113,0.6014167670256413,0.3652629286397177,-1.8446830000925933,0
1.0964500703077644,-0.06556468168733408,1.12252363252126,-1.1215044484222225,1.2947644960127682,0.43067156102974796,0.8381467004446593,0.6014167670256413,-0.9777477409918889,0.8425842478969815,1
1.4089792621365311,1.4373506578504092,1.12252363252126,1.090263229965003,1.2947644960127682,1.159645216768088,0.8381467004446593,0.6014167670256413,1.42048559763598,1.4024315912281429,1
-0.6224604847504593,-0.06556468168733408,-0.030704704472457878,-0.015620609228609717,-1.4037156311468373,0.673662779609194,0.8381467004446593,-1.6627404735414788,0.5571215957299472,0.9545537165632137,0
0.6276562825646116,-0.06556468168733408,-1.1839330414661757,-1.1215044484222225,-2.1396647567358205,-3.214196717661954,-1.1931085566160113,-1.6627404735414788,-1.3614650751723478,-0.8369577820965027,0
0.3151270907358449,1.4373506578504092,1.12252363252126,1.090263229965003,1.0494481208164406,0.673662779609194,0.8381467004446593,-1.6627404735414788,0.9408389299104063,0.5066758418982846,1
1.0964500703077644,1.4373506578504092,1.12252363252126,1.090263229965003,1.2947644960127682,1.159645216768088,0.8381467004446593,0.6014167670256413,0.4611922621848325,1.5144010598943751,1
0.7839208784789949,-0.06556468168733408,1.12252363252126,1.090263229965003,1.2947644960127682,0.916653998188642,0.8381467004446593,0.6014167670256413,0.653050929275062,1.2904621225619106,1
0.3151270907358449,1.4373506578504092,1.12252363252126,1.090263229965003,1.2947644960127682,1.159645216768088,0.8381467004446593,0.6014167670256413,1.3245562640908652,1.5144010598943751,1
0.6276562825646116,1.4373506578504092,1.12252363252126,1.090263229965003,1.2947644960127682,0.916653998188642,0.8381467004446593,0.6014167670256413,0.7489802628201767,1.0665231852294461,1
0.9401854743933811,-0.06556468168733408,-0.030704704472457878,-0.015620609228609717,-0.0544755675670345,-0.29830209470859204,-1.1931085566160113,-1.6627404735414788,-1.3614650751723478,-0.2771104387653413,0
0.9401854743933811,1.4373506578504092,-0.030704704472457878,1.090263229965003,-0.5451083179596901,-1.2702669690263801,-1.1931085566160113,0.6014167670256413,0.1734042615494882,-0.948927250762735,0
0.9401854743933811,-0.06556468168733408,1.12252363252126,1.090263229965003,1.1721063084146044,-2.2422318433441673,0.8381467004446593,0.6014167670256413,0.7489802628201767,1.1784926538956784,1
-0.15366669700730792,-0.06556468168733408,-1.1839330414661757,-0.015620609228609717,-0.2997919427633623,1.159645216768088,-1.1931085566160113,0.6014167670256413,-0.5940304068114298,-0.7249883134302705,0
0.15886249482146017,-0.06556468168733408,1.12252363252126,-1.1215044484222225,1.0494481208164406,1.159645216768088,0.8381467004446593,0.6014167670256413,0.07747492800437346,0.3947063732320524,1
-1.8725772520655304,-0.06556468168733408,-1.1839330414661757,-0.015620609228609717,-0.667766505557854,-1.2702669690263801,-1.1931085566160113,-1.6627404735414788,-0.0184544055407413,-1.1728661880951996,0
1.0964500703077644,-0.06556468168733408,1.12252363252126,1.090263229965003,1.2947644960127682,-0.29830209470859204,0.8381467004446593,0.6014167670256413,1.9001322653615538,1.5144010598943751,1
-1.5600480602367621,-0.06556468168733408,-1.1839330414661757,-1.1215044484222225,-1.0357410683523456,-0.055310876129146085,-1.1931085566160113,0.6014167670256413,-1.1696064080821185,-1.6207440627601286,1
0.15886249482146017,1.4373506578504092,-1.1839330414661757,-0.015620609228609717,-0.1771337551651984,-0.5412933132880401,0.8381467004446593,0.6014167670256413,-0.6899597403565446,-1.5087745940938964,1
-0.30993129292169125,-0.06556468168733408,-1.1839330414661757,2.1961470691586156,-0.0544755675670345,0.43067156102974796,0.8381467004446593,-1.6627404735414788,-1.265535741627233,-0.3890799074315736,0
0.7839208784789949,1.4373506578504092,1.12252363252126,1.090263229965003,0.9267899332182766,0.916653998188642,0.8381467004446593,-1.6627404735414788,1.9960615989066686,-0.948927250762735,1
0.9401854743933811,-0.06556468168733408,1.12252363252126,-0.015620609228609717,1.2947644960127682,1.159645216768088,0.8381467004446593,0.6014167670256413,0.07747492800437346,0.5066758418982846,1
-0.7787250806648427,-0.06556468168733408,-0.030704704472457878,-1.1215044484222225,0.43615718282562105,0.43067156102974796,-1.1931085566160113,0.6014167670256413,0.4611922621848325,-0.6130188447640381,0
-0.30993129292169125,-1.5684800212250773,-1.1839330414661757,-1.1215044484222225,-1.0357410683523456,-1.2702669690263801,-1.1931085566160113,0.6014167670256413,-0.9777477409918889,-0.6130188447640381,0
-1.8725772520655304,-0.06556468168733408,-0.030704704472457878,-1.1215044484222225,-1.1583992559505094,-0.784284531867486,-1.1931085566160113,0.6014167670256413,-0.11438373908585606,-0.948927250762735,0
1.0964500703077644,-1.5684800212250773,1.12252363252126,1.090263229965003,1.2947644960127682,1.159645216768088,0.8381467004446593,0.6014167670256413,0.5571215957299472,0.9545537165632137,1
0.7839208784789949,1.4373506578504092,1.12252363252126,1.090263229965003,1.2947644960127682,1.159645216768088,0.8381467004446593,-1.6627404735414788,0.653050929275062,1.5144010598943751,1
1.8777730498796839,1.4373506578504092,-1.1839330414661757,1.090263229965003,1.2947644960127682,-1.513258187605826,0.8381467004446593,0.6014167670256413,-0.6899597403565446,-0.6130188447640381,1
0.7839208784789949,-0.06556468168733408,-0.030704704472457878,-1.1215044484222225,0.19084080762929329,0.18768034245030202,-1.1931085566160113,0.6014167670256413,-1.3614650751723478,-1.396805125427664,0
1.0964500703077644,-0.06556468168733408,-1.1839330414661757,-1.1215044484222225,-0.9130828807541818,0.673662779609194,0.8381467004446593,0.6014167670256413,0.7489802628201767,-1.6207440627601286,1
1.4089792621365311,-0.06556468168733408,1.12252363252126,-1.1215044484222225,1.1721063084146044,0.916653998188642,0.8381467004446593,0.6014167670256413,0.269333595094603,1.1784926538956784,1
-1.5600480602367621,-1.5684800212250773,-0.030704704472457878,-1.1215044484222225,-0.667766505557854,-0.29830209470859204,0.8381467004446593,0.6014167670256413,-1.3614650751723478,-0.7249883134302705,0
-0.30993129292169125,-0.06556468168733408,1.12252363252126,-1.1215044484222225,0.5588153704237849,-0.5412933132880401,0.8381467004446593,0.6014167670256413,1.2286269305457505,0.8425842478969815,0
-0.15366669700730792,-0.06556468168733408,-0.030704704472457878,-1.1215044484222225,0.06818262003112939,-1.513258187605826,-1.1931085566160113,0.6014167670256413,-0.0184544055407413,-1.2848356567614319,0
0.3151270907358449,1.4373506578504092,-1.1839330414661757,-1.1215044484222225,1.0494481208164406,0.43067156102974796,0.8381467004446593,0.6014167670256413,0.3652629286397177,0.3947063732320524,0
-1.8725772520655304,-0.06556468168733408,-1.1839330414661757,-1.1215044484222225,-1.1583992559505094,-0.29830209470859204,-1.1931085566160113,-1.6627404735414788,-1.3614650751723478,-1.732713531426361,0
-1.8725772520655304,-0.06556468168733408,-1.1839330414661757,-0.015620609228609717,-1.0357410683523456,-1.513258187605826,-1.1931085566160113,0.6014167670256413,-0.21031307263097082,-1.1728661880951996,0
0.3151270907358449,1.4373506578504092,-1.1839330414661757,1.090263229965003,1.0494481208164406,-1.7562494061852731,-1.1931085566160113,-1.6627404735414788,0.3652629286397177,-0.948927250762735,0
-0.30993129292169125,-0.06556468168733408,-0.030704704472457878,-1.1215044484222225,-1.1583992559505094,-1.513258187605826,-1.1931085566160113,0.6014167670256413,-1.3614650751723478,-0.948927250762735,0
0.0025978989070768233,-0.06556468168733408,1.12252363252126,2.1961470691586156,0.31349899522745717,0.18768034245030202,0.8381467004446593,0.6014167670256413,0.653050929275062,1.0665231852294461,1
-0.15366669700730792,-1.5684800212250773,-1.1839330414661757,-0.015620609228609717,-0.4224501303615262,-1.0272757504469332,-1.1931085566160113,0.6014167670256413,-1.3614650751723478,-0.2771104387653413,0
1.0964500703077644,1.4373506578504092,1.12252363252126,1.090263229965003,1.2947644960127682,1.159645216768088,0.8381467004446593,0.6014167670256413,1.036768263455521,1.0665231852294461,1
0.47139168665022824,-0.06556468168733408,-1.1839330414661757,-1.1215044484222225,-0.0544755675670345,-1.2702669690263801,-1.1931085566160113,-1.6627404735414788,-1.3614650751723478,-0.948927250762735,0
-0.6224604847504593,-0.06556468168733408,-0.030704704472457878,-0.015620609228609717,-1.4037156311468373,-1.0272757504469332,-1.1931085566160113,-1.6627404735414788,-1.265535741627233,-1.0608967194289673,0
0.7839208784789949,-0.06556468168733408,-0.030704704472457878,-0.015620609228609717,1.2947644960127682,0.916653998188642,0.8381467004446593,0.6014167670256413,0.653050929275062,0.618645310564517,1
-0.30993129292169125,1.4373506578504092,1.12252363252126,-1.1215044484222225,-1.2810574435486735,-1.0272757504469332,0.8381467004446593,0.6014167670256413,0.653050929275062,1.2904621225619106,0
0.0025978989070768233,-0.06556468168733408,-1.1839330414661757,-0.015620609228609717,-1.1583992559505094,-0.5412933132880401,-1.1931085566160113,-1.6627404735414788,-1.1696064080821185,-0.3890799074315736,0
-1.8725772520655304,1.4373506578504092,-1.1839330414661757,1.090263229965003,-0.7904246931560178,-0.29830209470859204,-1.1931085566160113,-1.6627404735414788,0.4611922621848325,-1.732713531426361,0
-1.716312656151147,-1.5684800212250773,-1.1839330414661757,-0.015620609228609717,-0.2997919427633623,-0.055310876129146085,0.8381467004446593,0.6014167670256413,1.2286269305457505,-0.948927250762735,0
0.47139168665022824,-0.06556468168733408,1.12252363252126,1.090263229965003,1.2947644960127682,0.916653998188642,0.8381467004446593,0.6014167670256413,0.269333595094603,1.0665231852294461,0
-0.6224604847504593,-0.06556468168733408,-1.1839330414661757,-0.015620609228609717,-0.5451083179596901,-1.513258187605826,-1.1931085566160113,0.6014167670256413,-1.3614650751723478,-0.05317150143287675,0
1.4089792621365311,-0.06556468168733408,1.12252363252126,-0.015620609228609717,0.6814735580219489,1.159645216768088,0.8381467004446593,-1.6627404735414788,0.3652629286397177,1.2904621225619106,0
1.0964500703077644,-0.06556468168733408,-1.1839330414661757,1.090263229965003,0.43615718282562105,0.43067156102974796,0.8381467004446593,0.6014167670256413,-0.11438373908585606,0.9545537165632137,0
0.6276562825646116,-0.06556468168733408,-0.030704704472457878,-1.1215044484222225,0.8041317456201127,1.159645216768088,-1.1931085566160113,0.6014167670256413,1.2286269305457505,-1.2848356567614319,0
0.6276562825646116,-0.06556468168733408,1.12252363252126,-0.015620609228609717,1.0494481208164406,0.18768034245030202,-1.1931085566160113,0.6014167670256413,0.7489802628201767,1.4024315912281429,1
-0.6224604847504593,-0.06556468168733408,-1.1839330414661757,-1.1215044484222225,-1.771690193941329,-2.485223061923614,-1.1931085566160113,0.6014167670256413,-0.7858890739016593,-0.05317150143287675,0
0.47139168665022824,-0.06556468168733408,-0.030704704472457878,-0.015620609228609717,0.06818262003112939,-2.2422318433441673,0.8381467004446593,0.6014167670256413,0.653050929275062,0.8425842478969815,0
0.7839208784789949,-0.06556468168733408,1.12252363252126,1.090263229965003,1.2947644960127682,1.159645216768088,0.8381467004446593,0.6014167670256413,1.5164149311810948,1.5144010598943751,1
-1.5600480602367621,-0.06556468168733408,-0.030704704472457878,-0.015620609228609717,-0.667766505557854,1.159645216768088,0.8381467004446593,0.6014167670256413,0.269333595094603,-1.1728661880951996,1
0.7839208784789949,-1.5684800212250773,1.12252363252126,2.1961470691586156,1.2947644960127682,0.673662779609194,0.8381467004446593,0.6014167670256413,0.5571215957299472,1.0665231852294461,1
0.0025978989070768233,-1.5684800212250773,1.12252363252126,-1.1215044484222225,1.1721063084146044,-0.29830209470859204,0.8381467004446593,-1.6627404735414788,1.1326975970006357,1.1784926538956784,0
-0.30993129292169125,-0.06556468168733408,-1.1839330414661757,-1.1215044484222225,-0.1771337551651984,-0.5412933132880401,-1.1931085566160113,-1.6627404735414788,-1.3614650751723478,-0.8369577820965027,0
-1.5600480602367621,-0.06556468168733408,-0.030704704472457878,-0.015620609228609717,-2.3849811319321486,-0.5412933132880401,-1.1931085566160113,-1.6627404735414788,-1.3614650751723478,-0.5010493760978059,0
-0.30993129292169125,-0.06556468168733408,-0.030704704472457878,-1.1215044484222225,0.06818262003112939,-1.0272757504469332,-1.1931085566160113,0.6014167670256413,-0.7858890739016593,-0.7249883134302705,0
-1.4037834643223788,-0.06556468168733408,-0.030704704472457878,-1.1215044484222225,-0.667766505557854,-1.0272757504469332,-1.1931085566160113,-1.6627404735414788,-1.3614650751723478,-1.396805125427664,0
-0.7787250806648427,-0.06556468168733408,1.12252363252126,-1.1215044484222225,-0.2997919427633623,0.673662779609194,-1.1931085566160113,0.6014167670256413,0.5571215957299472,0.058797967233355536,0
-0.30993129292169125,-0.06556468168733408,-1.1839330414661757,-0.015620609228609717,-1.4037156311468373,0.673662779609194,0.8381467004446593,0.6014167670256413,-0.9777477409918889,-1.0608967194289673,0
1.2527146662221478,1.4373506578504092,1.12252363252126,1.090263229965003,0.19084080762929329,0.43067156102974796,0.8381467004446593,0.6014167670256413,0.8449095963652915,1.0665231852294461,1
0.47139168665022824,-1.5684800212250773,1.12252363252126,1.090263229965003,0.6814735580219489,0.916653998188642,0.8381467004446593,0.6014167670256413,1.3245562640908652,1.2904621225619106,1
1.2527146662221478,-0.06556468168733408,1.12252363252126,-0.015620609228609717,-0.9130828807541818,-0.5412933132880401,0.8381467004446593,0.6014167670256413,0.269333595094603,1.4024315912281429,1
1.2527146662221478,-1.5684800212250773,-1.1839330414661757,-1.1215044484222225,-0.7904246931560178,0.673662779609194,0.8381467004446593,0.6014167670256413,-0.0184544055407413,-1.2848356567614319,0
0.9401854743933811,-0.06556468168733408,-0.030704704472457878,1.090263229965003,0.9267899332182766,-0.055310876129146085,0.8381467004446593,0.6014167670256413,1.1326975970006357,1.5144010598943751,1
0.15886249482146017,-0.06556468168733408,-0.030704704472457878,1.090263229965003,-0.2997919427633623,1.159645216768088,0.8381467004446593,0.6014167670256413,1.5164149311810948,1.4024315912281429,1
0.7839208784789949,1.4373506578504092,1.12252363252126,1.090263229965003,1.2947644960127682,1.159645216768088,0.8381467004446593,-1.6627404735414788,1.3245562640908652,1.2904621225619106,1
0.7839208784789949,1.4373506578504092,1.12252363252126,1.090263229965003,0.6814735580219489,1.159645216768088,0.8381467004446593,-1.6627404735414788,0.8449095963652915,0.8425842478969815,1
-0.4661958888360746,-0.06556468168733408,-1.1839330414661757,-0.015620609228609717,-0.2997919427633623,-0.5412933132880401,0.8381467004446593,0.6014167670256413,0.3652629286397177,-0.05317150143287675,0
0.47139168665022824,-0.06556468168733408,-0.030704704472457878,1.090263229965003,0.9267899332182766,1.159645216768088,0.8381467004446593,0.6014167670256413,1.9960615989066686,-0.7249883134302705,1
-0.30993129292169125,-0.06556468168733408,-1.1839330414661757,-1.1215044484222225,-0.9130828807541818,-0.5412933132880401,-1.1931085566160113,0.6014167670256413,-1.3614650751723478,-1.2848356567614319,0
1.4089792621365311,-1.5684800212250773,-1.1839330414661757,-0.015620609228609717,1.0494481208164406,-0.29830209470859204,0.8381467004446593,0.6014167670256413,1.1326975970006357,-0.8369577820965027,0
-1.8725772520655304,1.4373506578504092,-1.1839330414661757,-0.015620609228609717,-0.2997919427633623,-0.29830209470859204,0.8381467004446593,0.6014167670256413,-1.0736770745370037,-1.1728661880951996,0
0.7839208784789949,1.4373506578504092,1.12252363252126,1.090263229965003,0.8041317456201127,0.43067156102974796,0.8381467004446593,0.6014167670256413,1.7082735982713242,-1.2848356567614319,1
0.15886249482146017,-0.06556468168733408,1.12252363252126,1.090263229965003,0.31349899522745717,-0.29830209470859204,-1.1931085566160113,0.6014167670256413,1.5164149311810948,-0.6130188447640381,1
-0.30993129292169125,-0.06556468168733408,-0.030704704472457878,-1.1215044484222225,-1.771690193941329,-0.5412933132880401,-1.1931085566160113,0.6014167670256413,-1.3614650751723478,-0.6130188447640381,0
1.2527146662221478,-1.5684800212250773,1.12252363252126,-1.1215044484222225,1.2947644960127682,1.159645216768088,0.8381467004446593,0.6014167670256413,-1.3614650751723478,1.2904621225619106,1
-0.30993129292169125,-0.06556468168733408,-0.030704704472457878,-0.015620609228609717,-0.2997919427633623,-1.513258187605826,-1.1931085566160113,0.6014167670256413,-1.3614650751723478,-0.5010493760978059,0
1.2527146662221478,-1.5684800212250773,1.12252363252126,-1.1215044484222225,1.1721063084146044,0.916653998188642,0.8381467004446593,0.6014167670256413,1.3245562640908652,0.618645310564517,1
-1.5600480602367621,-0.06556468168733408,-1.1839330414661757,-1.1215044484222225,-0.7904246931560178,-1.99924062476472,0.8381467004446593,0.6014167670256413,-1.3614650751723478,-1.2848356567614319,0
0.47139168665022824,1.4373506578504092,1.12252363252126,1.090263229965003,1.2947644960127682,1.159645216768088,0.8381467004446593,0.6014167670256413,0.3652629286397177,1.5144010598943751,0
-0.30993129292169125,-0.06556468168733408,-1.1839330414661757,-1.1215044484222225,-1.0357410683523456,-1.513258187605826,-1.1931085566160113,0.6014167670256413,0.3652629286397177,-0.3890799074315736,0
1.0964500703077644,-0.06556468168733408,1.12252363252126,-0.015620609228609717,-0.1771337551651984,0.18768034245030202,-1.1931085566160113,-1.6627404735414788,-0.0184544055407413,-0.16514097009910902,0
-0.15366669700730792,-0.06556468168733408,-0.030704704472457878,-1.1215044484222225,-0.9130828807541818,-0.5412933132880401,-1.1931085566160113,0.6014167670256413,-0.8818184074467741,-1.1728661880951996,0
0.0025978989070768233,-1.5684800212250773,1.12252363252126,-0.015620609228609717,0.31349899522745717,-0.5412933132880401,-1.1931085566160113,0.6014167670256413,1.2286269305457505,1.5144010598943751,1
1.2527146662221478,-0.06556468168733408,-0.030704704472457878,1.090263229965003,0.6814735580219489,1.159645216768088,0.8381467004446593,0.6014167670256413,1.804202931816439,1.5144010598943751,1
-1.716312656151147,1.4373506578504092,1.12252363252126,1.090263229965003,1.2947644960127682,1.159645216768088,0.8381467004446593,0.6014167670256413,-0.5940304068114298,0.9545537165632137,1
-1.8725772520655304,-0.06556468168733408,1.12252363252126,-0.015620609228609717,-0.0544755675670345,-1.99924062476472,-1.1931085566160113,0.6014167670256413,0.5571215957299472,-0.2771104387653413,0
-0.4661958888360746,-0.06556468168733408,-1.1839330414661757,-1.1215044484222225,0.19084080762929329,-0.784284531867486,-1.1931085566160113,0.6014167670256413,-1.1696064080821185,-1.1728661880951996,0
-0.4661958888360746,-1.5684800212250773,1.12252363252126,-1.1215044484222225,1.2947644960127682,0.673662779609194,-1.1931085566160113,-1.6627404735414788,-0.4021717397212003,-0.5010493760978059,0
1.5652438580509145,-0.06556468168733408,1.12252363252126,-1.1215044484222225,1.2947644960127682,0.43067156102974796,0.8381467004446593,0.6014167670256413,1.2286269305457505,1.1784926538956784,1
0.15886249482146017,-0.06556468168733408,-0.030704704472457878,-1.1215044484222225,-0.2997919427633623,-0.29830209470859204,-1.1931085566160113,0.6014167670256413,0.9408389299104063,-0.5010493760978059,1
0.9401854743933811,1.4373506578504092,1.12252363252126,1.090263229965003,1.2947644960127682,0.916653998188642,-1.1931085566160113,0.6014167670256413,0.1734042615494882,-0.16514097009910902,1
-0.7787250806648427,-0.06556468168733408,1.12252363252126,-1.1215044484222225,-1.4037156311468373,0.18768034245030202,-1.1931085566160113,-1.6627404735414788,1.42048559763598,0.8425842478969815,0
-0.15366669700730792,-0.06556468168733408,-0.030704704472457878,-0.015620609228609717,1.2947644960127682,-1.2702669690263801,0.8381467004446593,0.6014167670256413,0.4611922621848325,1.2904621225619106,0
1.5652438580509145,1.4373506578504092,1.12252363252126,1.090263229965003,1.0494481208164406,1.159645216768088,0.8381467004446593,0.6014167670256413,0.269333595094603,1.5144010598943751,1
-1.0912542724936107,-0.06556468168733408,-0.030704704472457878,-1.1215044484222225,-0.9130828807541818,-0.5412933132880401,-1.1931085566160113,0.6014167670256413,0.1734042615494882,-0.16514097009910902,0
1.2527146662221478,1.4373506578504092,1.12252363252126,1.090263229965003,1.2947644960127682,1.159645216768088,0.8381467004446593,0.6014167670256413,1.1326975970006357,1.1784926538956784,1
0.6276562825646116,-0.06556468168733408,-0.030704704472457878,-1.1215044484222225,-0.0544755675670345,-0.055310876129146085,-1.1931085566160113,0.6014167670256413,-1.3614650751723478,-0.8369577820965027,0
-1.716312656151147,-0.06556468168733408,-0.030704704472457878,-1.1215044484222225,-0.0544755675670345,0.18768034245030202,-1.1931085566160113,0.6014167670256413,-0.30624240617608556,-0.7249883134302705,0
0.7839208784789949,-0.06556468168733408,1.12252363252126,1.090263229965003,1.1721063084146044,1.159645216768088,0.8381467004446593,0.6014167670256413,0.7489802628201767,0.9545537165632137,1
-1.8725772520655304,-0.06556468168733408,-0.030704704472457878,-1.1215044484222225,-0.5451083179596901,-0.784284531867486,-1.1931085566160113,-1.6627404735414788,-1.0736770745370037,-0.3890799074315736,0
0.15886249482146017,-0.06556468168733408,-1.1839330414661757,-1.1215044484222225,-0.0544755675670345,-1.2702669690263801,0.8381467004446593,0.6014167670256413,-1.0736770745370037,-1.5087745940938964,0
0.9401854743933811,-0.06556468168733408,-1.1839330414661757,-0.015620609228609717,-1.1583992559505094,-0.055310876129146085,-1.1931085566160113,-1.6627404735414788,-1.0736770745370037,-0.8369577820965027,0
-0.4661958888360746,-0.06556468168733408,-0.030704704472457878,-0.015620609228609717,-0.5451083179596901,-0.784284531867486,-1.1931085566160113,0.6014167670256413,-1.265535741627233,-0.7249883134302705,0
-0.9349896765792275,-1.5684800212250773,-1.1839330414661757,-0.015620609228609717,-1.0357410683523456,-0.784284531867486,-1.1931085566160113,0.6014167670256413,-1.265535741627233,-1.1728661880951996,0
1.2527146662221478,-0.06556468168733408,1.12252363252126,1.090263229965003,1.2947644960127682,0.916653998188642,0.8381467004446593,0.6014167670256413,1.036768263455521,0.618645310564517,1
-1.4037834643223788,-0.06556468168733408,-1.1839330414661757,-1.1215044484222225,-0.2997919427633623,-0.29830209470859204,0.8381467004446593,0.6014167670256413,-0.4981010732663151,-1.1728661880951996,0
0.7839208784789949,-0.06556468168733408,-0.030704704472457878,-0.015620609228609717,-0.0544755675670345,0.18768034245030202,0.8381467004446593,0.6014167670256413,1.3245562640908652,-1.0608967194289673,1
0.9401854743933811,-1.5684800212250773,1.12252363252126,1.090263229965003,-0.1771337551651984,-0.5412933132880401,0.8381467004446593,0.6014167670256413,-0.4021717397212003,-1.0608967194289673,1
-1.0912542724936107,1.4373506578504092,-0.030704704472457878,-0.015620609228609717,-0.667766505557854,-0.055310876129146085,-1.1931085566160113,0.6014167670256413,-1.3614650751723478,0.9545537165632137,0
1.5652438580509145,-0.06556468168733408,1.12252363252126,1.090263229965003,0.6814735580219489,1.159645216768088,0.8381467004446593,0.6014167670256413,0.5571215957299472,1.1784926538956784,1
1.2527146662221478,-0.06556468168733408,-0.030704704472457878,-1.1215044484222225,-0.7904246931560178,-0.29830209470859204,-1.1931085566160113,0.6014167670256413,-1.3614650751723478,-1.5087745940938964,0
0.15886249482146017,-0.06556468168733408,1.12252363252126,1.090263229965003,-0.2997919427633623,-0.29830209470859204,0.8381467004446593,-1.6627404735414788,0.7489802628201767,0.8425842478969815,0
-1.4037834643223788,-0.06556468168733408,-0.030704704472457878,-0.015620609228609717,-1.4037156311468373,-0.055310876129146085,-1.1931085566160113,0.6014167670256413,-0.4981010732663151,-0.6130188447640381,0
0.9401854743933811,1.4373506578504092,-0.030704704472457878,-0.015620609228609717,0.9267899332182766,0.43067156102974796,0.8381467004446593,0.6014167670256413,1.2286269305457505,0.618645310564517,0
1.0964500703077644,1.4373506578504092,1.12252363252126,1.090263229965003,1.2947644960127682,0.916653998188642,0.8381467004446593,0.6014167670256413,0.3652629286397177,1.5144010598943751,1
-0.15366669700730792,1.4373506578504092,1.12252363252126,2.1961470691586156,-0.2997919427633623,-0.5412933132880401,-1.1931085566160113,0.6014167670256413,0.653050929275062,-1.9566524687588256,1
-1.8725772520655304,-1.5684800212250773,-0.030704704472457878,-1.1215044484222225,-1.2810574435486735,-1.7562494061852731,-1.1931085566160113,0.6014167670256413,-1.3614650751723478,0.058797967233355536,0
1.2527146662221478,-0.06556468168733408,1.12252363252126,1.090263229965003,0.9267899332182766,0.18768034245030202,0.8381467004446593,0.6014167670256413,1.2286269305457505,0.8425842478969815,1
0.7839208784789949,-1.5684800212250773,1.12252363252126,1.090263229965003,1.2947644960127682,0.43067156102974796,0.8381467004446593,0.6014167670256413,1.1326975970006357,1.1784926538956784,1
0.15886249482146017,-0.06556468168733408,1.12252363252126,1.090263229965003,0.31349899522745717,1.159645216768088,0.8381467004446593,-1.6627404735414788,0.8449095963652915,0.2827369045658201,1
1.0964500703077644,1.4373506578504092,-1.1839330414661757,1.090263229965003,0.19084080762929329,0.916653998188642,0.8381467004446593,0.6014167670256413,0.7489802628201767,0.8425842478969815,0
-0.30993129292169125,-0.06556468168733408,-1.1839330414661757,-1.1215044484222225,0.31349899522745717,-1.7562494061852731,-1.1931085566160113,0.6014167670256413,-0.30624240617608556,-1.0608967194289673,0
-0.15366669700730792,-0.06556468168733408,-2.3371613784598937,-0.015620609228609717,-0.5451083179596901,1.159645216768088,0.8381467004446593,0.6014167670256413,1.3245562640908652,0.618645310564517,1
0.7839208784789949,1.4373506578504092,-1.1839330414661757,1.090263229965003,1.2947644960127682,1.159645216768088,0.8381467004446593,-1.6627404735414788,0.3652629286397177,-0.5010493760978059,0
0.9401854743933811,-0.06556468168733408,-1.1839330414661757,2.1961470691586156,-0.4224501303615262,-0.29830209470859204,-1.1931085566160113,0.6014167670256413,-1.265535741627233,0.9545537165632137,0
-0.4661958888360746,-0.06556468168733408,-0.030704704472457878,-0.015620609228609717,-1.526373818745001,-0.29830209470859204,-1.1931085566160113,0.6014167670256413,-1.0736770745370037,-1.1728661880951996,0
0.9401854743933811,1.4373506578504092,1.12252363252126,-1.1215044484222225,0.9267899332182766,1.159645216768088,0.8381467004446593,0.6014167670256413,-0.9777477409918889,1.0665231852294461,1
-0.7787250806648427,-1.5684800212250773,-1.1839330414661757,-1.1215044484222225,-1.1583992559505094,-1.99924062476472,-1.1931085566160113,-1.6627404735414788,-1.0736770745370037,-0.6130188447640381,0
-0.30993129292169125,1.4373506578504092,-1.1839330414661757,1.090263229965003,0.8041317456201127,0.673662779609194,-1.1931085566160113,0.6014167670256413,1.2286269305457505,0.9545537165632137,1
-0.30993129292169125,-1.5684800212250773,1.12252363252126,-0.015620609228609717,-0.2997919427633623,1.159645216768088,0.8381467004446593,0.6014167670256413,0.5571215957299472,0.9545537165632137,0
0.0025978989070768233,-1.5684800212250773,1.12252363252126,-0.015620609228609717,-1.4037156311468373,0.18768034245030202,0.8381467004446593,-1.6627404735414788,-0.6899597403565446,-1.396805125427664,0
-0.15366669700730792,1.4373506578504092,1.12252363252126,1.090263229965003,1.2947644960127682,1.159645216768088,0.8381467004446593,0.6014167670256413,0.5571215957299472,1.2904621225619106,1
0.9401854743933811,1.4373506578504092,-0.030704704472457878,-1.1215044484222225,1.1721063084146044,1.159645216768088,0.8381467004446593,0.6014167670256413,1.3245562640908652,0.7306147792307492,1
-1.716312656151147,-1.5684800212250773,-0.030704704472457878,-0.015620609228609717,-2.017006569137657,-0.5412933132880401,-1.1931085566160113,-1.6627404735414788,-1.1696064080821185,-1.396805125427664,0
-0.30993129292169125,-0.06556468168733408,-0.030704704472457878,1.090263229965003,-1.0357410683523456,-0.5412933132880401,-1.1931085566160113,0.6014167670256413,0.269333595094603,0.9545537165632137,1
-0.9349896765792275,-0.06556468168733408,-1.1839330414661757,-1.1215044484222225,-0.667766505557854,0.673662779609194,0.8381467004446593,-1.6627404735414788,-1.3614650751723478,0.058797967233355536,0
0.15886249482146017,1.4373506578504092,1.12252363252126,-1.1215044484222225,0.8041317456201127,0.673662779609194,0.8381467004446593,0.6014167670256413,0.4611922621848325,1.2904621225619106,1
-1.8725772520655304,-0.06556468168733408,1.12252363252126,-1.1215044484222225,0.31349899522745717,0.916653998188642,0.8381467004446593,0.6014167670256413,-1.3614650751723478,0.8425842478969815,1
-0.15366669700730792,-1.5684800212250773,-1.1839330414661757,-0.015620609228609717,-1.4037156311468373,-0.5412933132880401,-1.1931085566160113,-1.6627404735414788,-0.5940304068114298,-1.1728661880951996,0
-1.5600480602367621,-1.5684800212250773,-1.1839330414661757,-1.1215044484222225,0.06818262003112939,-2.971205499082507,-1.1931085566160113,0.6014167670256413,-1.3614650751723478,-1.2848356567614319,0
-1.4037834643223788,-0.06556468168733408,-1.1839330414661757,-1.1215044484222225,-2.3849811319321486,-1.513258187605826,-1.1931085566160113,-1.6627404735414788,-0.4981010732663151,-1.1728661880951996,0
0.9401854743933811,1.4373506578504092,1.12252363252126,1.090263229965003,1.2947644960127682,1.159645216768088,0.8381467004446593,0.6014167670256413,1.6123442647262096,1.1784926538956784,1
1.7215084539653005,1.4373506578504092,1.12252363252126,1.090263229965003,1.2947644960127682,1.159645216768088,0.8381467004446593,0.6014167670256413,-0.30624240617608556,1.1784926538956784,1
-0.30993129292169125,-0.06556468168733408,-0.030704704472457878,-1.1215044484222225,-0.7904246931560178,0.18768034245030202,-1.1931085566160113,-1.6627404735414788,-0.30624240617608556,1.0665231852294461,0
-0.15366669700730792,-0.06556468168733408,-0.030704704472457878,-1.1215044484222225,-0.7904246931560178,-1.2702669690263801,-1.1931085566160113,0.6014167670256413,0.653050929275062,-1.1728661880951996,0
0.7839208784789949,1.4373506578504092,1.12252363252126,1.090263229965003,1.2947644960127682,0.916653998188642,0.8381467004446593,0.6014167670256413,0.8449095963652915,1.0665231852294461,1
0.7839208784789949,-0.06556468168733408,1.12252363252126,-0.015620609228609717,-0.1771337551651984,-0.784284531867486,-1.1931085566160113,0.6014167670256413,-1.0736770745370037,1.1784926538956784,1
0.0025978989070768233,-1.5684800212250773,-0.030704704472457878,-1.1215044484222225,-0.667766505557854,-0.29830209470859204,-1.1931085566160113,0.6014167670256413,-1.3614650751723478,-0.3890799074315736,0
-0.4661958888360746,-0.06556468168733408,1.12252363252126,-1.1215044484222225,0.19084080762929329,-1.513258187605826,0.8381467004446593,0.6014167670256413,-0.0184544055407413,-0.05317150143287675,0
0.6276562825646116,1.4373506578504092,-1.1839330414661757,-1.1215044484222225,0.31349899522745717,0.18768034245030202,-1.1931085566160113,-1.6627404735414788,-1.3614650751723478,-0.16514097009910902,0
0.15886249482146017,-0.06556468168733408,-1.1839330414661757,-1.1215044484222225,-0.1771337551651984,-0.784284531867486,-1.1931085566160113,-1.6627404735414788,-0.30624240617608556,0.058797967233355536,0
-0.15366669700730792,-1.5684800212250773,-1.1839330414661757,-1.1215044484222225,-1.2810574435486735,-2.2422318433441673,-1.1931085566160113,-1.6627404735414788,-0.8818184074467741,-0.05317150143287675,0
0.7839208784789949,-0.06556468168733408,-0.030704704472457878,1.090263229965003,0.8041317456201127,-0.29830209470859204,0.8381467004446593,0.6014167670256413,0.3652629286397177,-0.16514097009910902,0
-0.15366669700730792,1.4373506578504092,-0.030704704472457878,1.090263229965003,-0.0544755675670345,1.159645216768088,0.8381467004446593,0.6014167670256413,0.653050929275062,0.8425842478969815,1
0.9401854743933811,-0.06556468168733408,-0.030704704472457878,1.090263229965003,0.8041317456201127,1.159645216768088,0.8381467004446593,0.6014167670256413,-1.0736770745370037,-0.2771104387653413,1
-1.4037834643223788,-1.5684800212250773,-0.030704704472457878,-0.015620609228609717,-1.0357410683523456,-0.784284531867486,-1.1931085566160113,-1.6627404735414788,-1.0736770745370037,-0.5010493760978059,0
0.0025978989070768233,1.4373506578504092,-1.1839330414661757,-0.015620609228609717,-1.8943483815394928,-0.29830209470859204,-1.1931085566160113,0.6014167670256413,-1.3614650751723478,0.3947063732320524,0
-0.4661958888360746,-0.06556468168733408,-1.1839330414661757,-1.1215044484222225,-1.526373818745001,-1.513258187605826,-1.1931085566160113,0.6014167670256413,-0.7858890739016593,-1.5087745940938964,0
0.15886249482146017,-0.06556468168733408,-1.1839330414661757,-0.015620609228609717,-0.9130828807541818,-0.29830209470859204,-1.1931085566160113,0.6014167670256413,-1.0736770745370037,-0.7249883134302705,0
0.15886249482146017,-0.06556468168733408,-1.1839330414661757,-0.015620609228609717,0.31349899522745717,-1.0272757504469332,-1.1931085566160113,0.6014167670256413,0.4611922621848325,-0.16514097009910902,0
-1.8725772520655304,-1.5684800212250773,-1.1839330414661757,-1.1215044484222225,0.06818262003112939,-0.055310876129146085,-1.1931085566160113,-1.6627404735414788,-0.7858890739016593,-1.6207440627601286,0
0.7839208784789949,1.4373506578504092,1.12252363252126,1.090263229965003,0.9267899332182766,1.159645216768088,0.8381467004446593,0.6014167670256413,0.7489802628201767,1.2904621225619106,1
0.0025978989070768233,-0.06556468168733408,-1.1839330414661757,-1.1215044484222225,-2.3849811319321486,-0.055310876129146085,-1.1931085566160113,-1.6627404735414788,-1.1696064080821185,-0.5010493760978059,0
-0.15366669700730792,-1.5684800212250773,-0.030704704472457878,-1.1215044484222225,-0.0544755675670345,-1.2702669690263801,-1.1931085566160113,0.6014167670256413,-1.3614650751723478,-1.2848356567614319,0
1.0964500703077644,1.4373506578504092,1.12252363252126,1.090263229965003,1.2947644960127682,0.18768034245030202,0.8381467004446593,0.6014167670256413,0.4611922621848325,1.5144010598943751,1
-0.15366669700730792,-1.5684800212250773,-0.030704704472457878,-0.015620609228609717,-0.2997919427633623,0.18768034245030202,0.8381467004446593,0.6014167670256413,-0.4981010732663151,-1.2848356567614319,1
1.2527146662221478,-0.06556468168733408,1.12252363252126,1.090263229965003,1.2947644960127682,1.159645216768088,0.8381467004446593,0.6014167670256413,-0.7858890739016593,1.2904621225619106,1
1.0964500703077644,1.4373506578504092,1.12252363252126,-1.1215044484222225,0.5588153704237849,1.159645216768088,0.8381467004446593,0.6014167670256413,0.1734042615494882,0.7306147792307492,0
-0.15366669700730792,-0.06556468168733408,-1.1839330414661757,1.090263229965003,1.2947644960127682,0.18768034245030202,-1.1931085566160113,0.6014167670256413,1.1326975970006357,-0.16514097009910902,0
-0.7787250806648427,-0.06556468168733408,-1.1839330414661757,-1.1215044484222225,-1.1583992559505094,-1.513258187605826,-1.1931085566160113,-1.6627404735414788,-1.3614650751723478,-1.8446830000925933,0
-0.30993129292169125,-0.06556468168733408,-0.030704704472457878,1.090263229965003,0.8041317456201127,-1.7562494061852731,-1.1931085566160113,-1.6627404735414788,0.4611922621848325,1.2904621225619106,1
-0.15366669700730792,-0.06556468168733408,-0.030704704472457878,-0.015620609228609717,-0.667766505557854,0.18768034245030202,0.8381467004446593,0.6014167670256413,0.3652629286397177,-0.2771104387653413,1
-0.30993129292169125,-0.06556468168733408,-1.1839330414661757,-0.015620609228609717,-0.0544755675670345,0.916653998188642,0.8381467004446593,0.6014167670256413,-1.3614650751723478,-0.3890799074315736,0
1.2527146662221478,-0.06556468168733408,-0.030704704472457878,1.090263229965003,-0.0544755675670345,-1.0272757504469332,0.8381467004446593,0.6014167670256413,0.653050929275062,-0.948927250762735,1
1.0964500703077644,1.4373506578504092,1.12252363252126,-0.015620609228609717,0.06818262003112939,0.673662779609194,0.8381467004446593,0.6014167670256413,0.5571215957299472,0.5066758418982846,0
-1.4037834643223788,-0.06556468168733408,-0.030704704472457878,1.090263229965003,-1.1583992559505094,-1.2702669690263801,-1.1931085566160113,0.6014167670256413,-1.3614650751723478,-0.8369577820965027,0
1.2527146662221478,1.4373506578504092,1.12252363252126,1.090263229965003,1.2947644960127682,1.159645216768088,0.8381467004446593,0.6014167670256413,1.036768263455521,1.0665231852294461,1
0.15886249482146017,-0.06556468168733408,-1.1839330414661757,-0.015620609228609717,-0.2997919427633623,-0.784284531867486,-1.1931085566160113,0.6014167670256413,-0.6899597403565446,-1.2848356567614319,0
0.47139168665022824,1.4373506578504092,1.12252363252126,1.090263229965003,1.2947644960127682,1.159645216768088,0.8381467004446593,0.6014167670256413,1.5164149311810948,0.9545537165632137,1
0.15886249482146017,1.4373506578504092,1.12252363252126,1.090263229965003,1.2947644960127682,-1.0272757504469332,0.8381467004446593,0.6014167670256413,-0.8818184074467741,1.4024315912281429,0
1.4089792621365311,-1.5684800212250773,1.12252363252126,1.090263229965003,1.2947644960127682,1.159645216768088,0.8381467004446593,0.6014167670256413,0.7489802628201767,0.9545537165632137,1
-1.8725772520655304,-1.5684800212250773,-1.1839330414661757,-0.015620609228609717,-1.771690193941329,-0.29830209470859204,-1.1931085566160113,0.6014167670256413,-1.0736770745370037,-0.5010493760978059,0
-1.0912542724936107,-0.06556468168733408,-1.1839330414661757,1.090263229965003,0.19084080762929329,1.159645216768088,0.8381467004446593,-1.6627404735414788,0.269333595094603,0.8425842478969815,0
-0.15366669700730792,-1.5684800212250773,-0.030704704472457878,-1.1215044484222225,-0.5451083179596901,-1.2702669690263801,0.8381467004446593,0.6014167670256413,-0.21031307263097082,-0.7249883134302705,0
0.0025978989070768233,-1.5684800212250773,-1.1839330414661757,-0.015620609228609717,1.2947644960127682,-0.055310876129146085,0.8381467004446593,0.6014167670256413,0.5571215957299472,0.058797967233355536,1
-0.30993129292169125,-1.5684800212250773,1.12252363252126,-1.1215044484222225,-1.771690193941329,-0.055310876129146085,0.8381467004446593,0.6014167670256413,0.9408389299104063,1.0665231852294461,0
0.9401854743933811,1.4373506578504092,1.12252363252126,1.090263229965003,1.2947644960127682,1.159645216768088,0.8381467004446593,0.6014167670256413,0.8449095963652915,1.0665231852294461,1
-1.8725772520655304,-1.5684800212250773,-1.1839330414661757,-1.1215044484222225,-2.2623229443339845,-1.513258187605826,-1.1931085566160113,-1.6627404735414788,-0.21031307263097082,-0.3890799074315736,0
-0.15366669700730792,-0.06556468168733408,-1.1839330414661757,-0.015620609228609717,-1.0357410683523456,0.43067156102974796,0.8381467004446593,-1.6627404735414788,-0.7858890739016593,-0.2771104387653413,1
0.3151270907358449,-1.5684800212250773,-0.030704704472457878,-0.015620609228609717,-0.4224501303615262,0.916653998188642,0.8381467004446593,0.6014167670256413,1.2286269305457505,0.8425842478969815,0
-1.8725772520655304,1.4373506578504092,-1.1839330414661757,-0.015620609228609717,-0.9130828807541818,0.18768034245030202,-1.1931085566160113,0.6014167670256413,-1.3614650751723478,-0.948927250762735,0
-0.6224604847504593,-0.06556468168733408,-1.1839330414661757,-0.015620609228609717,-1.1583992559505094,-1.2702669690263801,-1.1931085566160113,-1.6627404735414788,-1.265535741627233,-0.3890799074315736,0
-0.30993129292169125,-0.06556468168733408,-1.1839330414661757,1.090263229965003,-0.5451083179596901,-1.99924062476472,-1.1931085566160113,0.6014167670256413,-0.0184544055407413,-0.8369577820965027,0
-1.8725772520655304,-1.5684800212250773,-1.1839330414661757,-0.015620609228609717,-1.6490320063431652,0.18768034245030202,-1.1931085566160113,-1.6627404735414788,-0.0184544055407413,-0.8369577820965027,0
1.2527146662221478,1.4373506578504092,1.12252363252126,1.090263229965003,1.0494481208164406,0.18768034245030202,0.8381467004446593,0.6014167670256413,1.804202931816439,1.1784926538956784,1
0.3151270907358449,-0.06556468168733408,-0.030704704472457878,-1.1215044484222225,-0.7904246931560178,0.43067156102974796,0.8381467004446593,-1.6627404735414788,-0.11438373908585606,-0.05317150143287675,1
-1.4037834643223788,-0.06556468168733408,-1.1839330414661757,-1.1215044484222225,-0.0544755675670345,-0.055310876129146085,-1.1931085566160113,-1.6627404735414788,-1.3614650751723478,-1.2848356567614319,0
0.9401854743933811,-0.06556468168733408,1.12252363252126,1.090263229965003,0.8041317456201127,1.159645216768088,0.8381467004446593,0.6014167670256413,-0.21031307263097082,0.7306147792307492,0
0.3151270907358449,-0.06556468168733408,-0.030704704472457878,-1.1215044484222225,-1.4037156311468373,-1.7562494061852731,-1.1931085566160113,0.6014167670256413,-0.4021717397212003,-1.5087745940938964,0
1.2527146662221478,-0.06556468168733408,1.12252363252126,-1.1215044484222225,0.8041317456201127,1.159645216768088,0.8381467004446593,0.6014167670256413,0.07747492800437346,1.2904621225619106,1
0.3151270907358449,-0.06556468168733408,-0.030704704472457878,-0.015620609228609717,0.8041317456201127,0.18768034245030202,0.8381467004446593,0.6014167670256413,1.3245562640908652,-0.8369577820965027,0
1.4089792621365311,1.4373506578504092,-1.1839330414661757,-1.1215044484222225,0.8041317456201127,0.18768034245030202,0.8381467004446593,0.6014167670256413,1.2286269305457505,0.5066758418982846,1
1.2527146662221478,1.4373506578504092,-1.1839330414661757,-1.1215044484222225,0.8041317456201127,0.43067156102974796,0.8381467004446593,0.6014167670256413,1.036768263455521,0.8425842478969815,1
0.47139168665022824,1.4373506578504092,1.12252363252126,1.090263229965003,0.43615718282562105,1.159645216768088,0.8381467004446593,0.6014167670256413,0.5571215957299472,1.0665231852294461,1
-0.30993129292169125,-1.5684800212250773,-0.030704704472457878,-0.015620609228609717,-0.9130828807541818,0.43067156102974796,0.8381467004446593,-1.6627404735414788,-0.21031307263097082,-1.1728661880951996,0
-1.0912542724936107,-0.06556468168733408,-1.1839330414661757,-0.015620609228609717,-1.4037156311468373,-1.513258187605826,-1.1931085566160113,-1.6627404735414788,-1.3614650751723478,-0.7249883134302705,0
-0.4661958888360746,-0.06556468168733408,-1.1839330414661757,-0.015620609228609717,-1.1583992559505094,-1.99924062476472,-1.1931085566160113,0.6014167670256413,-1.1696064080821185,-1.5087745940938964,0
-1.8725772520655304,-0.06556468168733408,-1.1839330414661757,-0.015620609228609717,-2.1396647567358205,-1.2702669690263801,-1.1931085566160113,0.6014167670256413,-1.0736770745370037,-1.0608967194289673,0
-1.8725772520655304,-1.5684800212250773,-0.030704704472457878,-0.015620609228609717,-1.2810574435486735,0.916653998188642,0.8381467004446593,0.6014167670256413,0.269333595094603,-0.2771104387653413,0
-1.247518868407994,-0.06556468168733408,-0.030704704472457878,-0.015620609228609717,-0.667766505557854,-0.784284531867486,0.8381467004446593,0.6014167670256413,-0.9777477409918889,-1.732713531426361,0
-1.8725772520655304,-0.06556468168733408,-1.1839330414661757,-1.1215044484222225,-1.2810574435486735,-0.784284531867486,-1.1931085566160113,0.6014167670256413,-1.3614650751723478,-1.0608967194289673,0
-1.4037834643223788,-1.5684800212250773,-1.1839330414661757,-1.1215044484222225,0.5588153704237849,-0.784284531867486,-1.1931085566160113,0.6014167670256413,1.036768263455521,-0.6130188447640381,0
0.15886249482146017,-1.5684800212250773,-0.030704704472457878,1.090263229965003,1.2947644960127682,1.159645216768088,-1.1931085566160113,0.6014167670256413,1.036768263455521,1.1784926538956784,1
1.2527146662221478,-0.06556468168733408,1.12252363252126,-0.015620609228609717,1.1721063084146044,0.673662779609194,0.8381467004446593,0.6014167670256413,0.8449095963652915,0.8425842478969815,0
0.7839208784789949,-0.06556468168733408,1.12252363252126,2.1961470691586156,1.0494481208164406,1.159645216768088,-1.1931085566160113,0.6014167670256413,1.2286269305457505,-0.6130188447640381,1
-1.5600480602367621,-0.06556468168733408,-0.030704704472457878,-0.015620609228609717,0.8041317456201127,1.159645216768088,0.8381467004446593,0.6014167670256413,-0.9777477409918889,1.2904621225619106,1
-1.716312656151147,-1.5684800212250773,-1.1839330414661757,-1.1215044484222225,-2.2623229443339845,-1.2702669690263801,-1.1931085566160113,-1.6627404735414788,-0.30624240617608556,-1.5087745940938964,0
-0.30993129292169125,1.4373506578504092,1.12252363252126,-0.015620609228609717,0.43615718282562105,-0.29830209470859204,0.8381467004446593,0.6014167670256413,0.653050929275062,0.058797967233355536,1
-1.716312656151147,-0.06556468168733408,1.12252363252126,-0.015620609228609717,-0.0544755675670345,-2.7282142805030603,-1.1931085566160113,0.6014167670256413,-0.6899597403565446,-0.6130188447640381,0
0.6276562825646116,1.4373506578504092,-1.1839330414661757,-1.1215044484222225,0.9267899332182766,-0.784284531867486,0.8381467004446593,0.6014167670256413,0.5571215957299472,1.5144010598943751,0
0.3151270907358449,-0.06556468168733408,-0.030704704472457878,-1.1215044484222225,1.2947644960127682,-0.5412933132880401,0.8381467004446593,0.6014167670256413,0.7489802628201767,0.3947063732320524,1
-1.716312656151147,-1.5684800212250773,-1.1839330414661757,-0.015620609228609717,-0.9130828807541818,-1.99924062476472,-1.1931085566160113,0.6014167670256413,1.036768263455521,-0.948927250762735,0
0.6276562825646116,1.4373506578504092,1.12252363252126,-1.1215044484222225,1.2947644960127682,1.159645216768088,0.8381467004446593,0.6014167670256413,1.3245562640908652,1.5144010598943751,1
0.47139168665022824,-0.06556468168733408,1.12252363252126,1.090263229965003,0.9267899332182766,1.159645216768088,0.8381467004446593,0.6014167670256413,0.07747492800437346,1.1784926538956784,0
1.4089792621365311,1.4373506578504092,-0.030704704472457878,-0.015620609228609717,-0.2997919427633623,0.43067156102974796,0.8381467004446593,0.6014167670256413,1.7082735982713242,0.8425842478969815,0
1.2527146662221478,-0.06556468168733408,1.12252363252126,2.1961470691586156,-1.1583992559505094,-1.2702669690263801,0.8381467004446593,0.6014167670256413,0.269333595094603,1.1784926538956784,1
0.15886249482146017,1.4373506578504092,1.12252363252126,1.090263229965003,0.8041317456201127,1.159645216768088,-1.1931085566160113,0.6014167670256413,1.5164149311810948,1.0665231852294461,1
0.47139168665022824,1.4373506578504092,1.12252363252126,-1.1215044484222225,-0.5451083179596901,0.18768034245030202,-1.1931085566160113,0.6014167670256413,0.07747492800437346,0.8425842478969815,0
0.0025978989070768233,-0.06556468168733408,-1.1839330414661757,1.090263229965003,-1.1583992559505094,-1.0272757504469332,0.8381467004446593,-1.6627404735414788,0.269333595094603,-1.0608967194289673,0
-1.5600480602367621,-0.06556468168733408,-0.030704704472457878,-1.1215044484222225,-2.017006569137657,-1.513258187605826,-1.1931085566160113,-1.6627404735414788,-1.3614650751723478,-1.396805125427664,0
0.6276562825646116,-0.06556468168733408,1.12252363252126,-1.1215044484222225,1.0494481208164406,-0.055310876129146085,-1.1931085566160113,-1.6627404735414788,0.269333595094603,1.1784926538956784,0
1.4089792621365311,1.4373506578504092,1.12252363252126,1.090263229965003,1.2947644960127682,1.159645216768088,0.8381467004446593,-1.6627404735414788,0.4611922621848325,0.7306147792307492,1
1.2527146662221478,-1.5684800212250773,1.12252363252126,-1.1215044484222225,1.2947644960127682,0.43067156102974796,0.8381467004446593,0.6014167670256413,-1.3614650751723478,-1.396805125427664,1
0.0025978989070768233,-0.06556468168733408,-1.1839330414661757,-1.1215044484222225,-1.526373818745001,0.18768034245030202,-1.1931085566160113,0.6014167670256413,1.1326975970006357,-0.16514097009910902,0
0.6276562825646116,-0.06556468168733408,1.12252363252126,-1.1215044484222225,1.2947644960127682,0.673662779609194,-1.1931085566160113,0.6014167670256413,0.1734042615494882,0.7306147792307492,1
-1.4037834643223788,-0.06556468168733408,-1.1839330414661757,-1.1215044484222225,-1.2810574435486735,-1.0272757504469332,-1.1931085566160113,-1.6627404735414788,-0.6899597403565446,-1.6207440627601286,0
-1.8725772520655304,1.4373506578504092,-0.030704704472457878,-0.015620609228609717,-0.4224501303615262,-1.0272757504469332,0.8381467004446593,0.6014167670256413,-0.8818184074467741,-0.7249883134302705,0
0.15886249482146017,-0.06556468168733408,-0.030704704472457878,-0.015620609228609717,0.31349899522745717,0.18768034245030202,0.8381467004446593,0.6014167670256413,-1.3614650751723478,-0.8369577820965027,0
0.0025978989070768233,-0.06556468168733408,-0.030704704472457878,-1.1215044484222225,-0.667766505557854,0.916653998188642,0.8381467004446593,0.6014167670256413,-0.0184544055407413,-0.3890799074315736,1
-1.4037834643223788,-0.06556468168733408,-1.1839330414661757,-1.1215044484222225,-0.9130828807541818,-0.29830209470859204,-1.1931085566160113,0.6014167670256413,-0.8818184074467741,-0.7249883134302705,0
-0.15366669700730792,1.4373506578504092,-0.030704704472457878,-1.1215044484222225,-0.7904246931560178,0.18768034245030202,0.8381467004446593,0.6014167670256413,1.3245562640908652,1.4024315912281429,1
-0.4661958888360746,-0.06556468168733408,-0.030704704472457878,-0.015620609228609717,0.5588153704237849,0.673662779609194,-1.1931085566160113,0.6014167670256413,-1.3614650751723478,-0.5010493760978059,0
0.0025978989070768233,-0.06556468168733408,-1.1839330414661757,-0.015620609228609717,-0.5451083179596901,-1.99924062476472,-1.1931085566160113,-1.6627404735414788,0.1734042615494882,-0.948927250762735,1
-0.15366669700730792,1.4373506578504092,-1.1839330414661757,-1.1215044484222225,-0.7904246931560178,0.673662779609194,0.8381467004446593,0.6014167670256413,0.8449095963652915,-0.16514097009910902,0
-1.247518868407994,-0.06556468168733408,-1.1839330414661757,-1.1215044484222225,-0.4224501303615262,-0.784284531867486,-1.1931085566160113,0.6014167670256413,0.7489802628201767,0.17076743589958782,0
0.3151270907358449,1.4373506578504092,1.12252363252126,-0.015620609228609717,1.1721063084146044,1.159645216768088,0.8381467004446593,0.6014167670256413,1.9960615989066686,1.2904621225619106,1
0.9401854743933811,-1.5684800212250773,1.12252363252126,1.090263229965003,1.1721063084146044,0.43067156102974796,0.8381467004446593,0.6014167670256413,1.5164149311810948,1.0665231852294461,1
0.15886249482146017,1.4373506578504092,-0.030704704472457878,1.090263229965003,-1.4037156311468373,0.43067156102974796,-1.1931085566160113,0.6014167670256413,0.3652629286397177,1.4024315912281429,0
0.9401854743933811,-0.06556468168733408,1.12252363252126,1.090263229965003,1.2947644960127682,0.43067156102974796,0.8381467004446593,0.6014167670256413,-1.265535741627233,-0.3890799074315736,1
0.9401854743933811,1.4373506578504092,1.12252363252126,1.090263229965003,1.2947644960127682,1.159645216768088,0.8381467004446593,0.6014167670256413,1.7082735982713242,-0.8369577820965027,1
0.47139168665022824,1.4373506578504092,-1.1839330414661757,-0.015620609228609717,-0.2997919427633623,-1.2702669690263801,-1.1931085566160113,0.6014167670256413,1.3245562640908652,-1.1728661880951996,0
-0.30993129292169125,-0.06556468168733408,-0.030704704472457878,2.1961470691586156,0.8041317456201127,1.159645216768088,-1.1931085566160113,0.6014167670256413,-0.8818184074467741,-0.8369577820965027,0
1.4089792621365311,-0.06556468168733408,1.12252363252126,1.090263229965003,0.6814735580219489,1.159645216768088,0.8381467004446593,0.6014167670256413,0.8449095963652915,1.1784926538956784,1
1.4089792621365311,1.4373506578504092,1.12252363252126,-1.1215044484222225,0.5588153704237849,1.159645216768088,0.8381467004446593,0.6014167670256413,1.6123442647262096,1.4024315912281429,1
-0.15366669700730792,-0.06556468168733408,1.12252363252126,1.090263229965003,1.2947644960127682,0.43067156102974796,0.8381467004446593,-1.6627404735414788,1.7082735982713242,-0.3890799074315736,1
0.47139168665022824,-0.06556468168733408,1.12252363252126,1.090263229965003,1.2947644960127682,-0.055310876129146085,0.8381467004446593,0.6014167670256413,-0.30624240617608556,1.1784926538956784,1
1.5652438580509145,-0.06556468168733408,-1.1839330414661757,1.090263229965003,0.06818262003112939,-1.2702669690263801,0.8381467004446593,0.6014167670256413,-0.8818184074467741,0.058797967233355536,0
1.2527146662221478,1.4373506578504092,1.12252363252126,1.090263229965003,1.2947644960127682,1.159645216768088,0.8381467004446593,0.6014167670256413,1.5164149311810948,1.5144010598943751,1
-0.7787250806648427,-1.5684800212250773,-0.030704704472457878,-0.015620609228609717,-2.3849811319321486,-1.7562494061852731,-1.1931085566160113,-1.6627404735414788,0.4611922621848325,-0.3890799074315736,0
0.9401854743933811,1.4373506578504092,1.12252363252126,1.090263229965003,1.2947644960127682,1.159645216768088,0.8381467004446593,0.6014167670256413,0.7489802628201767,0.9545537165632137,1
0.6276562825646116,-0.06556468168733408,-0.030704704472457878,1.090263229965003,-0.1771337551651984,0.916653998188642,0.8381467004446593,0.6014167670256413,-1.1696064080821185,0.9545537165632137,0
0.9401854743933811,-0.06556468168733408,1.12252363252126,-1.1215044484222225,1.2947644960127682,-0.5412933132880401,0.8381467004446593,0.6014167670256413,1.2286269305457505,0.7306147792307492,1
-0.4661958888360746,-0.06556468168733408,1.12252363252126,1.090263229965003,-0.4224501303615262,-1.513258187605826,0.8381467004446593,0.6014167670256413,0.4611922621848325,0.9545537165632137,0
0.7839208784789949,1.4373506578504092,1.12252363252126,2.1961470691586156,1.2947644960127682,1.159645216768088,0.8381467004446593,0.6014167670256413,-0.0184544055407413,1.5144010598943751,0
-1.716312656151147,-1.5684800212250773,-0.030704704472457878,-1.1215044484222225,-1.8943483815394928,-0.29830209470859204,-1.1931085566160113,-1.6627404735414788,-1.3614650751723478,1.1784926538956784,0
-0.30993129292169125,-0.06556468168733408,-1.1839330414661757,-1.1215044484222225,-1.6490320063431652,-1.0272757504469332,-1.1931085566160113,0.6014167670256413,-1.3614650751723478,0.3947063732320524,0
0.15886249482146017,-1.5684800212250773,1.12252363252126,1.090263229965003,-0.7904246931560178,0.673662779609194,0.8381467004446593,-1.6627404735414788,1.2286269305457505,1.1784926538956784,0
0.9401854743933811,-1.5684800212250773,-0.030704704472457878,-1.1215044484222225,0.6814735580219489,-0.29830209470859204,-1.1931085566160113,-1.6627404735414788,-1.265535741627233,-0.8369577820965027,0
0.7839208784789949,1.4373506578504092,1.12252363252126,1.090263229965003,1.2947644960127682,0.916653998188642,0.8381467004446593,-1.6627404735414788,0.5571215957299472,1.1784926538956784,1
-0.6224604847504593,-0.06556468168733408,-1.1839330414661757,-1.1215044484222225,-1.2810574435486735,-1.0272757504469332,0.8381467004446593,0.6014167670256413,-1.0736770745370037,-1.6207440627601286,0
0.15886249482146017,-0.06556468168733408,-0.030704704472457878,-1.1215044484222225,0.43615718282562105,1.159645216768088,0.8381467004446593,0.6014167670256413,0.7489802628201767,-0.7249883134302705,1
0.7839208784789949,1.4373506578504092,1.12252363252126,1.090263229965003,1.2947644960127682,1.159645216768088,0.8381467004446593,0.6014167670256413,0.4611922621848325,1.5144010598943751,1
-1.8725772520655304,-0.06556468168733408,-1.1839330414661757,-1.1215044484222225,0.31349899522745717,-0.055310876129146085,-1.1931085566160113,0.6014167670256413,-1.1696064080821185,-0.5010493760978059,0
-1.8725772520655304,-0.06556468168733408,-0.030704704472457878,-1.1215044484222225,-1.771690193941329,-0.784284531867486,-1.1931085566160113,-1.6627404735414788,-0.7858890739016593,-1.2848356567614319,0
-1.5600480602367621,-0.06556468168733408,-1.1839330414661757,-1.1215044484222225,-0.0544755675670345,-0.784284531867486,-1.1931085566160113,-1.6627404735414788,-1.1696064080821185,-1.9566524687588256,0
0.47139168665022824,-0.06556468168733408,-0.030704704472457878,1.090263229965003,1.1721063084146044,0.43067156102974796,0.8381467004446593,0.6014167670256413,1.1326975970006357,0.7306147792307492,1
0.3151270907358449,-1.5684800212250773,1.12252363252126,-0.015620609228609717,0.8041317456201127,0.673662779609194,0.8381467004446593,0.6014167670256413,0.653050929275062,1.5144010598943751,1
0.0025978989070768233,-1.5684800212250773,-0.030704704472457878,-1.1215044484222225,-1.1583992559505094,-1.7562494061852731,-1.1931085566160113,0.6014167670256413,-1.1696064080821185,-0.948927250762735,0
0.7839208784789949,-1.5684800212250773,-1.1839330414661757,1.090263229965003,1.0494481208164406,0.673662779609194,0.8381467004446593,-1.6627404735414788,0.5571215957299472,-1.8446830000925933,1
0.7839208784789949,-0.06556468168733408,1.12252363252126,-0.015620609228609717,1.0494481208164406,1.159645216768088,0.8381467004446593,0.6014167670256413,0.1734042615494882,0.8425842478969815,0
-0.30993129292169125,-0.06556468168733408,-1.1839330414661757,-0.015620609228609717,-1.526373818745001,-0.784284531867486,-1.1931085566160113,-1.6627404735414788,-1.3614650751723478,-0.3890799074315736,0
0.47139168665022824,-0.06556468168733408,-1.1839330414661757,-0.015620609228609717,-0.0544755675670345,0.673662779609194,0.8381467004446593,-1.6627404735414788,-0.30624240617608556,-0.8369577820965027,0
0.3151270907358449,1.4373506578504092,1.12252363252126,1.090263229965003,0.06818262003112939,0.43067156102974796,0.8381467004446593,0.6014167670256413,0.7489802628201767,1.1784926538956784,1
0.47139168665022824,-0.06556468168733408,-0.030704704472457878,-0.015620609228609717,-0.7904246931560178,0.18768034245030202,0.8381467004446593,0.6014167670256413,1.42048559763598,0.058797967233355536,1
-0.4661958888360746,-0.06556468168733408,-1.1839330414661757,1.090263229965003,0.5588153704237849,0.916653998188642,0.8381467004446593,0.6014167670256413,1.036768263455521,0.058797967233355536,1
0.3151270907358449,-1.5684800212250773,-1.1839330414661757,-1.1215044484222225,0.9267899332182766,0.43067156102974796,-1.1931085566160113,0.6014167670256413,0.5571215957299472,0.058797967233355536,1
-0.4661958888360746,-0.06556468168733408,-1.1839330414661757,-1.1215044484222225,-0.667766505557854,-1.0272757504469332,-1.1931085566160113,0.6014167670256413,-1.3614650751723478,-0.6130188447640381,0
0.6276562825646116,-1.5684800212250773,-1.1839330414661757,1.090263229965003,-0.2997919427633623,0.673662779609194,0.8381467004446593,0.6014167670256413,0.653050929275062,1.5144010598943751,1
-0.4661958888360746,-0.06556468168733408,-1.1839330414661757,-1.1215044484222225,-1.526373818745001,0.18768034245030202,-1.1931085566160113,0.6014167670256413,-0.8818184074467741,-1.5087745940938964,0
0.15886249482146017,-1.5684800212250773,-1.1839330414661757,-1.1215044484222225,-1.0357410683523456,-1.2702669690263801,0.8381467004446593,-1.6627404735414788,-0.6899597403565446,-0.6130188447640381,0
-0.4661958888360746,-0.06556468168733408,-1.1839330414661757,-0.015620609228609717,-1.771690193941329,-1.513258187605826,-1.1931085566160113,-1.6627404735414788,-1.1696064080821185,-1.9566524687588256,0
0.6276562825646116,-0.06556468168733408,-0.030704704472457878,1.090263229965003,0.5588153704237849,0.43067156102974796,0.8381467004446593,0.6014167670256413,0.8449095963652915,1.0665231852294461,1
0.9401854743933811,-0.06556468168733408,1.12252363252126,-1.1215044484222225,1.2947644960127682,0.916653998188642,0.8381467004446593,0.6014167670256413,1.6123442647262096,0.3947063732320524,1
-1.8725772520655304,-0.06556468168733408,-0.030704704472457878,-0.015620609228609717,-0.1771337551651984,0.43067156102974796,-1.1931085566160113,-1.6627404735414788,-1.1696064080821185,-0.948927250762735,0
-1.8725772520655304,1.4373506578504092,-0.030704704472457878,-1.1215044484222225,-0.0544755675670345,-0.5412933132880401,0.8381467004446593,-1.6627404735414788,-1.1696064080821185,-1.1728661880951996,0
-1.4037834643223788,-0.06556468168733408,-0.030704704472457878,-1.1215044484222225,-0.0544755675670345,-2.2422318433441673,-1.1931085566160113,0.6014167670256413,0.653050929275062,-1.2848356567614319,0
1.0964500703077644,1.4373506578504092,1.12252363252126,1.090263229965003,0.5588153704237849,-0.29830209470859204,0.8381467004446593,0.6014167670256413,1.1326975970006357,1.0665231852294461,1
-0.15366669700730792,-0.06556468168733408,-0.030704704472457878,-0.015620609228609717,-0.9130828807541818,-1.0272757504469332,-1.1931085566160113,0.6014167670256413,-1.0736770745370037,-0.948927250762735,0
1.2527146662221478,1.4373506578504092,1.12252363252126,1.090263229965003,1.2947644960127682,1.159645216768088,0.8381467004446593,-1.6627404735414788,0.653050929275062,1.0665231852294461,0
-0.30993129292169125,-1.5684800212250773,-1.1839330414661757,-1.1215044484222225,-0.9130828807541818,-0.784284531867486,-1.1931085566160113,0.6014167670256413,-1.3614650751723478,1.4024315912281429,0
-0.6224604847504593,-0.06556468168733408,-0.030704704472457878,-1.1215044484222225,0.5588153704237849,-1.0272757504469332,0.8381467004446593,0.6014167670256413,1.9960615989066686,1.5144010598943751,1
1.4089792621365311,-0.06556468168733408,1.12252363252126,1.090263229965003,0.31349899522745717,1.159645216768088,0.8381467004446593,0.6014167670256413,1.9960615989066686,1.1784926538956784,1
-0.15366669700730792,-0.06556468168733408,-1.1839330414661757,-1.1215044484222225,-2.1396647567358205,-0.29830209470859204,-1.1931085566160113,0.6014167670256413,-1.3614650751723478,0.618645310564517,0
-1.4037834643223788,-1.5684800212250773,1.12252363252126,-0.015620609228609717,-0.667766505557854,0.43067156102974796,0.8381467004446593,0.6014167670256413,1.3245562640908652,-0.6130188447640381,1
-0.15366669700730792,-1.5684800212250773,1.12252363252126,-1.1215044484222225,-0.0544755675670345,0.673662779609194,0.8381467004446593,0.6014167670256413,-0.5940304068114298,-1.5087745940938964,0
1.2527146662221478,-0.06556468168733408,1.12252363252126,1.090263229965003,1.0494481208164406,1.159645216768088,0.8381467004446593,0.6014167670256413,1.3245562640908652,1.1784926538956784,1
-1.4037834643223788,-0.06556468168733408,-1.1839330414661757,-1.1215044484222225,-2.3849811319321486,-0.784284531867486,-1.1931085566160113,0.6014167670256413,-0.4981010732663151,-0.948927250762735,0
0.7839208784789949,-1.5684800212250773,1.12252363252126,1.090263229965003,0.06818262003112939,1.159645216768088,0.8381467004446593,0.6014167670256413,1.036768263455521,0.9545537165632137,1
1.2527146662221478,-0.06556468168733408,-1.1839330414661757,1.090263229965003,0.8041317456201127,0.43067156102974796,0.8381467004446593,0.6014167670256413,0.4611922621848325,0.9545537165632137,1
0.47139168665022824,1.4373506578504092,1.12252363252126,1.090263229965003,1.1721063084146044,1.159645216768088,0.8381467004446593,0.6014167670256413,1.6123442647262096,0.7306147792307492,1
0.15886249482146017,-0.06556468168733408,-0.030704704472457878,-0.015620609228609717,0.43615718282562105,0.673662779609194,-1.1931085566160113,0.6014167670256413,0.9408389299104063,-0.948927250762735,1
-1.716312656151147,-0.06556468168733408,-0.030704704472457878,-1.1215044484222225,-0.0544755675670345,-1.7562494061852731,-1.1931085566160113,-1.6627404735414788,-1.3614650751723478,-0.8369577820965027,0
0.3151270907358449,-0.06556468168733408,-0.030704704472457878,-0.015620609228609717,0.9267899332182766,0.18768034245030202,0.8381467004446593,-1.6627404735414788,-1.0736770745370037,0.9545537165632137,0
1.0964500703077644,1.4373506578504092,1.12252363252126,1.090263229965003,0.19084080762929329,-0.055310876129146085,0.8381467004446593,0.6014167670256413,0.5571215957299472,0.5066758418982846,1
0.7839208784789949,-1.5684800212250773,-0.030704704472457878,-0.015620609228609717,-1.4037156311468373,-0.055310876129146085,0.8381467004446593,0.6014167670256413,-0.6899597403565446,-0.7249883134302705,1
0.0025978989070768233,-0.06556468168733408,-1.1839330414661757,-1.1215044484222225,-0.667766505557854,-0.5412933132880401,-1.1931085566160113,0.6014167670256413,-1.1696064080821185,-0.7249883134302705,1
0.9401854743933811,-0.06556468168733408,-0.030704704472457878,-0.015620609228609717,-1.0357410683523456,-1.0272757504469332,-1.1931085566160113,-1.6627404735414788,-1.3614650751723478,-0.948927250762735,0
0.15886249482146017,-1.5684800212250773,-0.030704704472457878,-0.015620609228609717,-0.5451083179596901,0.18768034245030202,0.8381467004446593,0.6014167670256413,-0.7858890739016593,-0.7249883134302705,1
1.5652438580509145,1.4373506578504092,1.12252363252126,-0.015620609228609717,-0.2997919427633623,-0.055310876129146085,0.8381467004446593,0.6014167670256413,0.269333595094603,-0.8369577820965027,0
-0.15366669700730792,-1.5684800212250773,-0.030704704472457878,1.090263229965003,-0.4224501303615262,-0.29830209470859204,0.8381467004446593,0.6014167670256413,0.8449095963652915,1.0665231852294461,0
-0.30993129292169125,-0.06556468168733408,-1.1839330414661757,-0.015620609228609717,-2.3849811319321486,1.159645216768088,0.8381467004446593,0.6014167670256413,0.5571215957299472,-0.5010493760978059,0
0.0025978989070768233,-0.06556468168733408,-1.1839330414661757,-1.1215044484222225,-0.0544755675670345,0.673662779609194,-1.1931085566160113,-1.6627404735414788,1.804202931816439,-1.5087745940938964,0
-1.716312656151147,-0.06556468168733408,-1.1839330414661757,-0.015620609228609717,-1.0357410683523456,-0.29830209470859204,0.8381467004446593,0.6014167670256413,-1.3614650751723478,-0.3890799074315736,0
-1.5600480602367621,-1.5684800212250773,-1.1839330414661757,-1.1215044484222225,-0.4224501303615262,-0.29830209470859204,0.8381467004446593,0.6014167670256413,-0.6899597403565446,-0.948927250762735,0
-0.30993129292169125,-0.06556468168733408,-1.1839330414661757,-1.1215044484222225,-2.3849811319321486,-1.0272757504469332,-1.1931085566160113,-1.6627404735414788,-1.3614650751723478,-0.6130188447640381,0
1.0964500703077644,1.4373506578504092,1.12252363252126,1.090263229965003,1.2947644960127682,0.43067156102974796,0.8381467004446593,0.6014167670256413,1.3245562640908652,1.2904621225619106,1
0.0025978989070768233,-0.06556468168733408,-0.030704704472457878,-0.015620609228609717,-0.667766505557854,1.159645216768088,0.8381467004446593,0.6014167670256413,0.07747492800437346,-0.948927250762735,0
-0.30993129292169125,-0.06556468168733408,-1.1839330414661757,-0.015620609228609717,-1.1583992559505094,0.673662779609194,-1.1931085566160113,-1.6627404735414788,-0.9777477409918889,-0.948927250762735,0
1.5652438580509145,-0.06556468168733408,1.12252363252126,1.090263229965003,1.2947644960127682,1.159645216768088,0.8381467004446593,0.6014167670256413,0.9408389299104063,1.5144010598943751,0
0.9401854743933811,1.4373506578504092,1.12252363252126,1.090263229965003,0.6814735580219489,1.159645216768088,0.8381467004446593,0.6014167670256413,0.7489802628201767,0.9545537165632137,1
0.6276562825646116,1.4373506578504092,1.12252363252126,1.090263229965003,1.2947644960127682,1.159645216768088,0.8381467004446593,0.6014167670256413,1.42048559763598,1.2904621225619106,1
-0.30993129292169125,-0.06556468168733408,-0.030704704472457878,-0.015620609228609717,-0.2997919427633623,0.916653998188642,0.8381467004446593,0.6014167670256413,1.6123442647262096,1.5144010598943751,1
0.3151270907358449,1.4373506578504092,1.12252363252126,1.090263229965003,1.2947644960127682,1.159645216768088,0.8381467004446593,0.6014167670256413,0.4611922621848325,1.5144010598943751,1
-1.4037834643223788,-0.06556468168733408,-1.1839330414661757,-1.1215044484222225,-0.4224501303615262,-0.5412933132880401,-1.1931085566160113,-1.6627404735414788,-1.3614650751723478,-1.396805125427664,0
-0.30993129292169125,-0.06556468168733408,-0.030704704472457878,-1.1215044484222225,-2.3849811319321486,-0.784284531867486,-1.1931085566160113,0.6014167670256413,-1.265535741627233,-0.3890799074315736,0
0.15886249482146017,-0.06556468168733408,-1.1839330414661757,-0.015620609228609717,-1.0357410683523456,-1.2702669690263801,-1.1931085566160113,0.6014167670256413,-0.6899597403565446,-0.7249883134302705,0
0.6276562825646116,-1.5684800212250773,-0.030704704472457878,-1.1215044484222225,0.19084080762929329,0.43067156102974796,0.8381467004446593,0.6014167670256413,1.036768263455521,0.9545537165632137,0
0.6276562825646116,1.4373506578504092,1.12252363252126,1.090263229965003,1.2947644960127682,0.916653998188642,-1.1931085566160113,-1.6627404735414788,-0.21031307263097082,0.17076743589958782,0
0.9401854743933811,-0.06556468168733408,-0.030704704472457878,-0.015620609228609717,-0.2997919427633623,-1.99924062476472,-1.1931085566160113,0.6014167670256413,-0.4021717397212003,-0.7249883134302705,0
0.15886249482146017,-0.06556468168733408,-0.030704704472457878,-1.1215044484222225,-0.4224501303615262,0.18768034245030202,0.8381467004446593,0.6014167670256413,1.036768263455521,-1.2848356567614319,0
1.4089792621365311,-0.06556468168733408,1.12252363252126,1.090263229965003,0.31349899522745717,0.673662779609194,0.8381467004446593,0.6014167670256413,0.5571215957299472,1.0665231852294461,1
-1.247518868407994,-1.5684800212250773,-0.030704704472457878,-0.015620609228609717,-1.0357410683523456,-2.7282142805030603,-1.1931085566160113,-1.6627404735414788,-1.3614650751723478,-1.0608967194289673,0
0.7839208784789949,-0.06556468168733408,-0.030704704472457878,-0.015620609228609717,0.8041317456201127,-0.055310876129146085,0.8381467004446593,0.6014167670256413,1.6123442647262096,-1.2848356567614319,1
-1.4037834643223788,-0.06556468168733408,-0.030704704472457878,-0.015620609228609717,-1.0357410683523456,0.916653998188642,0.8381467004446593,0.6014167670256413,-1.3614650751723478,-1.8446830000925933,0
-0.30993129292169125,-0.06556468168733408,-0.030704704472457878,-1.1215044484222225,-1.8943483815394928,-2.2422318433441673,-1.1931085566160113,0.6014167670256413,-1.3614650751723478,-0.7249883134302705,0
-1.247518868407994,-1.5684800212250773,-1.1839330414661757,-0.015620609228609717,-0.4224501303615262,-1.2702669690263801,-1.1931085566160113,-1.6627404735414788,-0.7858890739016593,-0.8369577820965027,0
0.47139168665022824,1.4373506578504092,-1.1839330414661757,-1.1215044484222225,-0.667766505557854,0.673662779609194,0.8381467004446593,0.6014167670256413,0.8449095963652915,0.5066758418982846,1
1.2527146662221478,-0.06556468168733408,1.12252363252126,-1.1215044484222225,-0.667766505557854,-0.055310876129146085,0.8381467004446593,0.6014167670256413,1.036768263455521,1.4024315912281429,0
-1.8725772520655304,-0.06556468168733408,-1.1839330414661757,1.090263229965003,0.6814735580219489,-0.055310876129146085,0.8381467004446593,-1.6627404735414788,-0.6899597403565446,-0.2771104387653413,1
0.0025978989070768233,-0.06556468168733408,-1.1839330414661757,-0.015620609228609717,0.06818262003112939,-0.5412933132880401,0.8381467004446593,-1.6627404735414788,-1.3614650751723478,-0.6130188447640381,0
-1.8725772520655304,-0.06556468168733408,-1.1839330414661757,-1.1215044484222225,-1.2810574435486735,-0.055310876129146085,-1.1931085566160113,0.6014167670256413,-1.3614650751723478,-0.7249883134302705,0
0.7839208784789949,-1.5684800212250773,-0.030704704472457878,2.1961470691586156,1.2947644960127682,1.159645216768088,0.8381467004446593,0.6014167670256413,1.1326975970006357,1.5144010598943751,1
0.7839208784789949,1.4373506578504092,1.12252363252126,-1.1215044484222225,1.0494481208164406,-0.784284531867486,0.8381467004446593,0.6014167670256413,0.5571215957299472,0.058797967233355536,1
-1.8725772520655304,-0.06556468168733408,-1.1839330414661757,-0.015620609228609717,-2.2623229443339845,-0.29830209470859204,-1.1931085566160113,0.6014167670256413,-0.4981010732663151,-0.6130188447640381,0
0.7839208784789949,-0.06556468168733408,1.12252363252126,1.090263229965003,-0.0544755675670345,1.159645216768088,0.8381467004446593,0.6014167670256413,0.653050929275062,0.7306147792307492,1
0.15886249482146017,-0.06556468168733408,-0.030704704472457878,-1.1215044484222225,-0.7904246931560178,-0.5412933132880401,-1.1931085566160113,0.6014167670256413,-0.7858890739016593,-0.3890799074315736,0
1.2527146662221478,1.4373506578504092,1.12252363252126,-1.1215044484222225,1.0494481208164406,0.916653998188642,0.8381467004446593,0.6014167670256413,0.4611922621848325,1.2904621225619106,1
-1.247518868407994,-0.06556468168733408,-0.030704704472457878,-0.015620609228609717,-0.7904246931560178,0.43067156102974796,-1.1931085566160113,-1.6627404735414788,-0.8818184074467741,-1.0608967194289673,0
0.47139168665022824,-0.06556468168733408,-1.1839330414661757,-0.015620609228609717,-0.4224501303615262,-1.2702669690263801,0.8381467004446593,0.6014167670256413,-0.6899597403565446,-0.6130188447640381,0
0.6276562825646116,1.4373506578504092,1.12252363252126,-1.1215044484222225,0.19084080762929329,1.159645216768088,0.8381467004446593,0.6014167670256413,0.269333595094603,1.5144010598943751,0
-0.15366669700730792,-0.06556468168733408,-0.030704704472457878,-0.015620609228609717,-0.7904246931560178,-0.055310876129146085,0.8381467004446593,0.6014167670256413,-1.265535741627233,-0.8369577820965027,0
0.3151270907358449,-1.5684800212250773,-0.030704704472457878,-1.1215044484222225,0.06818262003112939,-0.29830209470859204,-1.1931085566160113,0.6014167670256413,-0.30624240617608556,-1.6207440627601286,0
-1.8725772520655304,-0.06556468168733408,-0.030704704472457878,-1.1215044484222225,-1.4037156311468373,-1.513258187605826,-1.1931085566160113,0.6014167670256413,-1.0736770745370037,-1.0608967194289673,0
1.0964500703077644,-0.06556468168733408,1.12252363252126,1.090263229965003,0.6814735580219489,0.18768034245030202,0.8381467004446593,0.6014167670256413,0.8449095963652915,1.4024315912281429,1
1.2527146662221478,1.4373506578504092,-1.1839330414661757,-0.015620609228609717,-0.1771337551651984,0.18768034245030202,0.8381467004446593,0.6014167670256413,-0.30624240617608556,1.2904621225619106,1
0.6276562825646116,-0.06556468168733408,1.12252363252126,1.090263229965003,1.0494481208164406,1.159645216768088,0.8381467004446593,0.6014167670256413,1.1326975970006357,1.1784926538956784,1
-0.4661958888360746,-0.06556468168733408,1.12252363252126,-1.1215044484222225,0.5588153704237849,0.673662779609194,-1.1931085566160113,-1.6627404735414788,-0.4981010732663151,1.0665231852294461,0
0.3151270907358449,-0.06556468168733408,-0.030704704472457878,-1.1215044484222225,-0.7904246931560178,-0.055310876129146085,-1.1931085566160113,0.6014167670256413,-1.0736770745370037,-1.0608967194289673,0
-1.5600480602367621,-0.06556468168733408,-0.030704704472457878,-0.015620609228609717,0.6814735580219489,0.18768034245030202,-1.1931085566160113,0.6014167670256413,-1.3614650751723478,-0.3890799074315736,0
0.15886249482146017,-0.06556468168733408,1.12252363252126,1.090263229965003,0.5588153704237849,0.673662779609194,0.8381467004446593,0.6014167670256413,1.9001322653615538,-1.0608967194289673,1
-1.5600480602367621,1.4373506578504092,-0.030704704472457878,-0.015620609228609717,-1.0357410683523456,0.18768034245030202,-1.1931085566160113,-1.6627404735414788,-1.3614650751723478,-0.8369577820965027,0
0.47139168665022824,1.4373506578504092,1.12252363252126,1.090263229965003,1.2947644960127682,1.159645216768088,0.8381467004446593,0.6014167670256413,0.653050929275062,1.5144010598943751,1
-0.15366669700730792,-1.5684800212250773,-0.030704704472457878,-0.015620609228609717,-0.667766505557854,1.159645216768088,0.8381467004446593,0.6014167670256413,1.1326975970006357,-0.2771104387653413,1
-0.15366669700730792,-0.06556468168733408,-1.1839330414661757,-0.015620609228609717,1.0494481208164406,-0.784284531867486,-1.1931085566160113,0.6014167670256413,-0.9777477409918889,-1.5087745940938964,0
1.0964500703077644,-1.5684800212250773,-1.1839330414661757,1.090263229965003,-0.0544755675670345,-1.0272757504469332,0.8381467004446593,0.6014167670256413,1.036768263455521,0.618645310564517,0
1.2527146662221478,1.4373506578504092,-0.030704704472457878,1.090263229965003,-1.2810574435486735,0.18768034245030202,-1.1931085566160113,0.6014167670256413,0.653050929275062,0.7306147792307492,0
-1.5600480602367621,-1.5684800212250773,-1.1839330414661757,-1.1215044484222225,0.43615718282562105,0.18768034245030202,-1.1931085566160113,-1.6627404735414788,-0.6899597403565446,-0.7249883134302705,0
0.15886249482146017,-0.06556468168733408,-0.030704704472457878,1.090263229965003,1.2947644960127682,0.43067156102974796,0.8381467004446593,0.6014167670256413,1.036768263455521,-1.1728661880951996,1
1.4089792621365311,-0.06556468168733408,1.12252363252126,2.1961470691586156,1.0494481208164406,0.673662779609194,0.8381467004446593,0.6014167670256413,0.9408389299104063,1.1784926538956784,1
0.0025978989070768233,1.4373506578504092,-1.1839330414661757,-0.015620609228609717,-1.8943483815394928,-1.513258187605826,-1.1931085566160113,0.6014167670256413,0.7489802628201767,-0.5010493760978059,0
-0.30993129292169125,1.4373506578504092,-0.030704704472457878,-1.1215044484222225,-0.7904246931560178,-2.485223061923614,-1.1931085566160113,-1.6627404735414788,-1.3614650751723478,-1.396805125427664,0
-1.247518868407994,-0.06556468168733408,1.12252363252126,-1.1215044484222225,0.19084080762929329,0.43067156102974796,-1.1931085566160113,-1.6627404735414788,0.269333595094603,0.17076743589958782,1
-1.8725772520655304,-1.5684800212250773,-1.1839330414661757,-1.1215044484222225,-1.526373818745001,-1.99924062476472,-1.1931085566160113,0.6014167670256413,-1.3614650751723478,-0.8369577820965027,0
0.7839208784789949,1.4373506578504092,1.12252363252126,1.090263229965003,1.2947644960127682,1.159645216768088,0.8381467004446593,0.6014167670256413,0.9408389299104063,1.2904621225619106,1
0.9401854743933811,-1.5684800212250773,1.12252363252126,-0.015620609228609717,1.0494481208164406,-0.29830209470859204,0.8381467004446593,0.6014167670256413,-0.0184544055407413,1.2904621225619106,1
-0.15366669700730792,-0.06556468168733408,-1.1839330414661757,1.090263229965003,-0.7904246931560178,-1.7562494061852731,-1.1931085566160113,0.6014167670256413,-0.6899597403565446,-0.2771104387653413,0
-0.15366669700730792,-0.06556468168733408,-1.1839330414661757,-0.015620609228609717,0.43615718282562105,-0.055310876129146085,0.8381467004446593,0.6014167670256413,-0.11438373908585606,-0.948927250762735,1
0.15886249482146017,1.4373506578504092,1.12252363252126,1.090263229965003,0.6814735580219489,0.673662779609194,0.8381467004446593,0.6014167670256413,0.4611922621848325,1.4024315912281429,0
-1.8725772520655304,-0.06556468168733408,1.12252363252126,-1.1215044484222225,0.43615718282562105,1.159645216768088,0.8381467004446593,-1.6627404735414788,1.7082735982713242,0.7306147792307492,0
-0.15366669700730792,1.4373506578504092,-1.1839330414661757,1.090263229965003,-0.0544755675670345,0.18768034245030202,-1.1931085566160113,0.6014167670256413,-1.1696064080821185,-0.5010493760978059,0
0.9401854743933811,1.4373506578504092,1.12252363252126,1.090263229965003,1.2947644960127682,0.673662779609194,0.8381467004446593,0.6014167670256413,0.07747492800437346,1.0665231852294461,1
-0.15366669700730792,-1.5684800212250773,-0.030704704472457878,-1.1215044484222225,-0.0544755675670345,0.673662779609194,-1.1931085566160113,0.6014167670256413,0.653050929275062,-0.2771104387653413,0
1.2527146662221478,-0.06556468168733408,1.12252363252126,1.090263229965003,-0.5451083179596901,-0.5412933132880401,0.8381467004446593,0.6014167670256413,0.653050929275062,0.2827369045658201,1
0.6276562825646116,1.4373506578504092,1.12252363252126,1.090263229965003,0.6814735580219489,0.43067156102974796,0.8381467004446593,0.6014167670256413,0.653050929275062,1.5144010598943751,1
-1.716312656151147,-0.06556468168733408,-1.1839330414661757,-0.015620609228609717,-1.4037156311468373,-0.5412933132880401,0.8381467004446593,0.6014167670256413,0.7489802628201767,-0.6130188447640381,0
1.0964500703077644,-0.06556468168733408,1.12252363252126,-0.015620609228609717,-0.5451083179596901,-0.055310876129146085,0.8381467004446593,-1.6627404735414788,0.3652629286397177,-0.16514097009910902,0
-1.8725772520655304,-0.06556468168733408,-1.1839330414661757,-1.1215044484222225,-1.4037156311468373,-0.5412933132880401,-1.1931085566160113,-1.6627404735414788,-0.7858890739016593,-0.948927250762735,0
-0.6224604847504593,-0.06556468168733408,-1.1839330414661757,-0.015620609228609717,-1.6490320063431652,-1.2702669690263801,-1.1931085566160113,0.6014167670256413,-0.9777477409918889,-0.5010493760978059,0
0.7839208784789949,-0.06556468168733408,-0.030704704472457878,1.090263229965003,-0.0544755675670345,1.159645216768088,0.8381467004446593,0.6014167670256413,0.4611922621848325,-0.5010493760978059,1
-0.7787250806648427,1.4373506578504092,-1.1839330414661757,-1.1215044484222225,-0.2997919427633623,0.18768034245030202,0.8381467004446593,0.6014167670256413,-0.7858890739016593,-1.5087745940938964,1
-1.8725772520655304,-0.06556468168733408,-0.030704704472457878,-1.1215044484222225,-1.2810574435486735,1.159645216768088,-1.1931085566160113,0.6014167670256413,-1.265535741627233,-0.2771104387653413,0
-1.716312656151147,-0.06556468168733408,-1.1839330414661757,-0.015620609228609717,-1.526373818745001,-0.5412933132880401,-1.1931085566160113,0.6014167670256413,-0.5940304068114298,-0.8369577820965027,0
1.4089792621365311,-0.06556468168733408,-0.030704704472457878,-1.1215044484222225,0.6814735580219489,-0.29830209470859204,-1.1931085566160113,0.6014167670256413,0.1734042615494882,-0.8369577820965027,1
-1.716312656151147,-0.06556468168733408,-1.1839330414661757,-0.015620609228609717,-1.4037156311468373,-0.784284531867486,-1.1931085566160113,-1.6627404735414788,-0.0184544055407413,-1.396805125427664,0
-1.716312656151147,-0.06556468168733408,-1.1839330414661757,-0.015620609228609717,-1.0357410683523456,-0.055310876129146085,-1.1931085566160113,-1.6627404735414788,0.07747492800437346,-0.948927250762735,0
0.9401854743933811,1.4373506578504092,-0.030704704472457878,1.090263229965003,1.1721063084146044,-0.784284531867486,0.8381467004446593,0.6014167670256413,0.8449095963652915,1.1784926538956784,1
1.0964500703077644,1.4373506578504092,-1.1839330414661757,-0.015620609228609717,-0.2997919427633623,0.18768034245030202,-1.1931085566160113,0.6014167670256413,-0.8818184074467741,-0.6130188447640381,0
0.0025978989070768233,1.4373506578504092,-1.1839330414661757,-1.1215044484222225,-0.667766505557854,-1.7562494061852731,0.8381467004446593,0.6014167670256413,-0.0184544055407413,-0.5010493760978059,0
0.0025978989070768233,-0.06556468168733408,-1.1839330414661757,-0.015620609228609717,-1.8943483815394928,-1.0272757504469332,-1.1931085566160113,-1.6627404735414788,-1.0736770745370037,-0.948927250762735,0
-1.247518868407994,-1.5684800212250773,-1.1839330414661757,-1.1215044484222225,-1.2810574435486735,-2.2422318433441673,-1.1931085566160113,-1.6627404735414788,-1.3614650751723478,-0.948927250762735,0
0.6276562825646116,1.4373506578504092,1.12252363252126,-0.015620609228609717,0.6814735580219489,1.159645216768088,0.8381467004446593,0.6014167670256413,0.1734042615494882,1.1784926538956784,1
-1.8725772520655304,-0.06556468168733408,-1.1839330414661757,-0.015620609228609717,-1.4037156311468373,0.18768034245030202,0.8381467004446593,-1.6627404735414788,-0.8818184074467741,-1.6207440627601286,0
0.7839208784789949,-0.06556468168733408,1.12252363252126,-1.1215044484222225,0.31349899522745717,1.159645216768088,0.8381467004446593,0.6014167670256413,0.07747492800437346,-0.16514097009910902,1
-0.15366669700730792,-0.06556468168733408,-1.1839330414661757,-1.1215044484222225,-0.4224501303615262,0.673662779609194,-1.1931085566160113,0.6014167670256413,-0.9777477409918889,-1.396805125427664,0
1.5652438580509145,1.4373506578504092,1.12252363252126,1.090263229965003,1.2947644960127682,1.159645216768088,0.8381467004446593,0.6014167670256413,1.5164149311810948,1.2904621225619106,1
1.0964500703077644,1.4373506578504092,-1.1839330414661757,-0.015620609228609717,1.0494481208164406,1.159645216768088,0.8381467004446593,0.6014167670256413,1.5164149311810948,1.0665231852294461,0
-1.716312656151147,-0.06556468168733408,-0.030704704472457878,-1.1215044484222225,-0.7904246931560178,-0.055310876129146085,0.8381467004446593,-1.6627404735414788,-1.0736770745370037,-0.948927250762735,0
0.7839208784789949,-0.06556468168733408,-0.030704704472457878,1.090263229965003,1.1721063084146044,1.159645216768088,0.8381467004446593,0.6014167670256413,0.3652629286397177,-0.5010493760978059,1
-0.4661958888360746,1.4373506578504092,1.12252363252126,-0.015620609228609717,-0.2997919427633623,0.18768034245030202,0.8381467004446593,0.6014167670256413,0.8449095963652915,-1.0608967194289673,0
0.7839208784789949,1.4373506578504092,1.12252363252126,1.090263229965003,1.2947644960127682,1.159645216768088,0.8381467004446593,0.6014167670256413,0.07747492800437346,1.0665231852294461,1
1.0964500703077644,-0.06556468168733408,1.12252363252126,1.090263229965003,0.5588153704237849,1.159645216768088,0.8381467004446593,0.6014167670256413,1.1326975970006357,1.0665231852294461,0
-0.30993129292169125,-1.5684800212250773,-1.1839330414661757,-1.1215044484222225,-1.4037156311468373,-0.5412933132880401,-1.1931085566160113,-1.6627404735414788,-1.1696064080821185,-1.8446830000925933,0
-0.6224604847504593,-0.06556468168733408,-1.1839330414661757,-1.1215044484222225,-0.4224501303615262,-0.055310876129146085,-1.1931085566160113,-1.6627404735414788,-1.3614650751723478,-0.948927250762735,0
-0.30993129292169125,-0.06556468168733408,-1.1839330414661757,-0.015620609228609717,-1.2810574435486735,-0.055310876129146085,-1.1931085566160113,0.6014167670256413,0.1734042615494882,0.17076743589958782,0
0.9401854743933811,-0.06556468168733408,-0.030704704472457878,1.090263229965003,0.6814735580219489,0.673662779609194,0.8381467004446593,0.6014167670256413,0.269333595094603,1.5144010598943751,1
-0.4661958888360746,-1.5684800212250773,-0.030704704472457878,-1.1215044484222225,-0.1771337551651984,0.18768034245030202,-1.1931085566160113,0.6014167670256413,0.8449095963652915,-0.6130188447640381,0
-1.8725772520655304,1.4373506578504092,1.12252363252126,1.090263229965003,-0.0544755675670345,-1.513258187605826,0.8381467004446593,0.6014167670256413,-1.1696064080821185,-0.7249883134302705,1
0.9401854743933811,1.4373506578504092,1.12252363252126,1.090263229965003,1.2947644960127682,1.159645216768088,0.8381467004446593,0.6014167670256413,1.036768263455521,0.7306147792307492,1
-1.0912542724936107,-0.06556468168733408,-1.1839330414661757,-1.1215044484222225,0.19084080762929329,-1.7562494061852731,-1.1931085566160113,0.6014167670256413,-1.3614650751723478,-0.5010493760978059,0
1.5652438580509145,-0.06556468168733408,-0.030704704472457878,-0.015620609228609717,-0.4224501303615262,-0.29830209470859204,0.8381467004446593,0.6014167670256413,0.5571215957299472,1.2904621225619106,1
-1.5600480602367621,-0.06556468168733408,-0.030704704472457878,-0.015620609228609717,-0.4224501303615262,0.673662779609194,0.8381467004446593,0.6014167670256413,0.1734042615494882,-0.7249883134302705,0
0.7839208784789949,1.4373506578504092,1.12252363252126,1.090263229965003,1.2947644960127682,1.159645216768088,0.8381467004446593,0.6014167670256413,1.5164149311810948,0.7306147792307492,1
1.4089792621365311,-0.06556468168733408,-0.030704704472457878,1.090263229965003,1.2947644960127682,0.43067156102974796,0.8381467004446593,0.6014167670256413,1.3245562640908652,0.7306147792307492,0
1.5652438580509145,1.4373506578504092,-1.1839330414661757,1.090263229965003,0.06818262003112939,-1.0272757504469332,-1.1931085566160113,-1.6627404735414788,-0.11438373908585606,0.8425842478969815,0
-1.8725772520655304,-1.5684800212250773,-1.1839330414661757,-1.1215044484222225,-1.771690193941329,-1.99924062476472,-1.1931085566160113,0.6014167670256413,-1.3614650751723478,-0.3890799074315736,0
-0.4661958888360746,1.4373506578504092,1.12252363252126,-1.1215044484222225,0.19084080762929329,0.673662779609194,-1.1931085566160113,-1.6627404735414788,1.036768263455521,-0.6130188447640381,0
0.6276562825646116,-1.5684800212250773,-1.1839330414661757,-1.1215044484222225,-1.0357410683523456,-1.7562494061852731,0.8381467004446593,-1.6627404735414788,-0.0184544055407413,-0.8369577820965027,0
-0.6224604847504593,-1.5684800212250773,-1.1839330414661757,-0.015620609228609717,-0.9130828807541818,-1.7562494061852731,-1.1931085566160113,0.6014167670256413,-0.9777477409918889,-0.8369577820965027,0
1.0964500703077644,1.4373506578504092,1.12252363252126,1.090263229965003,1.2947644960127682,1.159645216768088,0.8381467004446593,0.6014167670256413,1.42048559763598,1.2904621225619106,1
-0.6224604847504593,-0.06556468168733408,-1.1839330414661757,-1.1215044484222225,-2.3849811319321486,0.43067156102974796,-1.1931085566160113,-1.6627404735414788,-1.0736770745370037,-1.6207440627601286,0
-1.8725772520655304,-0.06556468168733408,-1.1839330414661757,-1.1215044484222225,-1.4037156311468373,-0.055310876129146085,0.8381467004446593,0.6014167670256413,-1.265535741627233,-0.6130188447640381,0
0.47139168665022824,-0.06556468168733408,-1.1839330414661757,1.090263229965003,0.9267899332182766,-0.5412933132880401,0.8381467004446593,0.6014167670256413,0.4611922621848325,-0.7249883134302705,1
0.7839208784789949,-0.06556468168733408,-0.030704704472457878,-0.015620609228609717,-1.1583992559505094,-1.0272757504469332,-1.1931085566160113,0.6014167670256413,-1.3614650751723478,-0.3890799074315736,0
0.7839208784789949,1.4373506578504092,1.12252363252126,-1.1215044484222225,0.9267899332182766,-0.055310876129146085,0.8381467004446593,0.6014167670256413,1.3245562640908652,1.0665231852294461,1
0.47139168665022824,1.4373506578504092,1.12252363252126,1.090263229965003,1.2947644960127682,1.159645216768088,0.8381467004446593,0.6014167670256413,0.7489802628201767,1.4024315912281429,1
-1.8725772520655304,-0.06556468168733408,-0.030704704472457878,-0.015620609228609717,0.06818262003112939,1.159645216768088,-1.1931085566160113,-1.6627404735414788,1.3245562640908652,-1.0608967194289673,0
-1.8725772520655304,-1.5684800212250773,-1.1839330414661757,-1.1215044484222225,-1.4037156311468373,-1.7562494061852731,-1.1931085566160113,0.6014167670256413,-0.8818184074467741,0.058797967233355536,0
0.47139168665022824,1.4373506578504092,1.12252363252126,-1.1215044484222225,0.43615718282562105,-0.5412933132880401,0.8381467004446593,0.6014167670256413,-0.21031307263097082,0.9545537165632137,0
-1.8725772520655304,-0.06556468168733408,-1.1839330414661757,-0.015620609228609717,-1.1583992559505094,-1.99924062476472,-1.1931085566160113,0.6014167670256413,-0.8818184074467741,0.058797967233355536,0
-1.247518868407994,-0.06556468168733408,-0.030704704472457878,-1.1215044484222225,-1.1583992559505094,-0.055310876129146085,-1.1931085566160113,-1.6627404735414788,-1.3614650751723478,-0.3890799074315736,1
-1.8725772520655304,-0.06556468168733408,-1.1839330414661757,-1.1215044484222225,-1.6490320063431652,1.159645216768088,0.8381467004446593,-1.6627404735414788,-0.8818184074467741,-1.1728661880951996,0
0.0025978989070768233,-0.06556468168733408,-1.1839330414661757,-1.1215044484222225,-0.4224501303615262,-1.2702669690263801,-1.1931085566160113,-1.6627404735414788,-1.3614650751723478,-1.5087745940938964,0
-0.4661958888360746,-0.06556468168733408,-1.1839330414661757,-1.1215044484222225,0.6814735580219489,-1.99924062476472,-1.1931085566160113,-1.6627404735414788,-0.11438373908585606,-0.16514097009910902,0
-1.8725772520655304,-1.5684800212250773,-0.030704704472457878,-1.1215044484222225,-0.0544755675670345,-1.7562494061852731,-1.1931085566160113,0.6014167670256413,0.269333595094603,-0.5010493760978059,0
-1.247518868407994,-1.5684800212250773,-0.030704704472457878,-0.015620609228609717,0.31349899522745717,-1.0272757504469332,-1.1931085566160113,0.6014167670256413,0.8449095963652915,-1.732713531426361,0
0.9401854743933811,1.4373506578504092,1.12252363252126,1.090263229965003,0.8041317456201127,-1.0272757504469332,0.8381467004446593,0.6014167670256413,-0.5940304068114298,1.1784926538956784,1
-1.4037834643223788,-0.06556468168733408,1.12252363252126,-1.1215044484222225,0.06818262003112939,0.18768034245030202,0.8381467004446593,-1.6627404735414788,0.8449095963652915,-0.8369577820965027,0
-0.15366669700730792,-0.06556468168733408,-1.1839330414661757,-0.015620609228609717,-0.667766505557854,0.18768034245030202,0.8381467004446593,-1.6627404735414788,-1.3614650751723478,0.9545537165632137,0
-0.15366669700730792,-0.06556468168733408,-0.030704704472457878,-1.1215044484222225,1.2947644960127682,1.159645216768088,0.8381467004446593,0.6014167670256413,0.7489802628201767,1.2904621225619106,1
-1.8725772520655304,-0.06556468168733408,-1.1839330414661757,-1.1215044484222225,-0.1771337551651984,0.43067156102974796,0.8381467004446593,0.6014167670256413,-1.3614650751723478,0.2827369045658201,0
-1.8725772520655304,-1.5684800212250773,-0.030704704472457878,-1.1215044484222225,-0.1771337551651984,-0.055310876129146085,0.8381467004446593,0.6014167670256413,-1.3614650751723478,-0.6130188447640381,0
-0.6224604847504593,-0.06556468168733408,-1.1839330414661757,-0.015620609228609717,-0.5451083179596901,-1.7562494061852731,-1.1931085566160113,0.6014167670256413,-1.3614650751723478,-0.948927250762735,0
-0.30993129292169125,-0.06556468168733408,-0.030704704472457878,-0.015620609228609717,-1.771690193941329,-0.5412933132880401,-1.1931085566160113,-1.6627404735414788,-1.0736770745370037,-1.1728661880951996,0
1.5652438580509145,1.4373506578504092,1.12252363252126,1.090263229965003,1.2947644960127682,1.159645216768088,0.8381467004446593,0.6014167670256413,1.036768263455521,1.2904621225619106,1
-1.8725772520655304,-1.5684800212250773,1.12252363252126,-1.1215044484222225,-1.6490320063431652,-1.99924062476472,-1.1931085566160113,-1.6627404735414788,-1.3614650751723478,-0.8369577820965027,0
-0.15366669700730792,-1.5684800212250773,-1.1839330414661757,-1.1215044484222225,-1.526373818745001,-1.2702669690263801,-1.1931085566160113,-1.6627404735414788,-0.8818184074467741,-0.6130188447640381,0
-1.716312656151147,-1.5684800212250773,-1.1839330414661757,-0.015620609228609717,0.19084080762929329,-1.99924062476472,-1.1931085566160113,0.6014167670256413,-1.3614650751723478,-0.5010493760978059,0
-0.4661958888360746,-1.5684800212250773,-1.1839330414661757,-0.015620609228609717,-1.526373818745001,0.43067156102974796,0.8381467004446593,-1.6627404735414788,-1.3614650751723478,-0.7249883134302705,0
0.9401854743933811,-1.5684800212250773,1.12252363252126,-0.015620609228609717,-1.0357410683523456,-2.2422318433441673,0.8381467004446593,0.6014167670256413,0.7489802628201767,-0.3890799074315736,0
-1.8725772520655304,-0.06556468168733408,-1.1839330414661757,-1.1215044484222225,-0.667766505557854,-0.29830209470859204,-1.1931085566160113,-1.6627404735414788,-0.9777477409918889,-1.0608967194289673,0
-1.8725772520655304,-0.06556468168733408,-1.1839330414661757,-0.015620609228609717,0.06818262003112939,-1.2702669690263801,0.8381467004446593,0.6014167670256413,-1.0736770745370037,-1.0608967194289673,0
0.15886249482146017,-0.06556468168733408,1.12252363252126,1.090263229965003,0.43615718282562105,0.43067156102974796,0.8381467004446593,0.6014167670256413,-0.11438373908585606,1.2904621225619106,1
0.9401854743933811,1.4373506578504092,1.12252363252126,1.090263229965003,1.0494481208164406,0.916653998188642,0.8381467004446593,0.6014167670256413,0.5571215957299472,1.1784926538956784,0
1.4089792621365311,-0.06556468168733408,-0.030704704472457878,-1.1215044484222225,-0.667766505557854,0.18768034245030202,-1.1931085566160113,-1.6627404735414788,-1.3614650751723478,-0.948927250762735,1
-0.30993129292169125,-1.5684800212250773,-1.1839330414661757,-0.015620609228609717,0.43615718282562105,-1.0272757504469332,-1.1931085566160113,-1.6627404735414788,-0.7858890739016593,-0.948927250762735,0
0.7839208784789949,1.4373506578504092,1.12252363252126,-0.015620609228609717,1.2947644960127682,1.159645216768088,0.8381467004446593,0.6014167670256413,1.2286269305457505,0.2827369045658201,1
-1.247518868407994,-0.06556468168733408,-1.1839330414661757,1.090263229965003,0.19084080762929329,0.43067156102974796,0.8381467004446593,0.6014167670256413,1.1326975970006357,-0.7249883134302705,1
0.47139168665022824,1.4373506578504092,1.12252363252126,1.090263229965003,1.2947644960127682,1.159645216768088,0.8381467004446593,0.6014167670256413,0.653050929275062,1.2904621225619106,1
1.0964500703077644,-0.06556468168733408,-0.030704704472457878,1.090263229965003,-0.0544755675670345,1.159645216768088,0.8381467004446593,0.6014167670256413,-0.7858890739016593,0.7306147792307492,0
0.9401854743933811,-0.06556468168733408,1.12252363252126,1.090263229965003,1.2947644960127682,1.159645216768088,0.8381467004446593,0.6014167670256413,1.3245562640908652,0.9545537165632137,1
-1.5600480602367621,-0.06556468168733408,-1.1839330414661757,-1.1215044484222225,-1.1583992559505094,-1.0272757504469332,-1.1931085566160113,0.6014167670256413,-1.265535741627233,-0.8369577820965027,0
1.2527146662221478,1.4373506578504092,1.12252363252126,1.090263229965003,0.6814735580219489,1.159645216768088,0.8381467004446593,0.6014167670256413,1.7082735982713242,0.9545537165632137,1
-0.9349896765792275,1.4373506578504092,1.12252363252126,1.090263229965003,1.0494481208164406,0.43067156102974796,0.8381467004446593,0.6014167670256413,0.5571215957299472,-0.5010493760978059,1
-1.8725772520655304,-0.06556468168733408,-1.1839330414661757,-0.015620609228609717,0.43615718282562105,0.916653998188642,-1.1931085566160113,-1.6627404735414788,-1.3614650751723478,-0.3890799074315736,0
0.15886249482146017,-0.06556468168733408,-0.030704704472457878,-1.1215044484222225,-0.1771337551651984,1.159645216768088,0.8381467004446593,0.6014167670256413,0.5571215957299472,-1.0608967194289673,1
0.3151270907358449,1.4373506578504092,-1.1839330414661757,-0.015620609228609717,0.6814735580219489,-0.29830209470859204,0.8381467004446593,0.6014167670256413,0.9408389299104063,-0.5010493760978059,1
-1.8725772520655304,-0.06556468168733408,1.12252363252126,-1.1215044484222225,-0.9130828807541818,0.673662779609194,0.8381467004446593,0.6014167670256413,1.5164149311810948,-0.6130188447640381,1
-1.4037834643223788,-0.06556468168733408,-1.1839330414661757,-1.1215044484222225,-1.526373818745001,-0.5412933132880401,0.8381467004446593,-1.6627404735414788,-0.7858890739016593,-0.3890799074315736,0
1.7215084539653005,-1.5684800212250773,1.12252363252126,1.090263229965003,1.1721063084146044,0.43067156102974796,0.8381467004446593,0.6014167670256413,0.7489802628201767,1.4024315912281429,1
-0.30993129292169125,-1.5684800212250773,-1.1839330414661757,-1.1215044484222225,-0.9130828807541818,0.43067156102974796,0.8381467004446593,0.6014167670256413,-1.3614650751723478,-0.5010493760978059,0
-1.5600480602367621,-0.06556468168733408,-0.030704704472457878,-1.1215044484222225,-0.667766505557854,0.673662779609194,0.8381467004446593,0.6014167670256413,-1.3614650751723478,-0.7249883134302705,1
-1.5600480602367621,-0.06556468168733408,-0.030704704472457878,1.090263229965003,0.31349899522745717,-2.7282142805030603,-1.1931085566160113,-1.6627404735414788,-0.30624240617608556,-1.8446830000925933,1
-0.15366669700730792,1.4373506578504092,-1.1839330414661757,-0.015620609228609717,0.5588153704237849,0.43067156102974796,-1.1931085566160113,-1.6627404735414788,0.653050929275062,-1.2848356567614319,0
-1.8725772520655304,-0.06556468168733408,-0.030704704472457878,-1.1215044484222225,-1.1583992559505094,-1.0272757504469332,-1.1931085566160113,0.6014167670256413,-0.5940304068114298,-1.2848356567614319,0
0.0025978989070768233,-0.06556468168733408,1.12252363252126,-1.1215044484222225,0.19084080762929329,-0.5412933132880401,0.8381467004446593,0.6014167670256413,0.7489802628201767,-0.7249883134302705,1
1.2527146662221478,1.4373506578504092,1.12252363252126,1.090263229965003,0.6814735580219489,0.18768034245030202,0.8381467004446593,0.6014167670256413,0.4611922621848325,0.9545537165632137,0
0.9401854743933811,-0.06556468168733408,1.12252363252126,1.090263229965003,1.2947644960127682,1.159645216768088,0.8381467004446593,0.6014167670256413,0.653050929275062,1.5144010598943751,1
-1.8725772520655304,-0.06556468168733408,-0.030704704472457878,-0.015620609228609717,1.0494481208164406,0.43067156102974796,0.8381467004446593,0.6014167670256413,0.269333595094603,1.4024315912281429,1
0.7839208784789949,-0.06556468168733408,-1.1839330414661757,-1.1215044484222225,0.8041317456201127,0.673662779609194,-1.1931085566160113,0.6014167670256413,0.9408389299104063,-1.5087745940938964,0
-0.6224604847504593,-0.06556468168733408,-0.030704704472457878,-0.015620609228609717,-2.2623229443339845,0.916653998188642,0.8381467004446593,0.6014167670256413,-0.11438373908585606,-0.2771104387653413,0
0.6276562825646116,1.4373506578504092,1.12252363252126,-0.015620609228609717,1.0494481208164406,-0.29830209470859204,0.8381467004446593,0.6014167670256413,0.4611922621848325,1.0665231852294461,1
0.0025978989070768233,-1.5684800212250773,1.12252363252126,-1.1215044484222225,0.43615718282562105,-0.29830209470859204,0.8381467004446593,0.6014167670256413,0.1734042615494882,0.8425842478969815,0
-0.4661958888360746,-0.06556468168733408,-1.1839330414661757,-0.015620609228609717,-1.1583992559505094,-0.055310876129146085,-1.1931085566160113,0.6014167670256413,0.269333595094603,0.058797967233355536,0
0.7839208784789949,-1.5684800212250773,-1.1839330414661757,-0.015620609228609717,0.06818262003112939,1.159645216768088,0.8381467004446593,0.6014167670256413,-1.3614650751723478,1.1784926538956784,1
-0.15366669700730792,-0.06556468168733408,-1.1839330414661757,-1.1215044484222225,-1.2810574435486735,-0.29830209470859204,-1.1931085566160113,0.6014167670256413,-1.3614650751723478,-0.948927250762735,0
-0.15366669700730792,-0.06556468168733408,-0.030704704472457878,-1.1215044484222225,-0.1771337551651984,0.18768034245030202,-1.1931085566160113,-1.6627404735414788,1.036768263455521,0.5066758418982846,0
1.7215084539653005,1.4373506578504092,1.12252363252126,1.090263229965003,1.2947644960127682,1.159645216768088,0.8381467004446593,0.6014167670256413,1.3245562640908652,-0.8369577820965027,1
1.0964500703077644,-1.5684800212250773,1.12252363252126,1.090263229965003,1.2947644960127682,1.159645216768088,0.8381467004446593,0.6014167670256413,-1.3614650751723478,-0.8369577820965027,1
0.47139168665022824,-0.06556468168733408,-1.1839330414661757,-1.1215044484222225,0.19084080762929329,0.673662779609194,0.8381467004446593,0.6014167670256413,1.5164149311810948,1.4024315912281429,0
0.47139168665022824,-0.06556468168733408,-1.1839330414661757,-1.1215044484222225,-0.667766505557854,0.43067156102974796,0.8381467004446593,0.6014167670256413,-1.3614650751723478,-1.0608967194289673,0
-0.15366669700730792,-1.5684800212250773,-1.1839330414661757,-1.1215044484222225,0.8041317456201127,-0.29830209470859204,-1.1931085566160113,0.6014167670256413,-1.3614650751723478,-0.5010493760978059,0
-0.15366669700730792,-0.06556468168733408,-0.030704704472457878,-1.1215044484222225,-1.1583992559505094,-1.513258187605826,0.8381467004446593,0.6014167670256413,-0.5940304068114298,-0.3890799074315736,1
1.2527146662221478,-1.5684800212250773,-0.030704704472457878,-1.1215044484222225,-0.0544755675670345,0.43067156102974796,-1.1931085566160113,-1.6627404735414788,0.269333595094603,-0.05317150143287675,0
-1.5600480602367621,-0.06556468168733408,-1.1839330414661757,1.090263229965003,-0.1771337551651984,-0.055310876129146085,-1.1931085566160113,-1.6627404735414788,-0.4021717397212003,-0.7249883134302705,0
0.0025978989070768233,-0.06556468168733408,1.12252363252126,-1.1215044484222225,-0.4224501303615262,0.43067156102974796,0.8381467004446593,-1.6627404735414788,-0.0184544055407413,-1.1728661880951996,1
-1.5600480602367621,-0.06556468168733408,-1.1839330414661757,-0.015620609228609717,-0.5451083179596901,-1.513258187605826,-1.1931085566160113,-1.6627404735414788,-0.5940304068114298,-0.3890799074315736,0
0.15886249482146017,1.4373506578504092,-1.1839330414661757,-0.015620609228609717,-1.0357410683523456,-0.055310876129146085,0.8381467004446593,0.6014167670256413,-0.0184544055407413,-0.7249883134302705,1
0.3151270907358449,1.4373506578504092,1.12252363252126,1.090263229965003,1.2947644960127682,1.159645216768088,0.8381467004446593,0.6014167670256413,0.8449095963652915,1.4024315912281429,1
0.0025978989070768233,-0.06556468168733408,1.12252363252126,-1.1215044484222225,-0.1771337551651984,0.916653998188642,0.8381467004446593,0.6014167670256413,1.804202931816439,0.5066758418982846,1
1.0964500703077644,-0.06556468168733408,-2.3371613784598937,-1.1215044484222225,-0.5451083179596901,0.916653998188642,0.8381467004446593,0.6014167670256413,0.653050929275062,0.17076743589958782,1
-0.7787250806648427,1.4373506578504092,1.12252363252126,1.090263229965003,1.2947644960127682,1.159645216768088,0.8381467004446593,0.6014167670256413,1.9960615989066686,0.8425842478969815,1
0.0025978989070768233,1.4373506578504092,1.12252363252126,2.1961470691586156,0.31349899522745717,0.43067156102974796,0.8381467004446593,0.6014167670256413,1.2286269305457505,0.7306147792307492,1
0.3151270907358449,1.4373506578504092,1.12252363252126,-1.1215044484222225,1.2947644960127682,1.159645216768088,0.8381467004446593,0.6014167670256413,1.9001322653615538,1.2904621225619106,1
0.47139168665022824,-0.06556468168733408,-0.030704704472457878,-1.1215044484222225,0.19084080762929329,-0.29830209470859204,0.8381467004446593,0.6014167670256413,-0.30624240617608556,-0.2771104387653413,0
-0.6224604847504593,-1.5684800212250773,-0.030704704472457878,-1.1215044484222225,-1.0357410683523456,-1.99924062476472,-1.1931085566160113,0.6014167670256413,-0.21031307263097082,-0.7249883134302705,0
0.15886249482146017,-0.06556468168733408,-0.030704704472457878,-0.015620609228609717,0.43615718282562105,-1.99924062476472,-1.1931085566160113,0.6014167670256413,-0.30624240617608556,-0.2771104387653413,0
-0.30993129292169125,-0.06556468168733408,1.12252363252126,-0.015620609228609717,1.1721063084146044,-0.29830209470859204,-1.1931085566160113,0.6014167670256413,0.269333595094603,-0.3890799074315736,0
-0.4661958888360746,-0.06556468168733408,-0.030704704472457878,-1.1215044484222225,-0.4224501303615262,0.18768034245030202,-1.1931085566160113,0.6014167670256413,-0.7858890739016593,-0.6130188447640381,0
-1.8725772520655304,-0.06556468168733408,-0.030704704472457878,-1.1215044484222225,-0.0544755675670345,0.43067156102974796,-1.1931085566160113,0.6014167670256413,-1.3614650751723478,-0.8369577820965027,0
0.0025978989070768233,-0.06556468168733408,1.12252363252126,1.090263229965003,1.2947644960127682,0.18768034245030202,0.8381467004446593,0.6014167670256413,-0.0184544055407413,1.2904621225619106,1
1.2527146662221478,-0.06556468168733408,1.12252363252126,-1.1215044484222225,0.6814735580219489,1.159645216768088,0.8381467004446593,0.6014167670256413,0.653050929275062,-0.8369577820965027,1
-0.7787250806648427,-0.06556468168733408,-1.1839330414661757,-0.015620609228609717,-1.526373818745001,-1.2702669690263801,-1.1931085566160113,-1.6627404735414788,-0.9777477409918889,-1.2848356567614319,0
0.9401854743933811,1.4373506578504092,1.12252363252126,1.090263229965003,0.31349899522745717,0.673662779609194,0.8381467004446593,0.6014167670256413,0.653050929275062,1.1784926538956784,1
-0.30993129292169125,-0.06556468168733408,-0.030704704472457878,-1.1215044484222225,-2.1396647567358205,-1.0272757504469332,-1.1931085566160113,-1.6627404735414788,0.1734042615494882,-0.2771104387653413,0
0.7839208784789949,-0.06556468168733408,-0.030704704472457878,1.090263229965003,1.0494481208164406,0.18768034245030202,0.8381467004446593,0.6014167670256413,1.1326975970006357,1.1784926538956784,1
-0.6224604847504593,-0.06556468168733408,-1.1839330414661757,-0.015620609228609717,-2.1396647567358205,-0.784284531867486,-1.1931085566160113,0.6014167670256413,-1.3614650751723478,-1.0608967194289673,0
-0.9349896765792275,-0.06556468168733408,1.12252363252126,-1.1215044484222225,0.19084080762929329,0.18768034245030202,0.8381467004446593,0.6014167670256413,0.8449095963652915,-0.2771104387653413,0
-0.30993129292169125,-0.06556468168733408,1.12252363252126,2.1961470691586156,1.2947644960127682,0.673662779609194,0.8381467004446593,0.6014167670256413,1.6123442647262096,0.5066758418982846,1
0.0025978989070768233,-1.5684800212250773,-1.1839330414661757,-0.015620609228609717,-1.0357410683523456,-0.784284531867486,-1.1931085566160113,-1.6627404735414788,-1.3614650751723478,-1.396805125427664,0
-0.15366669700730792,-0.06556468168733408,-0.030704704472457878,-1.1215044484222225,-0.5451083179596901,-1.2702669690263801,-1.1931085566160113,0.6014167670256413,-0.7858890739016593,-0.7249883134302705,0
1.0964500703077644,-0.06556468168733408,-0.030704704472457878,-1.1215044484222225,-0.2997919427633623,-0.5412933132880401,-1.1931085566160113,-1.6627404735414788,-1.265535741627233,-1.396805125427664,0
-0.15366669700730792,-1.5684800212250773,-1.1839330414661757,-0.015620609228609717,-0.2997919427633623,-2.2422318433441673,-1.1931085566160113,-1.6627404735414788,-1.0736770745370037,-0.8369577820965027,0
1.2527146662221478,1.4373506578504092,1.12252363252126,1.090263229965003,0.31349899522745717,0.18768034245030202,0.8381467004446593,0.6014167670256413,0.653050929275062,-1.0608967194289673,1
0.0025978989070768233,1.4373506578504092,-1.1839330414661757,1.090263229965003,-0.0544755675670345,0.673662779609194,0.8381467004446593,0.6014167670256413,-1.1696064080821185,0.618645310564517,1
0.9401854743933811,1.4373506578504092,1.12252363252126,1.090263229965003,1.2947644960127682,1.159645216768088,0.8381467004446593,0.6014167670256413,1.1326975970006357,1.4024315912281429,1
1.0964500703077644,1.4373506578504092,1.12252363252126,1.090263229965003,1.2947644960127682,1.159645216768088,0.8381467004446593,0.6014167670256413,0.5571215957299472,1.5144010598943751,1
-1.5600480602367621,-0.06556468168733408,1.12252363252126,-1.1215044484222225,-0.2997919427633623,-0.5412933132880401,0.8381467004446593,0.6014167670256413,-0.0184544055407413,-0.8369577820965027,0
0.47139168665022824,1.4373506578504092,-1.1839330414661757,1.090263229965003,1.0494481208164406,-1.2702669690263801,0.8381467004446593,-1.6627404735414788,1.2286269305457505,0.8425842478969815,0
-1.8725772520655304,-0.06556468168733408,-0.030704704472457878,-0.015620609228609717,-0.0544755675670345,-2.971205499082507,-1.1931085566160113,0.6014167670256413,-0.5940304068114298,-0.6130188447640381,1
0.15886249482146017,-0.06556468168733408,1.12252363252126,1.090263229965003,1.2947644960127682,-0.5412933132880401,0.8381467004446593,-1.6627404735414788,0.07747492800437346,1.2904621225619106,0
0.15886249482146017,-0.06556468168733408,-0.030704704472457878,-0.015620609228609717,-0.667766505557854,1.159645216768088,0.8381467004446593,0.6014167670256413,-0.0184544055407413,0.7306147792307492,0
0.47139168665022824,1.4373506578504092,-1.1839330414661757,-1.1215044484222225,-0.667766505557854,-0.5412933132880401,-1.1931085566160113,0.6014167670256413,1.036768263455521,-0.8369577820965027,1
0.15886249482146017,-1.5684800212250773,1.12252363252126,-0.015620609228609717,1.2947644960127682,-1.2702669690263801,-1.1931085566160113,0.6014167670256413,-1.3614650751723478,-0.3890799074315736,0
0.7839208784789949,1.4373506578504092,1.12252363252126,1.090263229965003,1.2947644960127682,1.159645216768088,0.8381467004446593,0.6014167670256413,1.036768263455521,1.1784926538956784,1
-1.8725772520655304,1.4373506578504092,1.12252363252126,1.090263229965003,-1.6490320063431652,0.916653998188642,0.8381467004446593,-1.6627404735414788,-0.21031307263097082,-1.0608967194289673,0
0.6276562825646116,1.4373506578504092,1.12252363252126,-1.1215044484222225,-1.6490320063431652,-0.29830209470859204,0.8381467004446593,-1.6627404735414788,-0.5940304068114298,-1.8446830000925933,0
0.6276562825646116,-0.06556468168733408,1.12252363252126,1.090263229965003,1.2947644960127682,1.159645216768088,0.8381467004446593,0.6014167670256413,0.1734042615494882,1.4024315912281429,1
-1.0912542724936107,-0.06556468168733408,-1.1839330414661757,-0.015620609228609717,-1.771690193941329,-3.214196717661954,-1.1931085566160113,-1.6627404735414788,-1.3614650751723478,-1.396805125427664,0
-0.7787250806648427,-0.06556468168733408,-1.1839330414661757,-1.1215044484222225,-0.4224501303615262,-0.784284531867486,-1.1931085566160113,0.6014167670256413,-0.4021717397212003,-0.7249883134302705,0
0.9401854743933811,-0.06556468168733408,-1.1839330414661757,-1.1215044484222225,0.43615718282562105,-0.784284531867486,-1.1931085566160113,0.6014167670256413,-0.4021717397212003,-0.948927250762735,0
0.47139168665022824,-0.06556468168733408,-0.030704704472457878,-0.015620609228609717,-1.0357410683523456,-0.5412933132880401,0.8381467004446593,0.6014167670256413,1.036768263455521,-1.0608967194289673,0
-1.4037834643223788,-1.5684800212250773,-1.1839330414661757,-1.1215044484222225,-1.0357410683523456,-2.485223061923614,-1.1931085566160113,-1.6627404735414788,-1.1696064080821185,-1.732713531426361,1
-1.8725772520655304,-1.5684800212250773,-0.030704704472457878,-1.1215044484222225,-0.2997919427633623,0.18768034245030202,-1.1931085566160113,0.6014167670256413,-0.11438373908585606,1.0665231852294461,0
-1.4037834643223788,-0.06556468168733408,-1.1839330414661757,-0.015620609228609717,-2.3849811319321486,-1.7562494061852731,-1.1931085566160113,0.6014167670256413,-1.3614650751723478,-0.7249883134302705,0
0.9401854743933811,-1.5684800212250773,1.12252363252126,-1.1215044484222225,0.9267899332182766,0.43067156102974796,0.8381467004446593,0.6014167670256413,1.3245562640908652,-0.5010493760978059,1
-0.4661958888360746,1.4373506578504092,-1.1839330414661757,-1.1215044484222225,-0.1771337551651984,-1.7562494061852731,-1.1931085566160113,-1.6627404735414788,-1.3614650751723478,-0.5010493760978059,0
-1.5600480602367621,-1.5684800212250773,1.12252363252126,-0.015620609228609717,-1.526373818745001,-0.29830209470859204,0.8381467004446593,-1.6627404735414788,-0.5940304068114298,-1.2848356567614319,0
-0.4661958888360746,-1.5684800212250773,-0.030704704472457878,-0.015620609228609717,-1.6490320063431652,-1.513258187605826,-1.1931085566160113,-1.6627404735414788,0.3652629286397177,-0.7249883134302705,0
-1.247518868407994,-0.06556468168733408,-0.030704704472457878,-1.1215044484222225,-0.7904246931560178,-0.29830209470859204,-1.1931085566160113,-1.6627404735414788,-1.3614650751723478,-1.9566524687588256,0
-1.8725772520655304,-1.5684800212250773,1.12252363252126,-1.1215044484222225,-0.7904246931560178,0.673662779609194,0.8381467004446593,0.6014167670256413,0.5571215957299472,-0.05317150143287675,1
0.0025978989070768233,-0.06556468168733408,-1.1839330414661757,-1.1215044484222225,-0.9130828807541818,-0.29830209470859204,-1.1931085566160113,-1.6627404735414788,-1.3614650751723478,-1.2848356567614319,0
1.2527146662221478,1.4373506578504092,1.12252363252126,1.090263229965003,1.2947644960127682,0.673662779609194,0.8381467004446593,0.6014167670256413,0.1734042615494882,1.0665231852294461,1
-0.30993129292169125,-1.5684800212250773,-0.030704704472457878,-0.015620609228609717,-1.8943483815394928,-1.513258187605826,-1.1931085566160113,-1.6627404735414788,-1.3614650751723478,-1.2848356567614319,0
-0.15366669700730792,-0.06556468168733408,-1.1839330414661757,-1.1215044484222225,-2.1396647567358205,0.18768034245030202,-1.1931085566160113,0.6014167670256413,-1.3614650751723478,-0.05317150143287675,0
-1.247518868407994,-0.06556468168733408,-1.1839330414661757,-1.1215044484222225,-0.4224501303615262,-2.485223061923614,-1.1931085566160113,0.6014167670256413,0.1734042615494882,-0.948927250762735,0
0.0025978989070768233,-1.5684800212250773,-1.1839330414661757,1.090263229965003,-0.4224501303615262,0.673662779609194,-1.1931085566160113,0.6014167670256413,1.42048559763598,-1.2848356567614319,0
-0.4661958888360746,-0.06556468168733408,-1.1839330414661757,-1.1215044484222225,1.0494481208164406,-0.784284531867486,-1.1931085566160113,0.6014167670256413,-1.265535741627233,-0.948927250762735,0
-1.247518868407994,-0.06556468168733408,-1.1839330414661757,-0.015620609228609717,-0.667766505557854,-0.5412933132880401,-1.1931085566160113,0.6014167670256413,-1.3614650751723478,-1.5087745940938964,0
-0.30993129292169125,-1.5684800212250773,-1.1839330414661757,-1.1215044484222225,-1.8943483815394928,-0.055310876129146085,-1.1931085566160113,-1.6627404735414788,-0.0184544055407413,-0.6130188447640381,0
-0.15366669700730792,-0.06556468168733408,-0.030704704472457878,-0.015620609228609717,-0.0544755675670345,1.159645216768088,0.8381467004446593,0.6014167670256413,0.7489802628201767,1.1784926538956784,0
1.0964500703077644,-0.06556468168733408,-1.1839330414661757,1.090263229965003,-1.526373818745001,-1.2702669690263801,0.8381467004446593,0.6014167670256413,0.653050929275062,-0.6130188447640381,0
-0.4661958888360746,-0.06556468168733408,1.12252363252126,-1.1215044484222225,1.0494481208164406,1.159645216768088,0.8381467004446593,0.6014167670256413,-0.0184544055407413,0.9545537165632137,1
-0.30993129292169125,1.4373506578504092,-1.1839330414661757,-0.015620609228609717,0.31349899522745717,0.916653998188642,-1.1931085566160113,-1.6627404735414788,0.653050929275062,-0.7249883134302705,0
-0.15366669700730792,-0.06556468168733408,-1.1839330414661757,-0.015620609228609717,0.06818262003112939,-1.513258187605826,-1.1931085566160113,0.6014167670256413,-0.7858890739016593,-1.8446830000925933,0
0.0025978989070768233,-0.06556468168733408,-1.1839330414661757,-1.1215044484222225,-0.667766505557854,-0.784284531867486,0.8381467004446593,0.6014167670256413,0.9408389299104063,1.4024315912281429,1
-0.9349896765792275,-0.06556468168733408,1.12252363252126,1.090263229965003,-0.9130828807541818,-1.2702669690263801,0.8381467004446593,-1.6627404735414788,-1.1696064080821185,-1.396805125427664,0
-1.247518868407994,-0.06556468168733408,-0.030704704472457878,-0.015620609228609717,1.2947644960127682,-1.0272757504469332,0.8381467004446593,0.6014167670256413,0.8449095963652915,1.1784926538956784,0
0.6276562825646116,1.4373506578504092,1.12252363252126,1.090263229965003,1.2947644960127682,1.159645216768088,0.8381467004446593,0.6014167670256413,1.036768263455521,1.5144010598943751,1
1.7215084539653005,1.4373506578504092,1.12252363252126,1.090263229965003,1.2947644960127682,0.673662779609194,0.8381467004446593,0.6014167670256413,1.5164149311810948,0.9545537165632137,1
0.7839208784789949,-0.06556468168733408,1.12252363252126,-1.1215044484222225,-1.4037156311468373,-1.2702669690263801,0.8381467004446593,0.6014167670256413,0.5571215957299472,-0.16514097009910902,1
-0.6224604847504593,-0.06556468168733408,-0.030704704472457878,-1.1215044484222225,-1.4037156311468373,-1.2702669690263801,-1.1931085566160113,0.6014167670256413,-0.9777477409918889,-1.9566524687588256,0
-1.8725772520655304,-0.06556468168733408,-0.030704704472457878,-1.1215044484222225,-0.4224501303615262,-1.513258187605826,-1.1931085566160113,-1.6627404735414788,-1.265535741627233,-0.8369577820965027,0
-0.6224604847504593,-0.06556468168733408,-1.1839330414661757,-1.1215044484222225,-2.1396647567358205,-0.5412933132880401,-1.1931085566160113,-1.6627404735414788,-1.1696064080821185,-0.16514097009910902,0
0.0025978989070768233,-1.5684800212250773,1.12252363252126,-0.015620609228609717,-0.667766505557854,-0.055310876129146085,0.8381467004446593,0.6014167670256413,0.8449095963652915,-1.0608967194289673,0
-1.716312656151147,-0.06556468168733408,1.12252363252126,-0.015620609228609717,-0.5451083179596901,-1.0272757504469332,0.8381467004446593,0.6014167670256413,0.1734042615494882,-0.5010493760978059,0
0.47139168665022824,-0.06556468168733408,1.12252363252126,1.090263229965003,0.19084080762929329,-0.784284531867486,0.8381467004446593,0.6014167670256413,1.1326975970006357,1.2904621225619106,1
-0.9349896765792275,-1.5684800212250773,-1.1839330414661757,-1.1215044484222225,0.9267899332182766,0.18768034245030202,-1.1931085566160113,0.6014167670256413,0.5571215957299472,-1.0608967194289673,1
1.4089792621365311,1.4373506578504092,1.12252363252126,-1.1215044484222225,0.9267899332182766,1.159645216768088,-1.1931085566160113,-1.6627404735414788,0.5571215957299472,-0.948927250762735,0
-0.6224604847504593,-1.5684800212250773,-1.1839330414661757,-0.015620609228609717,-0.4224501303615262,-0.29830209470859204,-1.1931085566160113,-1.6627404735414788,-1.3614650751723478,-0.948927250762735,0
1.4089792621365311,-1.5684800212250773,1.12252363252126,1.090263229965003,0.19084080762929329,1.159645216768088,0.8381467004446593,0.6014167670256413,1.2286269305457505,1.0665231852294461,1
0.0025978989070768233,-0.06556468168733408,-1.1839330414661757,-1.1215044484222225,0.19084080762929329,-0.784284531867486,0.8381467004446593,0.6014167670256413,0.5571215957299472,-1.0608967194289673,1
-0.15366669700730792,-0.06556468168733408,1.12252363252126,1.090263229965003,0.5588153704237849,-0.29830209470859204,0.8381467004446593,0.6014167670256413,0.5571215957299472,0.9545537165632137,0
-0.30993129292169125,1.4373506578504092,1.12252363252126,1.090263229965003,1.2947644960127682,0.916653998188642,0.8381467004446593,0.6014167670256413,1.036768263455521,0.9545537165632137,1
-0.15366669700730792,1.4373506578504092,-0.030704704472457878,1.090263229965003,-0.667766505557854,-1.2702669690263801,0.8381467004446593,0.6014167670256413,0.5571215957299472,1.0665231852294461,0
0.7839208784789949,-0.06556468168733408,1.12252363252126,-1.1215044484222225,-0.2997919427633623,-2.2422318433441673,-1.1931085566160113,0.6014167670256413,-1.3614650751723478,1.0665231852294461,0
0.9401854743933811,-0.06556468168733408,1.12252363252126,1.090263229965003,1.2947644960127682,1.159645216768088,0.8381467004446593,0.6014167670256413,0.9408389299104063,0.618645310564517,1
0.7839208784789949,1.4373506578504092,1.12252363252126,-0.015620609228609717,-0.0544755675670345,1.159645216768088,0.8381467004446593,0.6014167670256413,0.9408389299104063,1.2904621225619106,1
-0.15366669700730792,-0.06556468168733408,-0.030704704472457878,-0.015620609228609717,0.8041317456201127,1.159645216768088,0.8381467004446593,0.6014167670256413,0.269333595094603,0.7306147792307492,1
0.3151270907358449,-0.06556468168733408,-0.030704704472457878,-0.015620609228609717,-0.2997919427633623,-0.29830209470859204,0.8381467004446593,0.6014167670256413,1.42048559763598,-1.1728661880951996,1
0.0025978989070768233,-0.06556468168733408,-1.1839330414661757,-1.1215044484222225,-0.1771337551651984,-1.2702669690263801,-1.1931085566160113,0.6014167670256413,-1.3614650751723478,-0.7249883134302705,0
0.15886249482146017,-0.06556468168733408,-0.030704704472457878,-1.1215044484222225,-0.7904246931560178,0.43067156102974796,0.8381467004446593,-1.6627404735414788,0.9408389299104063,-1.5087745940938964,0
-1.5600480602367621,-0.06556468168733408,-1.1839330414661757,-1.1215044484222225,-0.0544755675670345,-0.5412933132880401,-1.1931085566160113,0.6014167670256413,-1.265535741627233,-0.5010493760978059,0
-1.247518868407994,-1.5684800212250773,-1.1839330414661757,-0.015620609228609717,-2.3849811319321486,-1.7562494061852731,-1.1931085566160113,0.6014167670256413,-1.3614650751723478,-1.732713531426361,0
-1.4037834643223788,-1.5684800212250773,-0.030704704472457878,-1.1215044484222225,-0.7904246931560178,-0.29830209470859204,0.8381467004446593,0.6014167670256413,1.1326975970006357,-0.8369577820965027,0
-0.4661958888360746,-1.5684800212250773,-1.1839330414661757,-1.1215044484222225,1.2947644960127682,1.159645216768088,-1.1931085566160113,-1.6627404735414788,1.42048559763598,-0.8369577820965027,1
0.6276562825646116,1.4373506578504092,1.12252363252126,1.090263229965003,0.9267899332182766,-1.0272757504469332,0.8381467004446593,0.6014167670256413,-1.1696064080821185,0.2827369045658201,0
-0.7787250806648427,-0.06556468168733408,-0.030704704472457878,-0.015620609228609717,-1.4037156311468373,0.18768034245030202,-1.1931085566160113,-1.6627404735414788,-1.3614650751723478,-1.1728661880951996,0
0.15886249482146017,1.4373506578504092,1.12252363252126,1.090263229965003,1.2947644960127682,1.159645216768088,0.8381467004446593,-1.6627404735414788,1.2286269305457505,0.5066758418982846,1
0.0025978989070768233,-1.5684800212250773,-1.1839330414661757,-0.015620609228609717,-1.526373818745001,-1.2702669690263801,-1.1931085566160113,-1.6627404735414788,-1.3614650751723478,-1.2848356567614319,0
-1.8725772520655304,-0.06556468168733408,-0.030704704472457878,-1.1215044484222225,-0.7904246931560178,-1.7562494061852731,0.8381467004446593,0.6014167670256413,1.42048559763598,-0.2771104387653413,0
0.3151270907358449,-0.06556468168733408,-0.030704704472457878,-1.1215044484222225,0.31349899522745717,-0.29830209470859204,0.8381467004446593,0.6014167670256413,0.9408389299104063,1.2904621225619106,1
-1.8725772520655304,-1.5684800212250773,-0.030704704472457878,1.090263229965003,-1.6490320063431652,-0.784284531867486,0.8381467004446593,0.6014167670256413,-0.7858890739016593,-1.0608967194289673,0
0.3151270907358449,1.4373506578504092,1.12252363252126,1.090263229965003,0.6814735580219489,0.916653998188642,0.8381467004446593,0.6014167670256413,1.5164149311810948,1.0665231852294461,1
-0.7787250806648427,-1.5684800212250773,-0.030704704472457878,-0.015620609228609717,-0.1771337551651984,0.18768034245030202,-1.1931085566160113,0.6014167670256413,0.9408389299104063,-1.5087745940938964,0
0.3151270907358449,-0.06556468168733408,-1.1839330414661757,-0.015620609228609717,-0.5451083179596901,0.43067156102974796,0.8381467004446593,0.6014167670256413,0.1734042615494882,-0.8369577820965027,0
-1.4037834643223788,-0.06556468168733408,-1.1839330414661757,-1.1215044484222225,-1.6490320063431652,-1.99924062476472,-1.1931085566160113,-1.6627404735414788,-1.265535741627233,-0.2771104387653413,0
0.47139168665022824,1.4373506578504092,1.12252363252126,1.090263229965003,1.2947644960127682,1.159645216768088,0.8381467004446593,0.6014167670256413,1.804202931816439,0.9545537165632137,1
-0.15366669700730792,-1.5684800212250773,1.12252363252126,-1.1215044484222225,0.06818262003112939,0.18768034245030202,0.8381467004446593,0.6014167670256413,1.3245562640908652,-0.05317150143287675,0
1.2527146662221478,-1.5684800212250773,1.12252363252126,-1.1215044484222225,0.19084080762929329,-0.5412933132880401,-1.1931085566160113,-1.6627404735414788,0.3652629286397177,0.058797967233355536,0
-1.716312656151147,-1.5684800212250773,-1.1839330414661757,-0.015620609228609717,-2.017006569137657,-1.2702669690263801,-1.1931085566160113,-1.6627404735414788,-0.7858890739016593,-0.7249883134302705,0
1.0964500703077644,-1.5684800212250773,-1.1839330414661757,2.1961470691586156,-0.9130828807541818,-0.29830209470859204,0.8381467004446593,0.6014167670256413,0.4611922621848325,0.8425842478969815,0
1.5652438580509145,1.4373506578504092,1.12252363252126,-1.1215044484222225,0.9267899332182766,1.159645216768088,0.8381467004446593,0.6014167670256413,0.653050929275062,1.5144010598943751,1
0.3151270907358449,-0.06556468168733408,-1.1839330414661757,-0.015620609228609717,-1.6490320063431652,0.43067156102974796,-1.1931085566160113,-1.6627404735414788,0.4611922621848325,-0.6130188447640381,0
-1.5600480602367621,-0.06556468168733408,-1.1839330414661757,-1.1215044484222225,0.06818262003112939,0.43067156102974796,-1.1931085566160113,0.6014167670256413,1.3245562640908652,-0.05317150143287675,0
-0.6224604847504593,-0.06556468168733408,-1.1839330414661757,1.090263229965003,0.31349899522745717,-0.29830209470859204,0.8381467004446593,0.6014167670256413,0.269333595094603,-0.05317150143287675,0
0.15886249482146017,1.4373506578504092,1.12252363252126,1.090263229965003,1.2947644960127682,0.43067156102974796,0.8381467004446593,0.6014167670256413,0.4611922621848325,1.1784926538956784,1
0.15886249482146017,-1.5684800212250773,1.12252363252126,-1.1215044484222225,-0.1771337551651984,0.18768034245030202,-1.1931085566160113,-1.6627404735414788,0.4611922621848325,0.5066758418982846,1
0.0025978989070768233,-0.06556468168733408,-1.1839330414661757,-1.1215044484222225,-1.526373818745001,-0.784284531867486,0.8381467004446593,-1.6627404735414788,-0.4981010732663151,-1.5087745940938964,0
0.0025978989070768233,-0.06556468168733408,-0.030704704472457878,-0.015620609228609717,-1.4037156311468373,-0.055310876129146085,-1.1931085566160113,-1.6627404735414788,-0.4981010732663151,-0.6130188447640381,0
-0.15366669700730792,-1.5684800212250773,-0.030704704472457878,-1.1215044484222225,-1.0357410683523456,-0.055310876129146085,-1.1931085566160113,-1.6627404735414788,-0.21031307263097082,-1.8446830000925933,0
1.4089792621365311,1.4373506578504092,1.12252363252126,1.090263229965003,1.2947644960127682,1.159645216768088,0.8381467004446593,0.6014167670256413,1.9001322653615538,1.0665231852294461,1
1.0964500703077644,1.4373506578504092,1.12252363252126,-1.1215044484222225,1.2947644960127682,-0.29830209470859204,0.8381467004446593,0.6014167670256413,1.2286269305457505,1.1784926538956784,1
1.2527146662221478,-0.06556468168733408,-0.030704704472457878,1.090263229965003,1.2947644960127682,0.673662779609194,0.8381467004446593,0.6014167670256413,0.9408389299104063,1.0665231852294461,1
0.3151270907358449,-0.06556468168733408,-1.1839330414661757,-0.015620609228609717,0.19084080762929329,0.916653998188642,-1.1931085566160113,-1.6627404735414788,-1.3614650751723478,-0.948927250762735,0
0.0025978989070768233,1.4373506578504092,1.12252363252126,-1.1215044484222225,-0.0544755675670345,-1.0272757504469332,0.8381467004446593,0.6014167670256413,1.2286269305457505,1.2904621225619106,1
1.5652438580509145,-1.5684800212250773,1.12252363252126,1.090263229965003,0.9267899332182766,-0.29830209470859204,0.8381467004446593,0.6014167670256413,0.653050929275062,1.1784926538956784,1
-1.716312656151147,-0.06556468168733408,-0.030704704472457878,-0.015620609228609717,0.19084080762929329,-2.2422318433441673,0.8381467004446593,0.6014167670256413,1.1326975970006357,1.1784926538956784,1
1.0964500703077644,-0.06556468168733408,1.12252363252126,1.090263229965003,1.2947644960127682,0.916653998188642,0.8381467004446593,0.6014167670256413,1.1326975970006357,1.5144010598943751,1
-1.8725772520655304,-1.5684800212250773,-0.030704704472457878,-0.015620609228609717,0.19084080762929329,1.159645216768088,0.8381467004446593,0.6014167670256413,-1.3614650751723478,-0.6130188447640381,0
0.3151270907358449,-0.06556468168733408,-1.1839330414661757,1.090263229965003,0.9267899332182766,-0.29830209470859204,-1.1931085566160113,0.6014167670256413,1.036768263455521,0.058797967233355536,0
-0.15366669700730792,-0.06556468168733408,-1.1839330414661757,-0.015620609228609717,-0.4224501303615262,-2.2422318433441673,-1.1931085566160113,-1.6627404735414788,-1.3614650751723478,-1.732713531426361,0
-1.8725772520655304,-0.06556468168733408,-0.030704704472457878,-0.015620609228609717,-0.667766505557854,-2.7282142805030603,-1.1931085566160113,-1.6627404735414788,-0.9777477409918889,-0.7249883134302705,0
0.0025978989070768233,1.4373506578504092,1.12252363252126,-0.015620609228609717,1.1721063084146044,0.916653998188642,0.8381467004446593,0.6014167670256413,-0.7858890739016593,1.0665231852294461,1
-0.4661958888360746,-0.06556468168733408,-0.030704704472457878,-0.015620609228609717,0.43615718282562105,-1.0272757504469332,-1.1931085566160113,0.6014167670256413,-1.0736770745370037,-1.1728661880951996,0
-1.716312656151147,-0.06556468168733408,-0.030704704472457878,-1.1215044484222225,-1.0357410683523456,0.673662779609194,-1.1931085566160113,-1.6627404735414788,-1.3614650751723478,-0.8369577820965027,0
-1.4037834643223788,-0.06556468168733408,1.12252363252126,-1.1215044484222225,0.6814735580219489,0.43067156102974796,0.8381467004446593,0.6014167670256413,1.6123442647262096,0.9545537165632137,0
0.3151270907358449,-0.06556468168733408,-1.1839330414661757,-1.1215044484222225,1.2947644960127682,-0.5412933132880401,-1.1931085566160113,0.6014167670256413,-0.8818184074467741,-0.6130188447640381,1
0.47139168665022824,1.4373506578504092,1.12252363252126,1.090263229965003,1.2947644960127682,1.159645216768088,0.8381467004446593,0.6014167670256413,0.7489802628201767,1.2904621225619106,1
0.0025978989070768233,-0.06556468168733408,-0.030704704472457878,2.1961470691586156,-0.1771337551651984,-0.29830209470859204,0.8381467004446593,0.6014167670256413,0.1734042615494882,1.0665231852294461,0
-0.15366669700730792,-0.06556468168733408,-1.1839330414661757,1.090263229965003,-0.1771337551651984,-0.29830209470859204,-1.1931085566160113,-1.6627404735414788,0.8449095963652915,-1.6207440627601286,0
0.0025978989070768233,-0.06556468168733408,-1.1839330414661757,1.090263229965003,-0.4224501303615262,0.916653998188642,0.8381467004446593,-1.6627404735414788,0.1734042615494882,-1.0608967194289673,0
-0.15366669700730792,-0.06556468168733408,-0.030704704472457878,-0.015620609228609717,0.06818262003112939,-0.5412933132880401,-1.1931085566160113,0.6014167670256413,-1.265535741627233,-1.0608967194289673,0
1.2527146662221478,-0.06556468168733408,1.12252363252126,1.090263229965003,1.1721063084146044,-0.055310876129146085,0.8381467004446593,0.6014167670256413,0.7489802628201767,-0.5010493760978059,1
-1.716312656151147,-1.5684800212250773,-0.030704704472457878,-0.015620609228609717,-0.1771337551651984,0.43067156102974796,-1.1931085566160113,-1.6627404735414788,-0.0184544055407413,-0.7249883134302705,0
-1.4037834643223788,-1.5684800212250773,-1.1839330414661757,-1.1215044484222225,0.31349899522745717,-0.784284531867486,-1.1931085566160113,0.6014167670256413,-0.4021717397212003,-1.2848356567614319,1
0.7839208784789949,-0.06556468168733408,-1.1839330414661757,-1.1215044484222225,1.0494481208164406,-1.0272757504469332,-1.1931085566160113,0.6014167670256413,-0.30624240617608556,-1.1728661880951996,0
1.5652438580509145,1.4373506578504092,1.12252363252126,1.090263229965003,1.2947644960127682,1.159645216768088,0.8381467004446593,0.6014167670256413,1.3245562640908652,1.1784926538956784,1
-1.8725772520655304,-0.06556468168733408,-0.030704704472457878,-0.015620609228609717,-1.2810574435486735,-0.5412933132880401,-1.1931085566160113,0.6014167670256413,0.269333595094603,-1.6207440627601286,0
0.3151270907358449,-0.06556468168733408,-0.030704704472457878,-1.1215044484222225,-2.3849811319321486,-0.784284531867486,-1.1931085566160113,-1.6627404735414788,-1.3614650751723478,-1.732713531426361,0
-0.30993129292169125,-0.06556468168733408,-1.1839330414661757,-0.015620609228609717,-1.771690193941329,-1.513258187605826,0.8381467004446593,0.6014167670256413,-1.3614650751723478,-1.5087745940938964,0
0.3151270907358449,-0.06556468168733408,1.12252363252126,-1.1215044484222225,0.31349899522745717,0.673662779609194,0.8381467004446593,0.6014167670256413,0.653050929275062,0.8425842478969815,1
1.5652438580509145,-0.06556468168733408,1.12252363252126,1.090263229965003,1.2947644960127682,1.159645216768088,0.8381467004446593,0.6014167670256413,-0.11438373908585606,0.7306147792307492,1
0.7839208784789949,1.4373506578504092,1.12252363252126,1.090263229965003,0.9267899332182766,1.159645216768088,0.8381467004446593,0.6014167670256413,0.269333595094603,1.5144010598943751,1
0.6276562825646116,-1.5684800212250773,-1.1839330414661757,-0.015620609228609717,0.19084080762929329,0.43067156102974796,0.8381467004446593,0.6014167670256413,-0.8818184074467741,0.3947063732320524,1
1.5652438580509145,1.4373506578504092,1.12252363252126,1.090263229965003,0.9267899332182766,0.673662779609194,0.8381467004446593,0.6014167670256413,0.7489802628201767,0.7306147792307492,1
1.0964500703077644,-0.06556468168733408,1.12252363252126,2.1961470691586156,1.1721063084146044,1.159645216768088,0.8381467004446593,0.6014167670256413,1.42048559763598,-0.2771104387653413,1
0.7839208784789949,1.4373506578504092,-0.030704704472457878,-0.015620609228609717,1.2947644960127682,1.159645216768088,-1.1931085566160113,0.6014167670256413,0.269333595094603,-1.396805125427664,1
0.15886249482146017,-0.06556468168733408,-1.1839330414661757,-1.1215044484222225,0.19084080762929329,0.43067156102974796,0.8381467004446593,0.6014167670256413,-1.3614650751723478,-1.2848356567614319,0
-0.30993129292169125,-0.06556468168733408,-1.1839330414661757,-0.015620609228609717,-1.2810574435486735,-1.7562494061852731,-1.1931085566160113,0.6014167670256413,-1.3614650751723478,-0.3890799074315736,0
0.47139168665022824,-0.06556468168733408,1.12252363252126,-0.015620609228609717,-0.0544755675670345,-1.0272757504469332,0.8381467004446593,0.6014167670256413,1.42048559763598,0.5066758418982846,1
0.6276562825646116,-0.06556468168733408,-0.030704704472457878,-0.015620609228609717,-1.2810574435486735,-0.784284531867486,0.8381467004446593,0.6014167670256413,1.6123442647262096,-0.16514097009910902,1
0.9401854743933811,1.4373506578504092,1.12252363252126,1.090263229965003,0.5588153704237849,0.673662779609194,0.8381467004446593,0.6014167670256413,0.653050929275062,-0.05317150143287675,0
-1.8725772520655304,-0.06556468168733408,-1.1839330414661757,-1.1215044484222225,-0.667766505557854,-1.7562494061852731,-1.1931085566160113,0.6014167670256413,-1.0736770745370037,-0.8369577820965027,0
1.0964500703077644,-0.06556468168733408,1.12252363252126,1.090263229965003,-0.1771337551651984,0.43067156102974796,0.8381467004446593,-1.6627404735414788,1.036768263455521,0.618645310564517,0
1.2527146662221478,1.4373506578504092,1.12252363252126,1.090263229965003,0.5588153704237849,0.916653998188642,0.8381467004446593,0.6014167670256413,1.7082735982713242,0.618645310564517,1
-1.4037834643223788,-0.06556468168733408,-1.1839330414661757,-0.015620609228609717,-2.2623229443339845,-1.99924062476472,-1.1931085566160113,-1.6627404735414788,-0.30624240617608556,-0.2771104387653413,0
0.9401854743933811,-0.06556468168733408,-1.1839330414661757,-0.015620609228609717,-0.9130828807541818,0.916653998188642,0.8381467004446593,0.6014167670256413,-0.30624240617608556,-0.3890799074315736,0
0.0025978989070768233,-0.06556468168733408,1.12252363252126,1.090263229965003,1.2947644960127682,1.159645216768088,0.8381467004446593,-1.6627404735414788,1.036768263455521,1.1784926538956784,1
-0.4661958888360746,-0.06556468168733408,-1.1839330414661757,-1.1215044484222225,-2.3849811319321486,-2.2422318433441673,-1.1931085566160113,-1.6627404735414788,-1.0736770745370037,-1.396805125427664,0
0.6276562825646116,-0.06556468168733408,1.12252363252126,1.090263229965003,0.43615718282562105,0.916653998188642,0.8381467004446593,0.6014167670256413,1.5164149311810948,1.2904621225619106,1
-0.30993129292169125,-0.06556468168733408,-1.1839330414661757,-0.015620609228609717,-0.4224501303615262,-1.7562494061852731,-1.1931085566160113,-1.6627404735414788,-1.0736770745370037,-0.5010493760978059,0
-1.0912542724936107,-1.5684800212250773,-0.030704704472457878,-0.015620609228609717,-1.8943483815394928,-0.5412933132880401,0.8381467004446593,0.6014167670256413,0.7489802628201767,-1.0608967194289673,1
-0.4661958888360746,1.4373506578504092,-0.030704704472457878,-0.015620609228609717,0.19084080762929329,0.18768034245030202,0.8381467004446593,0.6014167670256413,-0.30624240617608556,1.5144010598943751,1
-1.4037834643223788,-0.06556468168733408,-1.1839330414661757,-1.1215044484222225,-0.4224501303615262,0.43067156102974796,-1.1931085566160113,-1.6627404735414788,-1.3614650751723478,-1.0608967194289673,1
-1.247518868407994,-0.06556468168733408,-1.1839330414661757,-1.1215044484222225,-0.667766505557854,0.43067156102974796,-1.1931085566160113,0.6014167670256413,-1.1696064080821185,-1.2848356567614319,0
0.47139168665022824,1.4373506578504092,1.12252363252126,1.090263229965003,1.2947644960127682,-0.5412933132880401,0.8381467004446593,-1.6627404735414788,1.804202931816439,0.5066758418982846,0
-0.6224604847504593,1.4373506578504092,1.12252363252126,1.090263229965003,-0.1771337551651984,0.916653998188642,-1.1931085566160113,0.6014167670256413,0.07747492800437346,1.5144010598943751,0
-0.30993129292169125,-0.06556468168733408,1.12252363252126,-1.1215044484222225,-0.1771337551651984,0.43067156102974796,0.8381467004446593,0.6014167670256413,0.5571215957299472,0.8425842478969815,0
0.7839208784789949,1.4373506578504092,1.12252363252126,1.090263229965003,1.2947644960127682,1.159645216768088,0.8381467004446593,0.6014167670256413,1.6123442647262096,0.8425842478969815,1
0.7839208784789949,1.4373506578504092,1.12252363252126,-0.015620609228609717,-0.1771337551651984,0.18768034245030202,0.8381467004446593,0.6014167670256413,-0.21031307263097082,1.1784926538956784,0
1.4089792621365311,-1.5684800212250773,1.12252363252126,-0.015620609228609717,0.6814735580219489,0.673662779609194,0.8381467004446593,0.6014167670256413,0.4611922621848325,0.7306147792307492,1
-0.4661958888360746,-0.06556468168733408,-0.030704704472457878,-1.1215044484222225,-1.2810574435486735,-1.7562494061852731,-1.1931085566160113,-1.6627404735414788,-0.0184544055407413,-0.7249883134302705,0
1.0964500703077644,1.4373506578504092,1.12252363252126,1.090263229965003,1.2947644960127682,1.159645216768088,0.8381467004446593,0.6014167670256413,1.1326975970006357,1.5144010598943751,1
-0.30993129292169125,-0.06556468168733408,1.12252363252126,1.090263229965003,0.8041317456201127,1.159645216768088,0.8381467004446593,0.6014167670256413,0.1734042615494882,1.5144010598943751,1
-0.15366669700730792,-0.06556468168733408,-1.1839330414661757,-1.1215044484222225,-0.667766505557854,-0.5412933132880401,-1.1931085566160113,-1.6627404735414788,-1.3614650751723478,-1.732713531426361,0
1.8777730498796839,-0.06556468168733408,-0.030704704472457878,-0.015620609228609717,0.5588153704237849,-0.5412933132880401,0.8381467004446593,0.6014167670256413,-0.11438373908585606,-1.396805125427664,0
0.9401854743933811,1.4373506578504092,1.12252363252126,1.090263229965003,1.2947644960127682,1.159645216768088,0.8381467004446593,0.6014167670256413,1.1326975970006357,1.5144010598943751,1
0.3151270907358449,-1.5684800212250773,-0.030704704472457878,-1.1215044484222225,0.06818262003112939,-1.7562494061852731,-1.1931085566160113,-1.6627404735414788,-0.8818184074467741,1.2904621225619106,0
-0.15366669700730792,-0.06556468168733408,-0.030704704472457878,-0.015620609228609717,-1.0357410683523456,-0.5412933132880401,-1.1931085566160113,0.6014167670256413,-0.7858890739016593,-0.948927250762735,0
0.9401854743933811,1.4373506578504092,1.12252363252126,1.090263229965003,1.2947644960127682,1.159645216768088,0.8381467004446593,0.6014167670256413,1.2286269305457505,1.1784926538956784,1
0.9401854743933811,1.4373506578504092,1.12252363252126,1.090263229965003,1.2947644960127682,1.159645216768088,0.8381467004446593,-1.6627404735414788,1.5164149311810948,0.9545537165632137,1
-0.30993129292169125,-1.5684800212250773,-0.030704704472457878,-1.1215044484222225,-0.1771337551651984,-1.99924062476472,-1.1931085566160113,0.6014167670256413,1.3245562640908652,-1.6207440627601286,0
0.7839208784789949,-1.5684800212250773,1.12252363252126,-1.1215044484222225,0.8041317456201127,-0.784284531867486,0.8381467004446593,0.6014167670256413,-0.21031307263097082,0.618645310564517,1
1.7215084539653005,1.4373506578504092,1.12252363252126,1.090263229965003,1.2947644960127682,1.159645216768088,0.8381467004446593,0.6014167670256413,0.4611922621848325,1.5144010598943751,1
-1.8725772520655304,-1.5684800212250773,1.12252363252126,-0.015620609228609717,-1.526373818745001,-0.5412933132880401,0.8381467004446593,0.6014167670256413,-0.30624240617608556,0.9545537165632137,0
-1.716312656151147,-0.06556468168733408,-0.030704704472457878,-1.1215044484222225,-1.0357410683523456,0.18768034245030202,0.8381467004446593,0.6014167670256413,-0.0184544055407413,-0.7249883134302705,0
1.0964500703077644,1.4373506578504092,1.12252363252126,-1.1215044484222225,0.43615718282562105,0.18768034245030202,0.8381467004446593,0.6014167670256413,1.5164149311810948,0.8425842478969815,1
-0.4661958888360746,-1.5684800212250773,-1.1839330414661757,-1.1215044484222225,-0.7904246931560178,-0.5412933132880401,-1.1931085566160113,-1.6627404735414788,-0.5940304068114298,-0.2771104387653413,0
0.7839208784789949,1.4373506578504092,1.12252363252126,1.090263229965003,1.2947644960127682,1.159645216768088,0.8381467004446593,0.6014167670256413,0.4611922621848325,1.1784926538956784,1
-1.8725772520655304,-0.06556468168733408,1.12252363252126,-1.1215044484222225,0.43615718282562105,-0.055310876129146085,0.8381467004446593,0.6014167670256413,0.4611922621848325,-1.396805125427664,0
0.9401854743933811,1.4373506578504092,1.12252363252126,1.090263229965003,1.1721063084146044,0.916653998188642,0.8381467004446593,0.6014167670256413,1.42048559763598,0.8425842478969815,1
0.3151270907358449,-0.06556468168733408,-0.030704704472457878,-0.015620609228609717,0.6814735580219489,1.159645216768088,-1.1931085566160113,-1.6627404735414788,1.1326975970006357,0.5066758418982846,1
0.47139168665022824,-0.06556468168733408,1.12252363252126,-1.1215044484222225,1.2947644960127682,1.159645216768088,0.8381467004446593,0.6014167670256413,0.269333595094603,1.5144010598943751,1
-0.6224604847504593,-1.5684800212250773,-1.1839330414661757,-0.015620609228609717,-1.2810574435486735,0.673662779609194,-1.1931085566160113,-1.6627404735414788,-1.0736770745370037,-1.0608967194289673,0
0.15886249482146017,-1.5684800212250773,-0.030704704472457878,-1.1215044484222225,0.8041317456201127,-0.5412933132880401,0.8381467004446593,0.6014167670256413,1.5164149311810948,1.0665231852294461,0
0.9401854743933811,1.4373506578504092,1.12252363252126,1.090263229965003,1.0494481208164406,0.916653998188642,0.8381467004446593,0.6014167670256413,0.07747492800437346,1.1784926538956784,1
-1.0912542724936107,-1.5684800212250773,-0.030704704472457878,-0.015620609228609717,-1.8943483815394928,0.916653998188642,-1.1931085566160113,0.6014167670256413,-1.3614650751723478,-1.396805125427664,0
0.15886249482146017,-1.5684800212250773,-1.1839330414661757,-1.1215044484222225,-2.2623229443339845,-0.784284531867486,-1.1931085566160113,-1.6627404735414788,-1.265535741627233,-0.7249883134302705,0
-0.30993129292169125,-1.5684800212250773,1.12252363252126,-1.1215044484222225,0.43615718282562105,-1.0272757504469332,0.8381467004446593,0.6014167670256413,-0.5940304068114298,-0.3890799074315736,0
1.4089792621365311,-0.06556468168733408,-1.1839330414661757,-1.1215044484222225,0.19084080762929329,-0.055310876129146085,0.8381467004446593,0.6014167670256413,-1.3614650751723478,-1.2848356567614319,0
0.0025978989070768233,1.4373506578504092,1.12252363252126,1.090263229965003,1.2947644960127682,1.159645216768088,0.8381467004446593,0.6014167670256413,1.3245562640908652,0.9545537165632137,1
1.0964500703077644,-1.5684800212250773,1.12252363252126,1.090263229965003,0.9267899332182766,-0.29830209470859204,0.8381467004446593,0.6014167670256413,1.036768263455521,1.0665231852294461,1
-0.30993129292169125,-0.06556468168733408,-0.030704704472457878,-0.015620609228609717,-1.526373818745001,-1.2702669690263801,-1.1931085566160113,0.6014167670256413,-1.3614650751723478,-0.7249883134302705,0
-0.30993129292169125,-1.5684800212250773,-0.030704704472457878,-1.1215044484222225,1.0494481208164406,-0.29830209470859204,-1.1931085566160113,-1.6627404735414788,-1.3614650751723478,-1.1728661880951996,1
-0.15366669700730792,-1.5684800212250773,-0.030704704472457878,-1.1215044484222225,-1.2810574435486735,-0.29830209470859204,-1.1931085566160113,-1.6627404735414788,-1.3614650751723478,-1.2848356567614319,0
0.9401854743933811,1.4373506578504092,1.12252363252126,1.090263229965003,1.0494481208164406,1.159645216768088,0.8381467004446593,-1.6627404735414788,0.9408389299104063,0.9545537165632137,0
1.0964500703077644,1.4373506578504092,1.12252363252126,1.090263229965003,1.2947644960127682,0.43067156102974796,0.8381467004446593,0.6014167670256413,1.1326975970006357,1.1784926538956784,1
0.47139168665022824,1.4373506578504092,-0.030704704472457878,1.090263229965003,0.6814735580219489,0.916653998188642,0.8381467004446593,0.6014167670256413,0.5571215957299472,1.0665231852294461,1
-0.30993129292169125,-0.06556468168733408,-1.1839330414661757,-1.1215044484222225,-1.526373818745001,-2.2422318433441673,-1.1931085566160113,-1.6627404735414788,-0.4021717397212003,-0.3890799074315736,0
0.9401854743933811,-1.5684800212250773,-1.1839330414661757,-1.1215044484222225,0.31349899522745717,-0.5412933132880401,0.8381467004446593,0.6014167670256413,-1.3614650751723478,-0.16514097009910902,1
-0.15366669700730792,1.4373506578504092,-0.030704704472457878,-0.015620609228609717,-1.0357410683523456,-0.784284531867486,0.8381467004446593,0.6014167670256413,-0.7858890739016593,-0.948927250762735,0
1.8777730498796839,-0.06556468168733408,-0.030704704472457878,-0.015620609228609717,-0.4224501303615262,1.159645216768088,0.8381467004446593,0.6014167670256413,0.653050929275062,0.7306147792307492,1
1.0964500703077644,1.4373506578504092,1.12252363252126,1.090263229965003,1.2947644960127682,0.43067156102974796,0.8381467004446593,0.6014167670256413,0.3652629286397177,0.8425842478969815,1
0.6276562825646116,1.4373506578504092,1.12252363252126,1.090263229965003,1.2947644960127682,0.916653998188642,0.8381467004446593,0.6014167670256413,1.2286269305457505,1.1784926538956784,1
-1.0912542724936107,-0.06556468168733408,-1.1839330414661757,-1.1215044484222225,-0.9130828807541818,0.43067156102974796,-1.1931085566160113,0.6014167670256413,0.1734042615494882,-1.0608967194289673,0
1.5652438580509145,1.4373506578504092,1.12252363252126,1.090263229965003,1.2947644960127682,1.159645216768088,0.8381467004446593,0.6014167670256413,1.9960615989066686,0.618645310564517,1
1.5652438580509145,-0.06556468168733408,1.12252363252126,1.090263229965003,1.1721063084146044,0.916653998188642,0.8381467004446593,0.6014167670256413,0.9408389299104063,0.7306147792307492,1
-0.6224604847504593,-0.06556468168733408,-0.030704704472457878,-1.1215044484222225,-0.2997919427633623,-1.0272757504469332,0.8381467004446593,0.6014167670256413,-0.5940304068114298,-1.396805125427664,0
1.2527146662221478,1.4373506578504092,1.12252363252126,1.090263229965003,-1.0357410683523456,0.673662779609194,0.8381467004446593,0.6014167670256413,0.4611922621848325,0.9545537165632137,1
1.2527146662221478,-0.06556468168733408,-0.030704704472457878,1.090263229965003,0.19084080762929329,-1.2702669690263801,0.8381467004446593,0.6014167670256413,0.8449095963652915,1.1784926538956784,0
0.7839208784789949,-1.5684800212250773,-0.030704704472457878,1.090263229965003,1.0494481208164406,-2.485223061923614,0.8381467004446593,0.6014167670256413,0.4611922621848325,-0.7249883134302705,1
-1.4037834643223788,-0.06556468168733408,-1.1839330414661757,-1.1215044484222225,0.6814735580219489,-0.055310876129146085,-1.1931085566160113,0.6014167670256413,1.6123442647262096,0.9545537165632137,1
0.6276562825646116,1.4373506578504092,1.12252363252126,-1.1215044484222225,0.43615718282562105,-1.2702669690263801,0.8381467004446593,-1.6627404735414788,-0.21031307263097082,-1.6207440627601286,1
-1.5600480602367621,-1.5684800212250773,-1.1839330414661757,-1.1215044484222225,-0.1771337551651984,-3.214196717661954,-1.1931085566160113,-1.6627404735414788,-1.3614650751723478,-1.0608967194289673,0
-1.5600480602367621,-0.06556468168733408,1.12252363252126,-1.1215044484222225,0.8041317456201127,-0.5412933132880401,-1.1931085566160113,-1.6627404735414788,-0.4021717397212003,-0.6130188447640381,0
-1.8725772520655304,-0.06556468168733408,-1.1839330414661757,-0.015620609228609717,0.6814735580219489,-1.0272757504469332,-1.1931085566160113,-1.6627404735414788,0.9408389299104063,-1.2848356567614319,0
0.3151270907358449,1.4373506578504092,1.12252363252126,2.1961470691586156,0.19084080762929329,0.18768034245030202,0.8381467004446593,-1.6627404735414788,1.9960615989066686,0.7306147792307492,1
-0.15366669700730792,-0.06556468168733408,1.12252363252126,1.090263229965003,1.1721063084146044,1.159645216768088,0.8381467004446593,0.6014167670256413,1.3245562640908652,-0.2771104387653413,1
0.3151270907358449,-1.5684800212250773,-0.030704704472457878,1.090263229965003,0.9267899332182766,-1.0272757504469332,-1.1931085566160113,0.6014167670256413,-0.5940304068114298,-0.6130188447640381,0
-1.8725772520655304,-1.5684800212250773,1.12252363252126,1.090263229965003,0.6814735580219489,0.673662779609194,0.8381467004446593,0.6014167670256413,1.1326975970006357,1.0665231852294461,1
0.15886249482146017,-0.06556468168733408,-1.1839330414661757,-0.015620609228609717,0.43615718282562105,-0.29830209470859204,0.8381467004446593,0.6014167670256413,-0.4981010732663151,-0.948927250762735,0
-0.15366669700730792,-0.06556468168733408,1.12252363252126,-1.1215044484222225,1.2947644960127682,1.159645216768088,0.8381467004446593,0.6014167670256413,-0.11438373908585606,1.4024315912281429,1
0.15886249482146017,-1.5684800212250773,-0.030704704472457878,1.090263229965003,0.31349899522745717,1.159645216768088,0.8381467004446593,0.6014167670256413,0.7489802628201767,-0.7249883134302705,0
-0.15366669700730792,-0.06556468168733408,-0.030704704472457878,-1.1215044484222225,-0.4224501303615262,-0.784284531867486,-1.1931085566160113,0.6014167670256413,-1.3614650751723478,-0.8369577820965027,0
0.6276562825646116,1.4373506578504092,1.12252363252126,1.090263229965003,1.2947644960127682,1.159645216768088,0.8381467004446593,0.6014167670256413,0.9408389299104063,0.9545537165632137,1
0.6276562825646116,1.4373506578504092,1.12252363252126,2.1961470691586156,1.2947644960127682,0.673662779609194,0.8381467004446593,0.6014167670256413,0.7489802628201767,1.1784926538956784,1
1.0964500703077644,1.4373506578504092,1.12252363252126,1.090263229965003,1.1721063084146044,-0.5412933132880401,0.8381467004446593,0.6014167670256413,1.3245562640908652,0.618645310564517,1
0.0025978989070768233,-1.5684800212250773,-1.1839330414661757,-0.015620609228609717,-1.1583992559505094,-1.7562494061852731,-1.1931085566160113,0.6014167670256413,-1.3614650751723478,-0.7249883134302705,0
-1.716312656151147,-1.5684800212250773,-1.1839330414661757,-0.015620609228609717,-0.9130828807541818,-2.2422318433441673,-1.1931085566160113,-1.6627404735414788,1.3245562640908652,-1.0608967194289673,0
-0.30993129292169125,-0.06556468168733408,-0.030704704472457878,-1.1215044484222225,-0.7904246931560178,-1.99924062476472,0.8381467004446593,0.6014167670256413,1.42048559763598,-0.948927250762735,0
0.9401854743933811,-0.06556468168733408,-0.030704704472457878,2.1961470691586156,-0.1771337551651984,-1.2702669690263801,0.8381467004446593,-1.6627404735414788,-0.21031307263097082,-1.0608967194289673,0
0.6276562825646116,-0.06556468168733408,1.12252363252126,1.090263229965003,1.0494481208164406,1.159645216768088,0.8381467004446593,0.6014167670256413,1.036768263455521,0.8425842478969815,0
1.0964500703077644,-0.06556468168733408,1.12252363252126,1.090263229965003,0.31349899522745717,0.673662779609194,0.8381467004446593,0.6014167670256413,0.269333595094603,0.9545537165632137,1
-0.6224604847504593,-0.06556468168733408,1.12252363252126,-1.1215044484222225,0.9267899332182766,0.673662779609194,0.8381467004446593,-1.6627404735414788,-1.3614650751723478,-0.5010493760978059,0
-0.4661958888360746,-0.06556468168733408,-1.1839330414661757,-0.015620609228609717,-1.526373818745001,0.43067156102974796,-1.1931085566160113,-1.6627404735414788,-1.3614650751723478,-0.8369577820965027,0
0.7839208784789949,-0.06556468168733408,1.12252363252126,1.090263229965003,0.9267899332182766,0.673662779609194,0.8381467004446593,0.6014167670256413,-0.4021717397212003,1.1784926538956784,1
-0.30993129292169125,-1.5684800212250773,-1.1839330414661757,-1.1215044484222225,-2.017006569137657,-0.055310876129146085,0.8381467004446593,0.6014167670256413,-1.3614650751723478,-1.1728661880951996,0
-1.8725772520655304,-0.06556468168733408,-1.1839330414661757,-1.1215044484222225,0.31349899522745717,-0.5412933132880401,-1.1931085566160113,0.6014167670256413,-0.4981010732663151,-1.0608967194289673,0
1.0964500703077644,-0.06556468168733408,-0.030704704472457878,-1.1215044484222225,-0.4224501303615262,0.916653998188642,0.8381467004446593,0.6014167670256413,-1.3614650751723478,-1.0608967194289673,0
1.0964500703077644,1.4373506578504092,-1.1839330414661757,-1.1215044484222225,-0.2997919427633623,0.673662779609194,-1.1931085566160113,0.6014167670256413,-1.3614650751723478,-1.6207440627601286,0
-1.8725772520655304,-0.06556468168733408,-1.1839330414661757,-1.1215044484222225,-0.1771337551651984,0.18768034245030202,-1.1931085566160113,0.6014167670256413,-0.30624240617608556,-0.05317150143287675,0
0.15886249482146017,-1.5684800212250773,-0.030704704472457878,-1.1215044484222225,-0.0544755675670345,-0.055310876129146085,0.8381467004446593,0.6014167670256413,-0.4021717397212003,-0.5010493760978059,1
-0.9349896765792275,-0.06556468168733408,-1.1839330414661757,-1.1215044484222225,-1.1583992559505094,-2.485223061923614,-1.1931085566160113,-1.6627404735414788,-1.3614650751723478,-0.948927250762735,0
0.9401854743933811,-1.5684800212250773,-0.030704704472457878,-0.015620609228609717,1.1721063084146044,0.916653998188642,-1.1931085566160113,0.6014167670256413,-1.265535741627233,-0.6130188447640381,1
-1.4037834643223788,1.4373506578504092,1.12252363252126,1.090263229965003,0.5588153704237849,1.159645216768088,0.8381467004446593,0.6014167670256413,1.1326975970006357,1.5144010598943751,1
-0.4661958888360746,-0.06556468168733408,-0.030704704472457878,-0.015620609228609717,-1.2810574435486735,-2.2422318433441673,-1.1931085566160113,0.6014167670256413,-1.1696064080821185,-0.948927250762735,0
0.47139168665022824,-0.06556468168733408,-0.030704704472457878,-1.1215044484222225,1.0494481208164406,0.18768034245030202,0.8381467004446593,0.6014167670256413,0.8449095963652915,0.17076743589958782,1
-1.4037834643223788,-1.5684800212250773,-1.1839330414661757,-0.015620609228609717,-1.1583992559505094,-3.214196717661954,-1.1931085566160113,-1.6627404735414788,-1.3614650751723478,-1.6207440627601286,0
-1.5600480602367621,-0.06556468168733408,-0.030704704472457878,-0.015620609228609717,-1.4037156311468373,0.673662779609194,-1.1931085566160113,0.6014167670256413,0.269333595094603,-0.7249883134302705,0
-0.4661958888360746,-0.06556468168733408,-1.1839330414661757,-0.015620609228609717,-1.0357410683523456,0.18768034245030202,0.8381467004446593,0.6014167670256413,-0.11438373908585606,-0.948927250762735,0
0.7839208784789949,1.4373506578504092,1.12252363252126,1.090263229965003,1.2947644960127682,1.159645216768088,0.8381467004446593,0.6014167670256413,1.7082735982713242,1.5144010598943751,1
1.2527146662221478,-0.06556468168733408,1.12252363252126,1.090263229965003,1.2947644960127682,1.159645216768088,0.8381467004446593,0.6014167670256413,1.2286269305457505,1.2904621225619106,1
1.8777730498796839,-0.06556468168733408,1.12252363252126,-0.015620609228609717,1.2947644960127682,0.916653998188642,0.8381467004446593,0.6014167670256413,0.269333595094603,1.4024315912281429,0
0.7839208784789949,1.4373506578504092,1.12252363252126,2.1961470691586156,1.0494481208164406,1.159645216768088,0.8381467004446593,0.6014167670256413,0.4611922621848325,1.2904621225619106,1
-1.8725772520655304,-0.06556468168733408,-0.030704704472457878,-1.1215044484222225,0.06818262003112939,0.18768034245030202,-1.1931085566160113,0.6014167670256413,-0.9777477409918889,-0.7249883134302705,0
0.15886249482146017,-0.06556468168733408,-0.030704704472457878,-1.1215044484222225,0.31349899522745717,-0.784284531867486,-1.1931085566160113,0.6014167670256413,0.07747492800437346,-1.6207440627601286,0
0.3151270907358449,-0.06556468168733408,1.12252363252126,1.090263229965003,-1.6490320063431652,-0.5412933132880401,-1.1931085566160113,-1.6627404735414788,-1.3614650751723478,-1.8446830000925933,0
0.7839208784789949,-0.06556468168733408,1.12252363252126,1.090263229965003,1.2947644960127682,0.43067156102974796,0.8381467004446593,0.6014167670256413,0.5571215957299472,1.1784926538956784,1
-1.8725772520655304,-0.06556468168733408,-1.1839330414661757,-0.015620609228609717,-0.7904246931560178,-0.784284531867486,0.8381467004446593,-1.6627404735414788,-1.3614650751723478,-1.396805125427664,0
1.4089792621365311,1.4373506578504092,1.12252363252126,1.090263229965003,1.2947644960127682,1.159645216768088,0.8381467004446593,0.6014167670256413,0.3652629286397177,1.2904621225619106,1
1.2527146662221478,-0.06556468168733408,-1.1839330414661757,-1.1215044484222225,-0.7904246931560178,-0.784284531867486,-1.1931085566160113,0.6014167670256413,-0.7858890739016593,-1.2848356567614319,0
-1.716312656151147,-0.06556468168733408,-1.1839330414661757,1.090263229965003,0.8041317456201127,0.916653998188642,-1.1931085566160113,-1.6627404735414788,-1.3614650751723478,-0.6130188447640381,1
0.9401854743933811,1.4373506578504092,1.12252363252126,1.090263229965003,1.2947644960127682,1.159645216768088,0.8381467004446593,0.6014167670256413,1.036768263455521,1.4024315912281429,1
-0.30993129292169125,-0.06556468168733408,-1.1839330414661757,-1.1215044484222225,0.31349899522745717,-0.5412933132880401,-1.1931085566160113,-1.6627404735414788,0.653050929275062,-0.5010493760978059,0
-0.15366669700730792,1.4373506578504092,1.12252363252126,-1.1215044484222225,0.5588153704237849,0.43067156102974796,0.8381467004446593,0.6014167670256413,0.8449095963652915,1.4024315912281429,0
-0.30993129292169125,-1.5684800212250773,-0.030704704472457878,-0.015620609228609717,-1.1583992559505094,-1.2702669690263801,0.8381467004446593,0.6014167670256413,0.8449095963652915,1.4024315912281429,1
-0.15366669700730792,-1.5684800212250773,-1.1839330414661757,-1.1215044484222225,0.31349899522745717,-1.0272757504469332,-1.1931085566160113,0.6014167670256413,-1.0736770745370037,-0.2771104387653413,0
0.9401854743933811,-0.06556468168733408,-1.1839330414661757,-0.015620609228609717,-0.4224501303615262,-0.29830209470859204,-1.1931085566160113,0.6014167670256413,-0.4021717397212003,-1.396805125427664,0
1.7215084539653005,-0.06556468168733408,1.12252363252126,1.090263229965003,1.0494481208164406,1.159645216768088,0.8381467004446593,0.6014167670256413,0.9408389299104063,1.2904621225619106,1
1.0964500703077644,1.4373506578504092,1.12252363252126,1.090263229965003,0.5588153704237849,0.916653998188642,0.8381467004446593,0.6014167670256413,0.7489802628201767,1.1784926538956784,1
0.7839208784789949,-0.06556468168733408,1.12252363252126,1.090263229965003,0.9267899332182766,0.916653998188642,0.8381467004446593,0.6014167670256413,0.3652629286397177,0.3947063732320524,1
1.4089792621365311,-1.5684800212250773,1.12252363252126,1.090263229965003,1.2947644960127682,1.159645216768088,0.8381467004446593,0.6014167670256413,0.3652629286397177,0.3947063732320524,1
-0.6224604847504593,-0.06556468168733408,-1.1839330414661757,-0.015620609228609717,-0.667766505557854,1.159645216768088,-1.1931085566160113,-1.6627404735414788,-1.3614650751723478,-0.948927250762735,0
-0.7787250806648427,-0.06556468168733408,-0.030704704472457878,-1.1215044484222225,0.19084080762929329,-0.055310876129146085,0.8381467004446593,0.6014167670256413,1.3245562640908652,-1.2848356567614319,0
0.0025978989070768233,-0.06556468168733408,-0.030704704472457878,1.090263229965003,-0.1771337551651984,-0.055310876129146085,0.8381467004446593,0.6014167670256413,0.9408389299104063,0.7306147792307492,1
-1.247518868407994,-0.06556468168733408,1.12252363252126,-0.015620609228609717,-0.1771337551651984,0.43067156102974796,0.8381467004446593,0.6014167670256413,-0.9777477409918889,-0.5010493760978059,1
0.7839208784789949,-0.06556468168733408,1.12252363252126,1.090263229965003,0.6814735580219489,0.18768034245030202,0.8381467004446593,0.6014167670256413,0.653050929275062,1.5144010598943751,1
0.9401854743933811,1.4373506578504092,1.12252363252126,-1.1215044484222225,-1.0357410683523456,0.673662779609194,0.8381467004446593,0.6014167670256413,0.7489802628201767,0.8425842478969815,1
-0.30993129292169125,1.4373506578504092,1.12252363252126,-1.1215044484222225,0.9267899332182766,0.673662779609194,0.8381467004446593,-1.6627404735414788,1.036768263455521,0.7306147792307492,1
0.7839208784789949,1.4373506578504092,1.12252363252126,2.1961470691586156,1.2947644960127682,-0.29830209470859204,0.8381467004446593,0.6014167670256413,0.8449095963652915,0.2827369045658201,0
1.5652438580509145,1.4373506578504092,1.12252363252126,1.090263229965003,1.2947644960127682,1.159645216768088,0.8381467004446593,0.6014167670256413,0.8449095963652915,1.1784926538956784,1
1.2527146662221478,1.4373506578504092,1.12252363252126,1.090263229965003,1.2947644960127682,0.673662779609194,0.8381467004446593,0.6014167670256413,0.4611922621848325,1.1784926538956784,1
-0.15366669700730792,1.4373506578504092,1.12252363252126,-1.1215044484222225,1.2947644960127682,1.159645216768088,0.8381467004446593,-1.6627404735414788,0.4611922621848325,1.1784926538956784,0
0.47139168665022824,-0.06556468168733408,1.12252363252126,1.090263229965003,1.0494481208164406,-1.0272757504469332,-1.1931085566160113,-1.6627404735414788,1.804202931816439,-0.3890799074315736,1
-1.5600480602367621,-1.5684800212250773,-1.1839330414661757,-1.1215044484222225,-1.1583992559505094,0.916653998188642,0.8381467004446593,0.6014167670256413,-0.7858890739016593,1.1784926538956784,1
-1.247518868407994,-0.06556468168733408,-0.030704704472457878,1.090263229965003,-0.2997919427633623,-0.29830209470859204,0.8381467004446593,0.6014167670256413,0.7489802628201767,1.2904621225619106,0
-1.8725772520655304,-0.06556468168733408,-1.1839330414661757,-1.1215044484222225,0.31349899522745717,0.673662779609194,0.8381467004446593,0.6014167670256413,-0.21031307263097082,-0.3890799074315736,0
1.2527146662221478,-0.06556468168733408,1.12252363252126,-1.1215044484222225,1.0494481208164406,1.159645216768088,0.8381467004446593,0.6014167670256413,1.2286269305457505,-1.0608967194289673,1
0.3151270907358449,-0.06556468168733408,1.12252363252126,-1.1215044484222225,-1.8943483815394928,-0.5412933132880401,0.8381467004446593,0.6014167670256413,-1.265535741627233,-0.5010493760978059,0
-1.4037834643223788,-0.06556468168733408,-1.1839330414661757,-0.015620609228609717,-1.4037156311468373,0.43067156102974796,-1.1931085566160113,0.6014167670256413,0.7489802628201767,-0.8369577820965027,0
-1.8725772520655304,-1.5684800212250773,-1.1839330414661757,-1.1215044484222225,-0.7904246931560178,-1.513258187605826,-1.1931085566160113,-1.6627404735414788,0.269333595094603,-0.8369577820965027,0
0.7839208784789949,-0.06556468168733408,1.12252363252126,-0.015620609228609717,0.6814735580219489,0.916653998188642,0.8381467004446593,0.6014167670256413,0.653050929275062,0.9545537165632137,1
-0.15366669700730792,-0.06556468168733408,-1.1839330414661757,-1.1215044484222225,-1.2810574435486735,-1.0272757504469332,-1.1931085566160113,0.6014167670256413,-0.4981010732663151,-1.396805125427664,0
-0.15366669700730792,-0.06556468168733408,-1.1839330414661757,-1.1215044484222225,0.06818262003112939,-1.0272757504469332,-1.1931085566160113,-1.6627404735414788,-1.265535741627233,-0.8369577820965027,0
-1.247518868407994,-0.06556468168733408,-1.1839330414661757,-1.1215044484222225,-0.2997919427633623,-2.2422318433441673,-1.1931085566160113,-1.6627404735414788,-0.8818184074467741,-1.0608967194289673,0
-0.30993129292169125,-0.06556468168733408,-0.030704704472457878,1.090263229965003,-0.5451083179596901,-0.055310876129146085,-1.1931085566160113,0.6014167670256413,0.653050929275062,1.1784926538956784,1
-1.4037834643223788,-0.06556468168733408,-1.1839330414661757,-0.015620609228609717,-1.8943483815394928,-2.485223061923614,-1.1931085566160113,-1.6627404735414788,-1.3614650751723478,-0.7249883134302705,0
0.9401854743933811,-1.5684800212250773,1.12252363252126,-1.1215044484222225,-0.5451083179596901,-0.29830209470859204,0.8381467004446593,-1.6627404735414788,0.7489802628201767,-0.6130188447640381,0
1.2527146662221478,-1.5684800212250773,1.12252363252126,1.090263229965003,-0.2997919427633623,1.159645216768088,0.8381467004446593,0.6014167670256413,1.1326975970006357,1.0665231852294461,1
0.3151270907358449,-0.06556468168733408,-0.030704704472457878,-1.1215044484222225,-0.667766505557854,-0.5412933132880401,-1.1931085566160113,0.6014167670256413,-1.3614650751723478,-0.2771104387653413,0
-0.4661958888360746,-0.06556468168733408,-0.030704704472457878,-0.015620609228609717,-2.017006569137657,-1.0272757504469332,-1.1931085566160113,-1.6627404735414788,-1.3614650751723478,-0.8369577820965027,0
-0.4661958888360746,-1.5684800212250773,-1.1839330414661757,1.090263229965003,1.2947644960127682,0.43067156102974796,0.8381467004446593,0.6014167670256413,0.653050929275062,-0.7249883134302705,1
0.9401854743933811,-0.06556468168733408,1.12252363252126,1.090263229965003,1.2947644960127682,0.916653998188642,0.8381467004446593,0.6014167670256413,-0.4021717397212003,1.4024315912281429,0
-0.15366669700730792,1.4373506578504092,-1.1839330414661757,-1.1215044484222225,1.2947644960127682,1.159645216768088,-1.1931085566160113,0.6014167670256413,-0.11438373908585606,-0.05317150143287675,0
0.47139168665022824,-0.06556468168733408,-1.1839330414661757,-1.1215044484222225,0.19084080762929329,-0.29830209470859204,0.8381467004446593,0.6014167670256413,0.269333595094603,-0.5010493760978059,0
1.2527146662221478,-1.5684800212250773,-0.030704704472457878,-1.1215044484222225,1.1721063084146044,0.43067156102974796,0.8381467004446593,0.6014167670256413,0.07747492800437346,0.9545537165632137,0
0.9401854743933811,1.4373506578504092,-1.1839330414661757,-0.015620609228609717,1.2947644960127682,0.673662779609194,0.8381467004446593,0.6014167670256413,1.804202931816439,1.0665231852294461,0
-0.4661958888360746,-0.06556468168733408,-0.030704704472457878,-1.1215044484222225,-0.1771337551651984,-1.0272757504469332,-1.1931085566160113,0.6014167670256413,0.3652629286397177,-0.2771104387653413,0
1.0964500703077644,-0.06556468168733408,1.12252363252126,1.090263229965003,-0.2997919427633623,0.43067156102974796,0.8381467004446593,0.6014167670256413,0.5571215957299472,-0.2771104387653413,0
1.8777730498796839,-0.06556468168733408,1.12252363252126,-1.1215044484222225,0.6814735580219489,1.159645216768088,0.8381467004446593,0.6014167670256413,0.3652629286397177,0.7306147792307492,1
1.0964500703077644,-0.06556468168733408,1.12252363252126,1.090263229965003,0.6814735580219489,0.673662779609194,0.8381467004446593,0.6014167670256413,0.5571215957299472,-0.8369577820965027,1
1.0964500703077644,-1.5684800212250773,-1.1839330414661757,-0.015620609228609717,0.6814735580219489,1.159645216768088,0.8381467004446593,0.6014167670256413,0.5571215957299472,0.7306147792307492,1
1.2527146662221478,1.4373506578504092,1.12252363252126,1.090263229965003,1.2947644960127682,1.159645216768088,0.8381467004446593,0.6014167670256413,0.9408389299104063,0.9545537165632137,1
1.0964500703077644,-0.06556468168733408,1.12252363252126,-1.1215044484222225,0.5588153704237849,0.18768034245030202,0.8381467004446593,0.6014167670256413,1.1326975970006357,-0.6130188447640381,1
-0.6224604847504593,-1.5684800212250773,1.12252363252126,-0.015620609228609717,0.31349899522745717,-1.2702669690263801,-1.1931085566160113,-1.6627404735414788,1.42048559763598,-1.396805125427664,0
1.2527146662221478,-0.06556468168733408,1.12252363252126,1.090263229965003,0.8041317456201127,0.673662779609194,0.8381467004446593,0.6014167670256413,-0.4981010732663151,0.9545537165632137,1
-0.30993129292169125,-0.06556468168733408,-1.1839330414661757,-1.1215044484222225,-0.1771337551651984,-1.2702669690263801,-1.1931085566160113,0.6014167670256413,-1.3614650751723478,0.17076743589958782,0
-0.15366669700730792,-1.5684800212250773,-1.1839330414661757,-1.1215044484222225,-1.1583992559505094,-1.99924062476472,-1.1931085566160113,0.6014167670256413,-0.4981010732663151,-0.5010493760978059,0
1.2527146662221478,-0.06556468168733408,1.12252363252126,1.090263229965003,1.1721063084146044,-0.784284531867486,0.8381467004446593,0.6014167670256413,-0.11438373908585606,-0.05317150143287675,0
-0.30993129292169125,-0.06556468168733408,-0.030704704472457878,-1.1215044484222225,0.19084080762929329,0.916653998188642,-1.1931085566160113,0.6014167670256413,-1.265535741627233,-0.6130188447640381,0
-0.30993129292169125,-0.06556468168733408,1.12252363252126,-0.015620609228609717,0.8041317456201127,-0.29830209470859204,-1.1931085566160113,0.6014167670256413,-0.30624240617608556,-1.1728661880951996,0
0.9401854743933811,1.4373506578504092,1.12252363252126,1.090263229965003,1.2947644960127682,-0.055310876129146085,0.8381467004446593,0.6014167670256413,0.5571215957299472,0.8425842478969815,0
0.6276562825646116,-0.06556468168733408,-1.1839330414661757,-0.015620609228609717,-0.667766505557854,0.43067156102974796,-1.1931085566160113,-1.6627404735414788,0.07747492800437346,-1.396805125427664,0
-1.8725772520655304,-1.5684800212250773,-0.030704704472457878,-0.015620609228609717,-2.3849811319321486,-2.971205499082507,0.8381467004446593,-1.6627404735414788,-0.8818184074467741,-0.8369577820965027,0
0.0025978989070768233,-0.06556468168733408,-1.1839330414661757,1.090263229965003,-0.0544755675670345,-0.5412933132880401,0.8381467004446593,-1.6627404735414788,-0.7858890739016593,1.0665231852294461,0
-1.716312656151147,1.4373506578504092,1.12252363252126,1.090263229965003,0.6814735580219489,1.159645216768088,0.8381467004446593,0.6014167670256413,0.9408389299104063,1.1784926538956784,1
0.47139168665022824,-0.06556468168733408,1.12252363252126,1.090263229965003,0.9267899332182766,0.673662779609194,0.8381467004446593,-1.6627404735414788,1.3245562640908652,0.8425842478969815,1
0.15886249482146017,-0.06556468168733408,1.12252363252126,-1.1215044484222225,0.06818262003112939,-1.2702669690263801,0.8381467004446593,0.6014167670256413,0.8449095963652915,-1.9566524687588256,1
0.0025978989070768233,1.4373506578504092,1.12252363252126,-0.015620609228609717,-1.526373818745001,-0.29830209470859204,0.8381467004446593,0.6014167670256413,-0.4981010732663151,0.618645310564517,0
1.2527146662221478,1.4373506578504092,-1.1839330414661757,-1.1215044484222225,-0.0544755675670345,1.159645216768088,0.8381467004446593,-1.6627404735414788,-1.3614650751723478,-0.2771104387653413,1
1.0964500703077644,1.4373506578504092,1.12252363252126,1.090263229965003,1.2947644960127682,0.916653998188642,0.8381467004446593,0.6014167670256413,0.5571215957299472,0.8425842478969815,1
-0.30993129292169125,-1.5684800212250773,-0.030704704472457878,-1.1215044484222225,0.19084080762929329,-0.5412933132880401,0.8381467004446593,0.6014167670256413,0.4611922621848325,-0.948927250762735,0
-1.8725772520655304,1.4373506578504092,-1.1839330414661757,-1.1215044484222225,0.6814735580219489,1.159645216768088,-1.1931085566160113,0.6014167670256413,0.269333595094603,-0.7249883134302705,0
-1.8725772520655304,-0.06556468168733408,-1.1839330414661757,-0.015620609228609717,-1.8943483815394928,-0.784284531867486,-1.1931085566160113,0.6014167670256413,-1.3614650751723478,-0.948927250762735,0
0.0025978989070768233,-1.5684800212250773,-0.030704704472457878,2.1961470691586156,-0.667766505557854,-0.784284531867486,0.8381467004446593,0.6014167670256413,1.9960615989066686,1.0665231852294461,0
-0.15366669700730792,-0.06556468168733408,-0.030704704472457878,-1.1215044484222225,-0.2997919427633623,-0.5412933132880401,-1.1931085566160113,0.6014167670256413,-1.3614650751723478,-1.8446830000925933,0
-1.0912542724936107,-0.06556468168733408,-0.030704704472457878,-1.1215044484222225,-1.2810574435486735,-0.055310876129146085,-1.1931085566160113,0.6014167670256413,-1.3614650751723478,-0.7249883134302705,0
1.2527146662221478,1.4373506578504092,1.12252363252126,1.090263229965003,1.2947644960127682,0.916653998188642,0.8381467004446593,0.6014167670256413,1.6123442647262096,0.618645310564517,1
0.7839208784789949,-1.5684800212250773,1.12252363252126,1.090263229965003,-0.5451083179596901,0.673662779609194,0.8381467004446593,0.6014167670256413,1.5164149311810948,-1.396805125427664,1
0.0025978989070768233,-0.06556468168733408,-1.1839330414661757,-1.1215044484222225,-0.0544755675670345,-0.055310876129146085,0.8381467004446593,0.6014167670256413,1.5164149311810948,-0.3890799074315736,0
0.9401854743933811,-1.5684800212250773,1.12252363252126,-1.1215044484222225,1.0494481208164406,0.916653998188642,0.8381467004446593,0.6014167670256413,0.3652629286397177,-0.05317150143287675,1
-0.4661958888360746,-0.06556468168733408,-1.1839330414661757,-1.1215044484222225,-0.5451083179596901,0.43067156102974796,-1.1931085566160113,0.6014167670256413,-1.1696064080821185,-0.948927250762735,1
0.0025978989070768233,-0.06556468168733408,-0.030704704472457878,-0.015620609228609717,-0.5451083179596901,-1.2702669690263801,-1.1931085566160113,-1.6627404735414788,-1.3614650751723478,-1.1728661880951996,0
-0.6224604847504593,-0.06556468168733408,-0.030704704472457878,-1.1215044484222225,-0.9130828807541818,-0.055310876129146085,-1.1931085566160113,0.6014167670256413,-1.265535741627233,-0.948927250762735,0
0.0025978989070768233,1.4373506578504092,-0.030704704472457878,1.090263229965003,0.5588153704237849,-1.0272757504469332,-1.1931085566160113,0.6014167670256413,1.6123442647262096,1.4024315912281429,1
-1.4037834643223788,-0.06556468168733408,-1.1839330414661757,-1.1215044484222225,-1.2810574435486735,-0.784284531867486,-1.1931085566160113,-1.6627404735414788,-1.3614650751723478,-1.2848356567614319,0
-1.8725772520655304,-1.5684800212250773,-1.1839330414661757,-0.015620609228609717,-1.2810574435486735,-1.0272757504469332,-1.1931085566160113,-1.6627404735414788,-1.3614650751723478,-1.396805125427664,0
-0.6224604847504593,-0.06556468168733408,-1.1839330414661757,-1.1215044484222225,-1.1583992559505094,-0.055310876129146085,-1.1931085566160113,0.6014167670256413,-0.5940304068114298,0.17076743589958782,0
-0.15366669700730792,-0.06556468168733408,-1.1839330414661757,-1.1215044484222225,-0.5451083179596901,-1.7562494061852731,-1.1931085566160113,0.6014167670256413,-1.3614650751723478,-0.7249883134302705,0
0.9401854743933811,-0.06556468168733408,1.12252363252126,-1.1215044484222225,1.2947644960127682,0.18768034245030202,0.8381467004446593,0.6014167670256413,1.3245562640908652,0.7306147792307492,1
-1.0912542724936107,-0.06556468168733408,1.12252363252126,1.090263229965003,0.9267899332182766,-1.0272757504469332,0.8381467004446593,0.6014167670256413,-0.4981010732663151,-0.2771104387653413,0
-0.4661958888360746,-0.06556468168733408,-1.1839330414661757,-0.015620609228609717,-1.1583992559505094,0.43067156102974796,-1.1931085566160113,-1.6627404735414788,-1.3614650751723478,-0.8369577820965027,0
-0.15366669700730792,-0.06556468168733408,-0.030704704472457878,-0.015620609228609717,-1.2810574435486735,-0.29830209470859204,-1.1931085566160113,-1.6627404735414788,-0.5940304068114298,-1.6207440627601286,0
0.15886249482146017,-0.06556468168733408,-0.030704704472457878,1.090263229965003,0.43615718282562105,0.916653998188642,0.8381467004446593,0.6014167670256413,-0.5940304068114298,-0.3890799074315736,1
-1.716312656151147,-0.06556468168733408,-1.1839330414661757,-1.1215044484222225,0.9267899332182766,1.159645216768088,-1.1931085566160113,-1.6627404735414788,-1.265535741627233,-1.0608967194289673,0
0.7839208784789949,-0.06556468168733408,1.12252363252126,-1.1215044484222225,0.06818262003112939,0.673662779609194,0.8381467004446593,0.6014167670256413,1.1326975970006357,-0.3890799074315736,1
1.2527146662221478,-0.06556468168733408,1.12252363252126,1.090263229965003,1.1721063084146044,1.159645216768088,0.8381467004446593,0.6014167670256413,0.7489802628201767,1.5144010598943751,1
0.47139168665022824,-0.06556468168733408,1.12252363252126,1.090263229965003,1.2947644960127682,0.18768034245030202,0.8381467004446593,0.6014167670256413,1.7082735982713242,0.7306147792307492,1
-0.15366669700730792,-0.06556468168733408,-0.030704704472457878,-0.015620609228609717,1.1721063084146044,0.43067156102974796,-1.1931085566160113,-1.6627404735414788,-0.8818184074467741,-1.1728661880951996,0
0.47139168665022824,-1.5684800212250773,-1.1839330414661757,-1.1215044484222225,-0.5451083179596901,-1.7562494061852731,-1.1931085566160113,0.6014167670256413,-0.21031307263097082,1.0665231852294461,0
-0.30993129292169125,-1.5684800212250773,-1.1839330414661757,-1.1215044484222225,-1.4037156311468373,-1.7562494061852731,-1.1931085566160113,-1.6627404735414788,-0.9777477409918889,-1.2848356567614319,0
-1.8725772520655304,1.4373506578504092,-1.1839330414661757,-1.1215044484222225,-2.3849811319321486,0.43067156102974796,-1.1931085566160113,-1.6627404735414788,-0.21031307263097082,-0.2771104387653413,0
0.47139168665022824,1.4373506578504092,1.12252363252126,1.090263229965003,1.2947644960127682,0.673662779609194,0.8381467004446593,0.6014167670256413,0.7489802628201767,1.0665231852294461,1
0.6276562825646116,-0.06556468168733408,1.12252363252126,1.090263229965003,1.2947644960127682,1.159645216768088,0.8381467004446593,0.6014167670256413,1.42048559763598,0.8425842478969815,1
0.9401854743933811,1.4373506578504092,1.12252363252126,1.090263229965003,1.1721063084146044,1.159645216768088,0.8381467004446593,-1.6627404735414788,1.2286269305457505,1.0665231852294461,1
0.6276562825646116,-1.5684800212250773,-0.030704704472457878,-1.1215044484222225,-0.1771337551651984,-0.784284531867486,-1.1931085566160113,-1.6627404735414788,-1.0736770745370037,-0.7249883134302705,0
0.9401854743933811,-1.5684800212250773,-1.1839330414661757,1.090263229965003,1.2947644960127682,1.159645216768088,0.8381467004446593,0.6014167670256413,1.1326975970006357,0.8425842478969815,1
-0.30993129292169125,-1.5684800212250773,1.12252363252126,-0.015620609228609717,-0.0544755675670345,0.18768034245030202,0.8381467004446593,0.6014167670256413,-1.3614650751723478,-0.8369577820965027,0
-0.4661958888360746,-0.06556468168733408,-0.030704704472457878,-0.015620609228609717,-1.4037156311468373,-1.7562494061852731,-1.1931085566160113,-1.6627404735414788,-1.3614650751723478,-1.1728661880951996,0
0.6276562825646116,1.4373506578504092,1.12252363252126,1.090263229965003,0.8041317456201127,0.43067156102974796,0.8381467004446593,0.6014167670256413,1.036768263455521,1.2904621225619106,0
-0.4661958888360746,-0.06556468168733408,1.12252363252126,-0.015620609228609717,-0.5451083179596901,0.43067156102974796,0.8381467004446593,0.6014167670256413,1.3245562640908652,-0.8369577820965027,1
0.0025978989070768233,-1.5684800212250773,-0.030704704472457878,1.090263229965003,-0.9130828807541818,1.159645216768088,0.8381467004446593,-1.6627404735414788,1.5164149311810948,-0.8369577820965027,0
0.7839208784789949,-0.06556468168733408,-0.030704704472457878,-1.1215044484222225,-1.526373818745001,-0.5412933132880401,-1.1931085566160113,0.6014167670256413,-1.265535741627233,0.3947063732320524,0
0.7839208784789949,1.4373506578504092,1.12252363252126,1.090263229965003,0.6814735580219489,0.18768034245030202,0.8381467004446593,0.6014167670256413,1.2286269305457505,1.1784926538956784,1
-0.4661958888360746,1.4373506578504092,1.12252363252126,1.090263229965003,-0.1771337551651984,-0.055310876129146085,0.8381467004446593,0.6014167670256413,0.653050929275062,0.8425842478969815,0
0.47139168665022824,-0.06556468168733408,1.12252363252126,-0.015620609228609717,0.9267899332182766,-1.0272757504469332,-1.1931085566160113,0.6014167670256413,-1.265535741627233,-0.948927250762735,0
-1.8725772520655304,-0.06556468168733408,-0.030704704472457878,-1.1215044484222225,-0.667766505557854,-2.2422318433441673,-1.1931085566160113,-1.6627404735414788,-0.9777477409918889,-0.5010493760978059,0
0.15886249482146017,-0.06556468168733408,-1.1839330414661757,-0.015620609228609717,0.43615718282562105,1.159645216768088,0.8381467004446593,0.6014167670256413,-0.6899597403565446,-1.1728661880951996,1
-1.8725772520655304,1.4373506578504092,1.12252363252126,1.090263229965003,0.19084080762929329,-2.485223061923614,-1.1931085566160113,0.6014167670256413,1.3245562640908652,0.17076743589958782,1
0.0025978989070768233,-0.06556468168733408,-1.1839330414661757,-0.015620609228609717,-0.4224501303615262,0.673662779609194,0.8381467004446593,0.6014167670256413,-0.9777477409918889,0.8425842478969815,0
0.47139168665022824,1.4373506578504092,1.12252363252126,1.090263229965003,1.2947644960127682,1.159645216768088,0.8381467004446593,0.6014167670256413,0.7489802628201767,0.9545537165632137,1
-0.4661958888360746,-0.06556468168733408,-1.1839330414661757,-1.1215044484222225,0.19084080762929329,-1.0272757504469332,-1.1931085566160113,0.6014167670256413,-0.6899597403565446,-0.6130188447640381,0
-0.30993129292169125,-0.06556468168733408,-1.1839330414661757,-0.015620609228609717,-0.4224501303615262,-1.0272757504469332,-1.1931085566160113,-1.6627404735414788,-1.3614650751723478,-0.948927250762735,0
0.0025978989070768233,-0.06556468168733408,-0.030704704472457878,-0.015620609228609717,-1.1583992559505094,1.159645216768088,0.8381467004446593,0.6014167670256413,0.4611922621848325,1.1784926538956784,0
-0.30993129292169125,-0.06556468168733408,-1.1839330414661757,-0.015620609228609717,-0.9130828807541818,0.18768034245030202,-1.1931085566160113,0.6014167670256413,-0.8818184074467741,-0.6130188447640381,0
0.6276562825646116,-0.06556468168733408,-0.030704704472457878,2.1961470691586156,0.8041317456201127,0.43067156102974796,0.8381467004446593,0.6014167670256413,1.804202931816439,-0.5010493760978059,1
1.0964500703077644,1.4373506578504092,1.12252363252126,1.090263229965003,1.2947644960127682,1.159645216768088,0.8381467004446593,0.6014167670256413,1.2286269305457505,1.2904621225619106,1
0.7839208784789949,-0.06556468168733408,1.12252363252126,1.090263229965003,1.2947644960127682,0.673662779609194,0.8381467004446593,0.6014167670256413,0.5571215957299472,0.8425842478969815,1
1.0964500703077644,-0.06556468168733408,1.12252363252126,-1.1215044484222225,-0.667766505557854,0.673662779609194,-1.1931085566160113,0.6014167670256413,0.07747492800437346,-0.6130188447640381,0
1.0964500703077644,-0.06556468168733408,1.12252363252126,-1.1215044484222225,0.19084080762929329,1.159645216768088,0.8381467004446593,0.6014167670256413,1.5164149311810948,1.5144010598943751,1
0.0025978989070768233,1.4373506578504092,1.12252363252126,-0.015620609228609717,0.6814735580219489,-0.29830209470859204,0.8381467004446593,-1.6627404735414788,1.3245562640908652,1.0665231852294461,1
1.0964500703077644,1.4373506578504092,1.12252363252126,1.090263229965003,1.2947644960127682,1.159645216768088,0.8381467004446593,0.6014167670256413,0.5571215957299472,1.0665231852294461,1
0.15886249482146017,-0.06556468168733408,-0.030704704472457878,-1.1215044484222225,-0.7904246931560178,-1.99924062476472,-1.1931085566160113,0.6014167670256413,-0.5940304068114298,-0.8369577820965027,0
0.0025978989070768233,-0.06556468168733408,-0.030704704472457878,-1.1215044484222225,-0.667766505557854,-1.0272757504469332,-1.1931085566160113,0.6014167670256413,-1.3614650751723478,-0.3890799074315736,0
1.4089792621365311,1.4373506578504092,1.12252363252126,1.090263229965003,0.8041317456201127,-0.055310876129146085,0.8381467004446593,0.6014167670256413,0.7489802628201767,1.2904621225619106,1
1.4089792621365311,-0.06556468168733408,1.12252363252126,1.090263229965003,1.2947644960127682,1.159645216768088,0.8381467004446593,0.6014167670256413,1.036768263455521,0.618645310564517,1
0.0025978989070768233,-0.06556468168733408,-0.030704704472457878,-1.1215044484222225,1.0494481208164406,-0.5412933132880401,0.8381467004446593,0.6014167670256413,-1.3614650751723478,-1.1728661880951996,0
-1.8725772520655304,-0.06556468168733408,-0.030704704472457878,-1.1215044484222225,-0.1771337551651984,0.43067156102974796,-1.1931085566160113,-1.6627404735414788,-0.4981010732663151,-0.6130188447640381,0
1.7215084539653005,-0.06556468168733408,1.12252363252126,2.1961470691586156,1.2947644960127682,1.159645216768088,0.8381467004446593,0.6014167670256413,0.5571215957299472,1.0665231852294461,0
-0.4661958888360746,-1.5684800212250773,-1.1839330414661757,-1.1215044484222225,-0.9130828807541818,0.43067156102974796,-1.1931085566160113,0.6014167670256413,-1.3614650751723478,0.058797967233355536,0
-1.8725772520655304,-0.06556468168733408,-1.1839330414661757,-0.015620609228609717,-0.1771337551651984,-1.0272757504469332,-1.1931085566160113,0.6014167670256413,-0.21031307263097082,-0.16514097009910902,1
-0.4661958888360746,-0.06556468168733408,-0.030704704472457878,2.1961470691586156,-1.0357410683523456,1.159645216768088,0.8381467004446593,0.6014167670256413,1.5164149311810948,-0.3890799074315736,0
0.6276562825646116,-0.06556468168733408,1.12252363252126,1.090263229965003,0.8041317456201127,0.673662779609194,0.8381467004446593,0.6014167670256413,1.804202931816439,1.0665231852294461,1
0.9401854743933811,-0.06556468168733408,1.12252363252126,1.090263229965003,0.8041317456201127,1.159645216768088,0.8381467004446593,0.6014167670256413,1.036768263455521,1.0665231852294461,1
1.2527146662221478,-1.5684800212250773,-1.1839330414661757,-1.1215044484222225,0.19084080762929329,-0.29830209470859204,0.8381467004446593,0.6014167670256413,0.4611922621848325,-1.0608967194289673,1
1.4089792621365311,-0.06556468168733408,-1.1839330414661757,1.090263229965003,-0.5451083179596901,0.43067156102974796,0.8381467004446593,0.6014167670256413,-0.11438373908585606,0.8425842478969815,0
-0.15366669700730792,1.4373506578504092,-0.030704704472457878,2.1961470691586156,0.8041317456201127,1.159645216768088,0.8381467004446593,0.6014167670256413,1.5164149311810948,1.0665231852294461,1
0.47139168665022824,1.4373506578504092,1.12252363252126,-1.1215044484222225,-0.2997919427633623,1.159645216768088,0.8381467004446593,0.6014167670256413,0.7489802628201767,1.1784926538956784,0
0.7839208784789949,-0.06556468168733408,1.12252363252126,-1.1215044484222225,1.2947644960127682,0.916653998188642,0.8381467004446593,0.6014167670256413,-0.11438373908585606,-1.6207440627601286,1
-1.8725772520655304,-1.5684800212250773,-0.030704704472457878,1.090263229965003,0.31349899522745717,-0.055310876129146085,0.8381467004446593,0.6014167670256413,1.2286269305457505,1.5144010598943751,0
-0.30993129292169125,-0.06556468168733408,-0.030704704472457878,-1.1215044484222225,-0.2997919427633623,-0.055310876129146085,-1.1931085566160113,-1.6627404735414788,-1.3614650751723478,-0.05317150143287675,0
-0.4661958888360746,-0.06556468168733408,1.12252363252126,1.090263229965003,0.06818262003112939,0.916653998188642,0.8381467004446593,0.6014167670256413,0.4611922621848325,0.9545537165632137,1
0.9401854743933811,-1.5684800212250773,1.12252363252126,1.090263229965003,1.2947644960127682,1.159645216768088,0.8381467004446593,0.6014167670256413,1.5164149311810948,1.1784926538956784,1
-1.4037834643223788,-0.06556468168733408,-1.1839330414661757,-1.1215044484222225,-1.4037156311468373,-0.29830209470859204,-1.1931085566160113,0.6014167670256413,-1.3614650751723478,-1.2848356567614319,0
-0.6224604847504593,-0.06556468168733408,-1.1839330414661757,-1.1215044484222225,0.19084080762929329,0.18768034245030202,-1.1931085566160113,-1.6627404735414788,-1.3614650751723478,-1.0608967194289673,0
0.9401854743933811,1.4373506578504092,-0.030704704472457878,1.090263229965003,1.2947644960127682,0.673662779609194,0.8381467004446593,0.6014167670256413,0.5571215957299472,1.2904621225619106,0
0.47139168665022824,1.4373506578504092,1.12252363252126,2.1961470691586156,0.5588153704237849,-0.784284531867486,0.8381467004446593,0.6014167670256413,0.5571215957299472,-1.6207440627601286,0
-0.4661958888360746,-0.06556468168733408,-0.030704704472457878,-0.015620609228609717,-1.0357410683523456,1.159645216768088,0.8381467004446593,0.6014167670256413,-1.3614650751723478,-1.8446830000925933,0
-1.0912542724936107,-0.06556468168733408,-1.1839330414661757,-0.015620609228609717,-2.2623229443339845,-1.99924062476472,-1.1931085566160113,-1.6627404735414788,-1.3614650751723478,-0.8369577820965027,0
1.4089792621365311,1.4373506578504092,1.12252363252126,1.090263229965003,0.43615718282562105,1.159645216768088,0.8381467004446593,-1.6627404735414788,-1.3614650751723478,-0.8369577820965027,0
-0.7787250806648427,-0.06556468168733408,-0.030704704472457878,1.090263229965003,0.31349899522745717,0.43067156102974796,0.8381467004446593,-1.6627404735414788,-1.3614650751723478,-1.5087745940938964,0
0.9401854743933811,1.4373506578504092,1.12252363252126,1.090263229965003,-0.0544755675670345,0.18768034245030202,0.8381467004446593,0.6014167670256413,0.4611922621848325,0.618645310564517,1
1.2527146662221478,-0.06556468168733408,1.12252363252126,-1.1215044484222225,1.0494481208164406,0.916653998188642,0.8381467004446593,0.6014167670256413,0.4611922621848325,1.5144010598943751,1
0.0025978989070768233,-0.06556468168733408,-1.1839330414661757,-1.1215044484222225,-0.4224501303615262,-1.2702669690263801,-1.1931085566160113,0.6014167670256413,0.5571215957299472,-1.8446830000925933,0
-1.4037834643223788,-0.06556468168733408,-1.1839330414661757,-0.015620609228609717,-1.0357410683523456,-0.055310876129146085,-1.1931085566160113,0.6014167670256413,-0.8818184074467741,-1.396805125427664,0
-0.4661958888360746,-0.06556468168733408,-1.1839330414661757,-1.1215044484222225,-0.667766505557854,-0.5412933132880401,-1.1931085566160113,0.6014167670256413,-1.265535741627233,-1.396805125427664,0
-1.8725772520655304,-0.06556468168733408,-0.030704704472457878,-1.1215044484222225,0.19084080762929329,-1.99924062476472,-1.1931085566160113,0.6014167670256413,-0.6899597403565446,-1.2848356567614319,1
0.0025978989070768233,-0.06556468168733408,-1.1839330414661757,-1.1215044484222225,-0.1771337551651984,-0.055310876129146085,-1.1931085566160113,-1.6627404735414788,-1.265535741627233,-0.8369577820965027,0
-0.7787250806648427,-0.06556468168733408,-0.030704704472457878,1.090263229965003,-0.5451083179596901,-0.055310876129146085,-1.1931085566160113,0.6014167670256413,0.5571215957299472,0.058797967233355536,0
0.3151270907358449,-1.5684800212250773,-1.1839330414661757,-1.1215044484222225,1.0494481208164406,-0.055310876129146085,0.8381467004446593,0.6014167670256413,0.3652629286397177,0.7306147792307492,0
0.47139168665022824,1.4373506578504092,1.12252363252126,1.090263229965003,0.6814735580219489,1.159645216768088,0.8381467004446593,-1.6627404735414788,0.7489802628201767,0.8425842478969815,1
1.0964500703077644,1.4373506578504092,-0.030704704472457878,1.090263229965003,0.8041317456201127,1.159645216768088,0.8381467004446593,0.6014167670256413,0.269333595094603,0.9545537165632137,1
0.7839208784789949,1.4373506578504092,1.12252363252126,1.090263229965003,0.06818262003112939,-0.784284531867486,0.8381467004446593,0.6014167670256413,0.8449095963652915,0.9545537165632137,1
0.7839208784789949,1.4373506578504092,1.12252363252126,1.090263229965003,0.43615718282562105,-1.2702669690263801,0.8381467004446593,0.6014167670256413,0.3652629286397177,-0.6130188447640381,0
0.6276562825646116,-0.06556468168733408,-1.1839330414661757,1.090263229965003,1.2947644960127682,1.159645216768088,0.8381467004446593,0.6014167670256413,1.3245562640908652,-0.2771104387653413,1
1.0964500703077644,1.4373506578504092,1.12252363252126,1.090263229965003,1.2947644960127682,1.159645216768088,0.8381467004446593,0.6014167670256413,0.7489802628201767,1.5144010598943751,1
0.7839208784789949,1.4373506578504092,1.12252363252126,1.090263229965003,1.2947644960127682,1.159645216768088,0.8381467004446593,0.6014167670256413,-0.11438373908585606,1.2904621225619106,1
-0.4661958888360746,-0.06556468168733408,-1.1839330414661757,-1.1215044484222225,-1.771690193941329,-0.784284531867486,-1.1931085566160113,-1.6627404735414788,-0.6899597403565446,-0.8369577820965027,0
-1.716312656151147,1.4373506578504092,1.12252363252126,1.090263229965003,-0.0544755675670345,0.18768034245030202,0.8381467004446593,0.6014167670256413,1.2286269305457505,0.9545537165632137,1
1.5652438580509145,-0.06556468168733408,1.12252363252126,1.090263229965003,0.9267899332182766,1.159645216768088,0.8381467004446593,0.6014167670256413,-0.0184544055407413,0.8425842478969815,1
1.2527146662221478,-0.06556468168733408,1.12252363252126,-0.015620609228609717,1.2947644960127682,1.159645216768088,0.8381467004446593,0.6014167670256413,1.036768263455521,-0.8369577820965027,0
1.0964500703077644,-0.06556468168733408,1.12252363252126,-1.1215044484222225,0.8041317456201127,-1.7562494061852731,0.8381467004446593,0.6014167670256413,0.653050929275062,1.4024315912281429,1
-1.4037834643223788,-1.5684800212250773,-1.1839330414661757,-0.015620609228609717,-2.1396647567358205,-1.99924062476472,-1.1931085566160113,-1.6627404735414788,-1.3614650751723478,-1.2848356567614319,0
0.3151270907358449,-0.06556468168733408,1.12252363252126,-1.1215044484222225,1.0494481208164406,0.916653998188642,0.8381467004446593,0.6014167670256413,1.7082735982713242,1.1784926538956784,1
-0.7787250806648427,-1.5684800212250773,-0.030704704472457878,-1.1215044484222225,-0.2997919427633623,0.673662779609194,-1.1931085566160113,-1.6627404735414788,-0.7858890739016593,-0.3890799074315736,0
-1.8725772520655304,-0.06556468168733408,-0.030704704472457878,-0.015620609228609717,-0.0544755675670345,-1.0272757504469332,-1.1931085566160113,0.6014167670256413,-1.1696064080821185,-0.3890799074315736,0
0.47139168665022824,-0.06556468168733408,-1.1839330414661757,-0.015620609228609717,-1.4037156311468373,-0.29830209470859204,-1.1931085566160113,0.6014167670256413,-0.9777477409918889,-0.948927250762735,0
1.4089792621365311,1.4373506578504092,1.12252363252126,1.090263229965003,1.2947644960127682,1.159645216768088,0.8381467004446593,0.6014167670256413,1.2286269305457505,1.4024315912281429,1
1.4089792621365311,-0.06556468168733408,1.12252363252126,-1.1215044484222225,0.31349899522745717,0.43067156102974796,-1.1931085566160113,0.6014167670256413,-1.3614650751723478,-0.05317150143287675,0
0.15886249482146017,1.4373506578504092,-1.1839330414661757,-1.1215044484222225,-1.1583992559505094,-1.99924062476472,-1.1931085566160113,-1.6627404735414788,0.07747492800437346,-0.948927250762735,0
0.0025978989070768233,-0.06556468168733408,-1.1839330414661757,-0.015620609228609717,-0.9130828807541818,0.18768034245030202,-1.1931085566160113,-1.6627404735414788,-1.1696064080821185,-1.0608967194289673,0
-0.15366669700730792,1.4373506578504092,-1.1839330414661757,-0.015620609228609717,-0.4224501303615262,-1.99924062476472,-1.1931085566160113,0.6014167670256413,-1.0736770745370037,0.7306147792307492,0
-1.716312656151147,-0.06556468168733408,-0.030704704472457878,-0.015620609228609717,0.06818262003112939,-0.5412933132880401,0.8381467004446593,0.6014167670256413,-1.0736770745370037,-1.1728661880951996,0
-1.716312656151147,-0.06556468168733408,-1.1839330414661757,-0.015620609228609717,-0.667766505557854,-0.784284531867486,0.8381467004446593,0.6014167670256413,-1.3614650751723478,-1.0608967194289673,1
1.0964500703077644,-1.5684800212250773,1.12252363252126,1.090263229965003,1.2947644960127682,1.159645216768088,0.8381467004446593,0.6014167670256413,1.036768263455521,1.2904621225619106,1
0.9401854743933811,-1.5684800212250773,-0.030704704472457878,1.090263229965003,0.5588153704237849,1.159645216768088,0.8381467004446593,0.6014167670256413,1.7082735982713242,1.2904621225619106,1
0.6276562825646116,-1.5684800212250773,-0.030704704472457878,-0.015620609228609717,-0.0544755675670345,0.18768034245030202,-1.1931085566160113,-1.6627404735414788,-0.11438373908585606,-0.948927250762735,1
0.7839208784789949,1.4373506578504092,-0.030704704472457878,1.090263229965003,0.9267899332182766,1.159645216768088,0.8381467004446593,0.6014167670256413,1.804202931816439,1.1784926538956784,1
1.7215084539653005,1.4373506578504092,1.12252363252126,1.090263229965003,1.2947644960127682,1.159645216768088,0.8381467004446593,0.6014167670256413,1.3245562640908652,1.2904621225619106,1
0.47139168665022824,-1.5684800212250773,1.12252363252126,1.090263229965003,1.2947644960127682,1.159645216768088,0.8381467004446593,0.6014167670256413,0.9408389299104063,0.9545537165632137,1
0.7839208784789949,1.4373506578504092,1.12252363252126,1.090263229965003,1.2947644960127682,0.916653998188642,0.8381467004446593,0.6014167670256413,1.5164149311810948,0.618645310564517,1
1.0964500703077644,1.4373506578504092,-1.1839330414661757,1.090263229965003,1.2947644960127682,1.159645216768088,0.8381467004446593,0.6014167670256413,0.9408389299104063,0.9545537165632137,1
1.0964500703077644,1.4373506578504092,1.12252363252126,1.090263229965003,1.2947644960127682,1.159645216768088,0.8381467004446593,0.6014167670256413,-0.0184544055407413,1.5144010598943751,1
-0.4661958888360746,1.4373506578504092,1.12252363252126,1.090263229965003,-1.0357410683523456,1.159645216768088,0.8381467004446593,0.6014167670256413,1.5164149311810948,0.058797967233355536,1
-1.8725772520655304,1.4373506578504092,-1.1839330414661757,-0.015620609228609717,-1.8943483815394928,-1.2702669690263801,-1.1931085566160113,-1.6627404735414788,-0.7858890739016593,-1.6207440627601286,0
0.15886249482146017,-1.5684800212250773,-1.1839330414661757,-0.015620609228609717,-1.0357410683523456,-1.0272757504469332,-1.1931085566160113,-1.6627404735414788,-1.3614650751723478,-0.05317150143287675,0
-0.15366669700730792,-0.06556468168733408,-0.030704704472457878,-0.015620609228609717,-2.2623229443339845,-2.7282142805030603,-1.1931085566160113,-1.6627404735414788,-0.7858890739016593,-1.9566524687588256,0
0.9401854743933811,1.4373506578504092,1.12252363252126,1.090263229965003,1.2947644960127682,1.159645216768088,0.8381467004446593,0.6014167670256413,1.3245562640908652,1.1784926538956784,1
-0.30993129292169125,-0.06556468168733408,-0.030704704472457878,-0.015620609228609717,-0.667766505557854,-0.784284531867486,-1.1931085566160113,0.6014167670256413,-0.4981010732663151,0.8425842478969815,1
-1.8725772520655304,-1.5684800212250773,-1.1839330414661757,-0.015620609228609717,-0.7904246931560178,-1.2702669690263801,-1.1931085566160113,0.6014167670256413,-1.3614650751723478,-0.3890799074315736,0
-0.4661958888360746,-0.06556468168733408,-1.1839330414661757,2.1961470691586156,0.6814735580219489,-0.784284531867486,0.8381467004446593,0.6014167670256413,0.4611922621848325,-0.3890799074315736,0
1.2527146662221478,-0.06556468168733408,-1.1839330414661757,-0.015620609228609717,-1.0357410683523456,-1.2702669690263801,-1.1931085566160113,0.6014167670256413,-0.5940304068114298,1.4024315912281429,0
-0.15366669700730792,1.4373506578504092,1.12252363252126,-0.015620609228609717,-0.1771337551651984,-1.2702669690263801,-1.1931085566160113,0.6014167670256413,-0.6899597403565446,-1.1728661880951996,0
0.47139168665022824,1.4373506578504092,1.12252363252126,-0.015620609228609717,-1.2810574435486735,-1.0272757504469332,-1.1931085566160113,0.6014167670256413,-1.265535741627233,-0.6130188447640381,0
-1.5600480602367621,-0.06556468168733408,-1.1839330414661757,-1.1215044484222225,0.06818262003112939,-1.99924062476472,-1.1931085566160113,-1.6627404735414788,-1.1696064080821185,-1.396805125427664,0
-0.30993129292169125,-0.06556468168733408,1.12252363252126,-1.1215044484222225,1.0494481208164406,1.159645216768088,0.8381467004446593,-1.6627404735414788,1.2286269305457505,1.1784926538956784,1
1.5652438580509145,1.4373506578504092,1.12252363252126,1.090263229965003,0.43615718282562105,1.159645216768088,0.8381467004446593,0.6014167670256413,1.804202931816439,0.618645310564517,0
-0.9349896765792275,-0.06556468168733408,-1.1839330414661757,1.090263229965003,-0.7904246931560178,-0.29830209470859204,0.8381467004446593,-1.6627404735414788,0.8449095963652915,-1.396805125427664,0
0.6276562825646116,-0.06556468168733408,-1.1839330414661757,1.090263229965003,-0.4224501303615262,-0.784284531867486,-1.1931085566160113,0.6014167670256413,0.1734042615494882,-0.3890799074315736,0
-0.4661958888360746,-1.5684800212250773,-1.1839330414661757,-0.015620609228609717,-2.2623229443339845,-1.2702669690263801,-1.1931085566160113,-1.6627404735414788,-0.6899597403565446,-1.1728661880951996,0
1.2527146662221478,1.4373506578504092,1.12252363252126,1.090263229965003,1.2947644960127682,0.43067156102974796,0.8381467004446593,0.6014167670256413,0.5571215957299472,0.8425842478969815,1
0.9401854743933811,1.4373506578504092,1.12252363252126,-1.1215044484222225,0.8041317456201127,0.916653998188642,0.8381467004446593,0.6014167670256413,0.653050929275062,1.0665231852294461,1
1.8777730498796839,-0.06556468168733408,1.12252363252126,1.090263229965003,0.43615718282562105,0.673662779609194,0.8381467004446593,0.6014167670256413,0.1734042615494882,1.0665231852294461,1
0.7839208784789949,-0.06556468168733408,1.12252363252126,-1.1215044484222225,-1.771690193941329,-0.5412933132880401,0.8381467004446593,-1.6627404735414788,-0.30624240617608556,-1.0608967194289673,0
-1.8725772520655304,-0.06556468168733408,-0.030704704472457878,-0.015620609228609717,-1.4037156311468373,1.159645216768088,-1.1931085566160113,-1.6627404735414788,-1.3614650751723478,-0.7249883134302705,0
0.7839208784789949,1.4373506578504092,-0.030704704472457878,-0.015620609228609717,-0.667766505557854,-0.29830209470859204,-1.1931085566160113,0.6014167670256413,0.653050929275062,-0.6130188447640381,1
1.0964500703077644,-0.06556468168733408,1.12252363252126,-0.015620609228609717,0.06818262003112939,0.18768034245030202,0.8381467004446593,0.6014167670256413,0.4611922621848325,0.618645310564517,0
0.0025978989070768233,-0.06556468168733408,-1.1839330414661757,-1.1215044484222225,-0.1771337551651984,-1.0272757504469332,-1.1931085566160113,0.6014167670256413,-0.0184544055407413,-0.2771104387653413,0
-1.8725772520655304,1.4373506578504092,-1.1839330414661757,-0.015620609228609717,0.8041317456201127,-1.513258187605826,0.8381467004446593,0.6014167670256413,-1.0736770745370037,-0.7249883134302705,0
1.0964500703077644,1.4373506578504092,1.12252363252126,1.090263229965003,1.2947644960127682,1.159645216768088,0.8381467004446593,0.6014167670256413,0.07747492800437346,1.1784926538956784,1
1.0964500703077644,-0.06556468168733408,1.12252363252126,-0.015620609228609717,-0.5451083179596901,1.159645216768088,0.8381467004446593,0.6014167670256413,0.9408389299104063,-0.7249883134302705,0
-0.4661958888360746,-0.06556468168733408,-0.030704704472457878,-0.015620609228609717,-2.3849811319321486,-2.7282142805030603,-1.1931085566160113,-1.6627404735414788,-1.3614650751723478,-0.7249883134302705,0
0.0025978989070768233,-0.06556468168733408,-1.1839330414661757,-0.015620609228609717,-0.7904246931560178,-0.055310876129146085,-1.1931085566160113,-1.6627404735414788,-0.4021717397212003,-1.2848356567614319,0
-1.247518868407994,-0.06556468168733408,-1.1839330414661757,-0.015620609228609717,-1.771690193941329,-3.214196717661954,-1.1931085566160113,-1.6627404735414788,-0.7858890739016593,-1.2848356567614319,0
-0.30993129292169125,-0.06556468168733408,-0.030704704472457878,-0.015620609228609717,-1.2810574435486735,-1.2702669690263801,-1.1931085566160113,0.6014167670256413,-1.1696064080821185,-0.6130188447640381,0
1.4089792621365311,-0.06556468168733408,-1.1839330414661757,-0.015620609228609717,0.43615718282562105,-3.214196717661954,-1.1931085566160113,-1.6627404735414788,-1.3614650751723478,-0.2771104387653413,0
0.3151270907358449,-1.5684800212250773,1.12252363252126,1.090263229965003,0.31349899522745717,0.18768034245030202,0.8381467004446593,0.6014167670256413,0.4611922621848325,0.9545537165632137,1
-1.716312656151147,-0.06556468168733408,-0.030704704472457878,-0.015620609228609717,-2.1396647567358205,-1.513258187605826,-1.1931085566160113,0.6014167670256413,0.3652629286397177,-1.6207440627601286,0
0.15886249482146017,-0.06556468168733408,1.12252363252126,-1.1215044484222225,0.19084080762929329,-0.055310876129146085,0.8381467004446593,0.6014167670256413,0.653050929275062,0.8425842478969815,1
-0.7787250806648427,-0.06556468168733408,-0.030704704472457878,-0.015620609228609717,-0.4224501303615262,-0.5412933132880401,-1.1931085566160113,-1.6627404735414788,0.3652629286397177,-1.0608967194289673,0
0.47139168665022824,-1.5684800212250773,-0.030704704472457878,1.090263229965003,1.2947644960127682,1.159645216768088,0.8381467004446593,0.6014167670256413,-0.11438373908585606,1.1784926538956784,1
-0.30993129292169125,-1.5684800212250773,-1.1839330414661757,-0.015620609228609717,-1.0357410683523456,0.43067156102974796,-1.1931085566160113,0.6014167670256413,-1.3614650751723478,-0.8369577820965027,0
-1.4037834643223788,-0.06556468168733408,-1.1839330414661757,-1.1215044484222225,0.31349899522745717,-1.2702669690263801,-1.1931085566160113,-1.6627404735414788,-0.8818184074467741,-1.0608967194289673,0
1.5652438580509145,-0.06556468168733408,1.12252363252126,-1.1215044484222225,-0.667766505557854,0.673662779609194,0.8381467004446593,0.6014167670256413,1.6123442647262096,0.9545537165632137,1
0.15886249482146017,-0.06556468168733408,-1.1839330414661757,-0.015620609228609717,-1.771690193941329,-1.0272757504469332,-1.1931085566160113,-1.6627404735414788,-1.3614650751723478,-0.5010493760978059,0
-0.30993129292169125,-0.06556468168733408,-0.030704704472457878,-0.015620609228609717,-0.4224501303615262,-1.2702669690263801,-1.1931085566160113,0.6014167670256413,-1.3614650751723478,0.058797967233355536,0
-0.4661958888360746,-0.06556468168733408,-0.030704704472457878,-1.1215044484222225,-0.2997919427633623,0.43067156102974796,-1.1931085566160113,0.6014167670256413,-0.30624240617608556,1.2904621225619106,0
0.6276562825646116,-0.06556468168733408,1.12252363252126,-1.1215044484222225,-0.4224501303615262,-0.784284531867486,0.8381467004446593,0.6014167670256413,0.5571215957299472,-0.16514097009910902,1
-1.4037834643223788,-0.06556468168733408,-1.1839330414661757,-0.015620609228609717,-0.7904246931560178,-1.0272757504469332,-1.1931085566160113,0.6014167670256413,0.8449095963652915,-0.8369577820965027,0
1.7215084539653005,1.4373506578504092,1.12252363252126,1.090263229965003,1.2947644960127682,1.159645216768088,0.8381467004446593,0.6014167670256413,0.7489802628201767,0.7306147792307492,1
0.3151270907358449,-0.06556468168733408,-0.030704704472457878,1.090263229965003,1.0494481208164406,1.159645216768088,0.8381467004446593,0.6014167670256413,0.07747492800437346,1.0665231852294461,1
-0.30993129292169125,-1.5684800212250773,-1.1839330414661757,-1.1215044484222225,-0.9130828807541818,-1.7562494061852731,-1.1931085566160113,-1.6627404735414788,-1.265535741627233,-0.5010493760978059,0
-0.15366669700730792,-1.5684800212250773,-1.1839330414661757,-1.1215044484222225,0.43615718282562105,-1.513258187605826,-1.1931085566160113,-1.6627404735414788,0.653050929275062,-0.6130188447640381,0
-0.30993129292169125,-0.06556468168733408,1.12252363252126,-1.1215044484222225,-1.0357410683523456,0.916653998188642,-1.1931085566160113,-1.6627404735414788,0.3652629286397177,-0.948927250762735,0
-0.7787250806648427,-0.06556468168733408,-0.030704704472457878,-1.1215044484222225,-0.0544755675670345,-0.5412933132880401,-1.1931085566160113,0.6014167670256413,-1.3614650751723478,-1.1728661880951996,0
0.7839208784789949,-1.5684800212250773,1.12252363252126,2.1961470691586156,1.2947644960127682,0.916653998188642,0.8381467004446593,0.6014167670256413,-0.4021717397212003,1.4024315912281429,1
-0.15366669700730792,-0.06556468168733408,-0.030704704472457878,1.090263229965003,-1.771690193941329,1.159645216768088,0.8381467004446593,-1.6627404735414788,-1.0736770745370037,-0.2771104387653413,0
0.0025978989070768233,1.4373506578504092,1.12252363252126,1.090263229965003,1.1721063084146044,1.159645216768088,0.8381467004446593,0.6014167670256413,1.2286269305457505,1.4024315912281429,1
0.47139168665022824,-0.06556468168733408,1.12252363252126,1.090263229965003,1.2947644960127682,0.916653998188642,0.8381467004446593,0.6014167670256413,0.4611922621848325,1.5144010598943751,1
-1.8725772520655304,-1.5684800212250773,-1.1839330414661757,-0.015620609228609717,-1.0357410683523456,0.18768034245030202,0.8381467004446593,0.6014167670256413,-1.3614650751723478,0.058797967233355536,0
-1.8725772520655304,-0.06556468168733408,-1.1839330414661757,-1.1215044484222225,-1.4037156311468373,-0.784284531867486,-1.1931085566160113,0.6014167670256413,-1.3614650751723478,-0.6130188447640381,0
1.5652438580509145,1.4373506578504092,1.12252363252126,1.090263229965003,0.9267899332182766,0.916653998188642,0.8381467004446593,0.6014167670256413,1.036768263455521,1.0665231852294461,1
-0.15366669700730792,-0.06556468168733408,-1.1839330414661757,-0.015620609228609717,-1.6490320063431652,-1.2702669690263801,-1.1931085566160113,-1.6627404735414788,-1.265535741627233,-0.8369577820965027,0
-1.5600480602367621,-1.5684800212250773,-1.1839330414661757,-1.1215044484222225,-2.3849811319321486,-1.0272757504469332,-1.1931085566160113,0.6014167670256413,-1.3614650751723478,-1.8446830000925933,0
1.5652438580509145,-0.06556468168733408,-1.1839330414661757,-1.1215044484222225,-0.5451083179596901,0.18768034245030202,0.8381467004446593,-1.6627404735414788,0.1734042615494882,-1.9566524687588256,0
0.9401854743933811,-0.06556468168733408,-0.030704704472457878,-0.015620609228609717,1.0494481208164406,-0.29830209470859204,-1.1931085566160113,0.6014167670256413,0.1734042615494882,1.1784926538956784,1
1.8777730498796839,1.4373506578504092,1.12252363252126,1.090263229965003,0.8041317456201127,0.916653998188642,0.8381467004446593,0.6014167670256413,0.1734042615494882,1.5144010598943751,1
-0.6224604847504593,-0.06556468168733408,-0.030704704472457878,-0.015620609228609717,0.43615718282562105,-0.29830209470859204,-1.1931085566160113,-1.6627404735414788,-0.7858890739016593,-1.1728661880951996,0
0.0025978989070768233,1.4373506578504092,1.12252363252126,1.090263229965003,0.9267899332182766,1.159645216768088,0.8381467004446593,0.6014167670256413,-1.1696064080821185,0.9545537165632137,0
0.9401854743933811,1.4373506578504092,1.12252363252126,1.090263229965003,0.8041317456201127,1.159645216768088,0.8381467004446593,0.6014167670256413,0.8449095963652915,0.9545537165632137,1
-0.30993129292169125,-0.06556468168733408,-1.1839330414661757,-1.1215044484222225,-1.8943483815394928,-1.2702669690263801,0.8381467004446593,-1.6627404735414788,-0.6899597403565446,-1.2848356567614319,0
-0.4661958888360746,-0.06556468168733408,-1.1839330414661757,-1.1215044484222225,-0.2997919427633623,0.43067156102974796,-1.1931085566160113,0.6014167670256413,-0.0184544055407413,-0.16514097009910902,0
1.0964500703077644,1.4373506578504092,1.12252363252126,1.090263229965003,1.2947644960127682,1.159645216768088,0.8381467004446593,0.6014167670256413,1.5164149311810948,0.8425842478969815,1
0.9401854743933811,1.4373506578504092,1.12252363252126,1.090263229965003,1.0494481208164406,1.159645216768088,0.8381467004446593,0.6014167670256413,-0.30624240617608556,0.9545537165632137,1
0.47139168665022824,-0.06556468168733408,-0.030704704472457878,-0.015620609228609717,-0.7904246931560178,-1.2702669690263801,-1.1931085566160113,0.6014167670256413,-0.8818184074467741,-0.948927250762735,0
-1.8725772520655304,-0.06556468168733408,-1.1839330414661757,-1.1215044484222225,0.31349899522745717,0.18768034245030202,-1.1931085566160113,0.6014167670256413,-1.265535741627233,-0.7249883134302705,0
1.2527146662221478,-1.5684800212250773,1.12252363252126,1.090263229965003,0.9267899332182766,0.916653998188642,0.8381467004446593,0.6014167670256413,-1.0736770745370037,0.17076743589958782,1
0.6276562825646116,1.4373506578504092,1.12252363252126,1.090263229965003,1.2947644960127682,0.916653998188642,0.8381467004446593,0.6014167670256413,0.9408389299104063,1.5144010598943751,1
-1.8725772520655304,-1.5684800212250773,-0.030704704472457878,2.1961470691586156,0.6814735580219489,0.43067156102974796,0.8381467004446593,0.6014167670256413,-1.3614650751723478,-0.3890799074315736,1
-1.716312656151147,-0.06556468168733408,-1.1839330414661757,-0.015620609228609717,0.43615718282562105,-1.0272757504469332,0.8381467004446593,-1.6627404735414788,0.07747492800437346,-0.948927250762735,0
-1.8725772520655304,-0.06556468168733408,-0.030704704472457878,-1.1215044484222225,0.31349899522745717,-0.5412933132880401,0.8381467004446593,0.6014167670256413,0.07747492800437346,-0.948927250762735,0
-1.8725772520655304,-0.06556468168733408,1.12252363252126,1.090263229965003,-0.7904246931560178,-0.055310876129146085,0.8381467004446593,0.6014167670256413,-1.3614650751723478,-0.7249883134302705,1
-0.30993129292169125,-0.06556468168733408,-1.1839330414661757,-0.015620609228609717,-2.1396647567358205,-0.055310876129146085,-1.1931085566160113,-1.6627404735414788,-0.8818184074467741,-1.5087745940938964,0
0.0025978989070768233,-1.5684800212250773,-0.030704704472457878,-1.1215044484222225,1.0494481208164406,1.159645216768088,0.8381467004446593,-1.6627404735414788,0.7489802628201767,0.7306147792307492,0
1.0964500703077644,-0.06556468168733408,1.12252363252126,1.090263229965003,1.2947644960127682,0.43067156102974796,0.8381467004446593,0.6014167670256413,0.9408389299104063,1.2904621225619106,1
-0.15366669700730792,-1.5684800212250773,-1.1839330414661757,-0.015620609228609717,-1.6490320063431652,-0.29830209470859204,0.8381467004446593,0.6014167670256413,-1.3614650751723478,-0.8369577820965027,0
-0.30993129292169125,-0.06556468168733408,-1.1839330414661757,-0.015620609228609717,-0.9130828807541818,-0.784284531867486,-1.1931085566160113,0.6014167670256413,-0.5940304068114298,-1.396805125427664,0
-0.4661958888360746,-0.06556468168733408,1.12252363252126,-1.1215044484222225,-0.5451083179596901,0.673662779609194,-1.1931085566160113,-1.6627404735414788,0.8449095963652915,1.2904621225619106,0
0.7839208784789949,-0.06556468168733408,1.12252363252126,-0.015620609228609717,1.0494481208164406,1.159645216768088,0.8381467004446593,0.6014167670256413,-0.5940304068114298,0.7306147792307492,1
0.7839208784789949,1.4373506578504092,1.12252363252126,1.090263229965003,1.2947644960127682,1.159645216768088,0.8381467004446593,0.6014167670256413,1.7082735982713242,0.9545537165632137,1
1.2527146662221478,1.4373506578504092,-0.030704704472457878,1.090263229965003,0.6814735580219489,0.43067156102974796,0.8381467004446593,0.6014167670256413,-0.11438373908585606,1.2904621225619106,0
-0.6224604847504593,-1.5684800212250773,-1.1839330414661757,-0.015620609228609717,-1.2810574435486735,-1.513258187605826,-1.1931085566160113,0.6014167670256413,-0.9777477409918889,-1.732713531426361,0
-0.15366669700730792,-0.06556468168733408,-1.1839330414661757,-1.1215044484222225,-0.667766505557854,-0.29830209470859204,-1.1931085566160113,0.6014167670256413,-0.7858890739016593,-1.5087745940938964,0
-1.4037834643223788,1.4373506578504092,-1.1839330414661757,-1.1215044484222225,-0.2997919427633623,-1.2702669690263801,0.8381467004446593,0.6014167670256413,-0.7858890739016593,-0.05317150143287675,1
-1.8725772520655304,-0.06556468168733408,-1.1839330414661757,-1.1215044484222225,-1.8943483815394928,0.18768034245030202,-1.1931085566160113,0.6014167670256413,-0.7858890739016593,-0.16514097009910902,0
-1.8725772520655304,-0.06556468168733408,-1.1839330414661757,-1.1215044484222225,-0.667766505557854,-0.29830209470859204,-1.1931085566160113,0.6014167670256413,-1.3614650751723478,0.3947063732320524,0
-0.4661958888360746,-0.06556468168733408,-1.1839330414661757,-0.015620609228609717,-1.6490320063431652,-0.784284531867486,-1.1931085566160113,0.6014167670256413,-1.3614650751723478,-0.8369577820965027,0
-1.0912542724936107,-0.06556468168733408,-1.1839330414661757,-1.1215044484222225,-0.4224501303615262,1.159645216768088,0.8381467004446593,-1.6627404735414788,0.07747492800437346,-1.2848356567614319,1
0.9401854743933811,-1.5684800212250773,1.12252363252126,-1.1215044484222225,1.0494481208164406,-2.2422318433441673,0.8381467004446593,0.6014167670256413,0.653050929275062,1.4024315912281429,1
1.5652438580509145,1.4373506578504092,1.12252363252126,1.090263229965003,1.2947644960127682,1.159645216768088,0.8381467004446593,0.6014167670256413,0.9408389299104063,1.0665231852294461,1
0.15886249482146017,-0.06556468168733408,-0.030704704472457878,1.090263229965003,-0.2997919427633623,-0.055310876129146085,-1.1931085566160113,-1.6627404735414788,1.1326975970006357,0.9545537165632137,0
0.0025978989070768233,-1.5684800212250773,-0.030704704472457878,-0.015620609228609717,-1.0357410683523456,0.18768034245030202,-1.1931085566160113,0.6014167670256413,-1.3614650751723478,-0.5010493760978059,0
1.2527146662221478,-0.06556468168733408,-1.1839330414661757,1.090263229965003,-0.2997919427633623,-0.055310876129146085,0.8381467004446593,0.6014167670256413,1.036768263455521,0.7306147792307492,1
-0.6224604847504593,-0.06556468168733408,-0.030704704472457878,-1.1215044484222225,0.06818262003112939,-1.513258187605826,-1.1931085566160113,0.6014167670256413,-1.3614650751723478,-0.6130188447640381,1
0.6276562825646116,-1.5684800212250773,1.12252363252126,-1.1215044484222225,0.8041317456201127,-1.513258187605826,0.8381467004446593,0.6014167670256413,1.9960615989066686,1.1784926538956784,1
-0.30993129292169125,-1.5684800212250773,-1.1839330414661757,-1.1215044484222225,1.0494481208164406,0.916653998188642,-1.1931085566160113,-1.6627404735414788,-0.7858890739016593,-1.6207440627601286,0
-0.30993129292169125,-0.06556468168733408,1.12252363252126,-0.015620609228609717,1.1721063084146044,1.159645216768088,0.8381467004446593,0.6014167670256413,1.036768263455521,1.2904621225619106,0
-0.15366669700730792,1.4373506578504092,1.12252363252126,-1.1215044484222225,-0.1771337551651984,-1.513258187605826,0.8381467004446593,0.6014167670256413,0.269333595094603,1.0665231852294461,1
1.2527146662221478,1.4373506578504092,1.12252363252126,1.090263229965003,1.2947644960127682,1.159645216768088,0.8381467004446593,0.6014167670256413,1.3245562640908652,1.4024315912281429,1
-0.30993129292169125,1.4373506578504092,-1.1839330414661757,1.090263229965003,-0.0544755675670345,-1.0272757504469332,0.8381467004446593,0.6014167670256413,-0.11438373908585606,0.8425842478969815,0
-0.4661958888360746,-1.5684800212250773,-0.030704704472457878,-1.1215044484222225,-1.0357410683523456,-1.2702669690263801,-1.1931085566160113,-1.6627404735414788,-1.3614650751723478,-1.1728661880951996,0
-0.6224604847504593,-0.06556468168733408,-1.1839330414661757,-1.1215044484222225,-1.771690193941329,-0.784284531867486,-1.1931085566160113,0.6014167670256413,-0.5940304068114298,-0.5010493760978059,0
-0.4661958888360746,-1.5684800212250773,-0.030704704472457878,-0.015620609228609717,-0.0544755675670345,0.673662779609194,-1.1931085566160113,0.6014167670256413,-0.7858890739016593,-0.8369577820965027,0
-0.30993129292169125,-0.06556468168733408,-1.1839330414661757,-1.1215044484222225,-0.9130828807541818,-0.29830209470859204,-1.1931085566160113,-1.6627404735414788,-1.1696064080821185,-0.2771104387653413,0
-0.4661958888360746,-0.06556468168733408,-1.1839330414661757,-1.1215044484222225,-0.0544755675670345,-1.7562494061852731,-1.1931085566160113,0.6014167670256413,-1.1696064080821185,-0.3890799074315736,0
0.9401854743933811,-0.06556468168733408,1.12252363252126,1.090263229965003,-0.2997919427633623,-0.784284531867486,-1.1931085566160113,0.6014167670256413,0.653050929275062,0.8425842478969815,0
-1.247518868407994,-0.06556468168733408,1.12252363252126,1.090263229965003,-1.771690193941329,-0.784284531867486,-1.1931085566160113,0.6014167670256413,0.9408389299104063,-1.6207440627601286,0
0.15886249482146017,-0.06556468168733408,-1.1839330414661757,-0.015620609228609717,-1.771690193941329,-1.513258187605826,-1.1931085566160113,-1.6627404735414788,-1.3614650751723478,-1.1728661880951996,0
0.6276562825646116,-0.06556468168733408,1.12252363252126,-0.015620609228609717,1.1721063084146044,0.18768034245030202,0.8381467004446593,0.6014167670256413,0.653050929275062,1.5144010598943751,1
0.6276562825646116,-0.06556468168733408,1.12252363252126,-0.015620609228609717,1.1721063084146044,0.916653998188642,0.8381467004446593,0.6014167670256413,0.8449095963652915,1.1784926538956784,1
-1.5600480602367621,-0.06556468168733408,-1.1839330414661757,-1.1215044484222225,-1.0357410683523456,0.43067156102974796,-1.1931085566160113,-1.6627404735414788,-1.0736770745370037,-1.732713531426361,0
-0.6224604847504593,-0.06556468168733408,-1.1839330414661757,-0.015620609228609717,0.06818262003112939,0.916653998188642,-1.1931085566160113,-1.6627404735414788,-1.3614650751723478,-0.8369577820965027,0
-1.5600480602367621,-0.06556468168733408,-0.030704704472457878,-1.1215044484222225,-1.4037156311468373,0.673662779609194,-1.1931085566160113,0.6014167670256413,-1.3614650751723478,0.2827369045658201,0
0.7839208784789949,-0.06556468168733408,-0.030704704472457878,2.1961470691586156,0.43615718282562105,-0.29830209470859204,0.8381467004446593,0.6014167670256413,0.8449095963652915,0.618645310564517,0
0.15886249482146017,-0.06556468168733408,-1.1839330414661757,-1.1215044484222225,1.2947644960127682,-0.055310876129146085,-1.1931085566160113,0.6014167670256413,-0.0184544055407413,1.0665231852294461,1
-0.7787250806648427,-1.5684800212250773,-1.1839330414661757,-0.015620609228609717,-0.4224501303615262,-0.29830209470859204,-1.1931085566160113,-1.6627404735414788,-1.3614650751723478,-0.6130188447640381,0
0.6276562825646116,1.4373506578504092,1.12252363252126,-1.1215044484222225,0.8041317456201127,0.43067156102974796,-1.1931085566160113,0.6014167670256413,0.3652629286397177,0.9545537165632137,1
0.0025978989070768233,-0.06556468168733408,-1.1839330414661757,1.090263229965003,0.8041317456201127,-0.29830209470859204,0.8381467004446593,0.6014167670256413,-1.0736770745370037,0.618645310564517,0
1.5652438580509145,1.4373506578504092,1.12252363252126,-1.1215044484222225,0.31349899522745717,-0.5412933132880401,0.8381467004446593,0.6014167670256413,0.269333595094603,0.5066758418982846,1
-0.4661958888360746,-0.06556468168733408,-0.030704704472457878,-1.1215044484222225,0.19084080762929329,-0.055310876129146085,-1.1931085566160113,0.6014167670256413,0.1734042615494882,-0.6130188447640381,0
0.47139168665022824,-0.06556468168733408,1.12252363252126,1.090263229965003,0.6814735580219489,1.159645216768088,0.8381467004446593,0.6014167670256413,0.653050929275062,0.9545537165632137,1
1.5652438580509145,1.4373506578504092,-1.1839330414661757,1.090263229965003,0.6814735580219489,1.159645216768088,0.8381467004446593,0.6014167670256413,1.42048559763598,-0.7249883134302705,1
0.6276562825646116,-0.06556468168733408,-0.030704704472457878,-1.1215044484222225,-0.1771337551651984,-0.29830209470859204,0.8381467004446593,0.6014167670256413,1.42048559763598,0.8425842478969815,1
1.0964500703077644,-0.06556468168733408,-1.1839330414661757,-1.1215044484222225,-0.7904246931560178,-0.29830209470859204,-1.1931085566160113,0.6014167670256413,-1.3614650751723478,-0.6130188447640381,0
-0.4661958888360746,-0.06556468168733408,-1.1839330414661757,-1.1215044484222225,-1.0357410683523456,-1.0272757504469332,-1.1931085566160113,0.6014167670256413,-1.3614650751723478,-1.732713531426361,0
0.3151270907358449,-0.06556468168733408,-0.030704704472457878,1.090263229965003,1.2947644960127682,-0.29830209470859204,0.8381467004446593,0.6014167670256413,1.1326975970006357,1.2904621225619106,1
-0.15366669700730792,-0.06556468168733408,-0.030704704472457878,-1.1215044484222225,0.8041317456201127,-0.29830209470859204,-1.1931085566160113,0.6014167670256413,-1.0736770745370037,-1.0608967194289673,0
-1.247518868407994,-0.06556468168733408,-1.1839330414661757,-1.1215044484222225,-0.0544755675670345,0.916653998188642,0.8381467004446593,-1.6627404735414788,0.1734042615494882,-0.3890799074315736,0
0.3151270907358449,-0.06556468168733408,-1.1839330414661757,-0.015620609228609717,-1.526373818745001,-2.485223061923614,0.8381467004446593,0.6014167670256413,0.1734042615494882,-0.7249883134302705,0
0.7839208784789949,1.4373506578504092,1.12252363252126,1.090263229965003,0.9267899332182766,1.159645216768088,-1.1931085566160113,0.6014167670256413,-0.4021717397212003,-0.948927250762735,1
0.15886249482146017,-0.06556468168733408,-1.1839330414661757,1.090263229965003,-0.667766505557854,-1.2702669690263801,-1.1931085566160113,0.6014167670256413,-0.8818184074467741,0.7306147792307492,0
-1.8725772520655304,-0.06556468168733408,-1.1839330414661757,-0.015620609228609717,-1.6490320063431652,-1.7562494061852731,-1.1931085566160113,-1.6627404735414788,-0.9777477409918889,-0.6130188447640381,0
-0.15366669700730792,-0.06556468168733408,-0.030704704472457878,-0.015620609228609717,-0.4224501303615262,-0.055310876129146085,0.8381467004446593,0.6014167670256413,0.4611922621848325,0.8425842478969815,1
1.0964500703077644,-0.06556468168733408,-1.1839330414661757,-1.1215044484222225,0.06818262003112939,0.673662779609194,0.8381467004446593,0.6014167670256413,0.7489802628201767,0.8425842478969815,0
1.5652438580509145,1.4373506578504092,1.12252363252126,2.1961470691586156,1.2947644960127682,0.916653998188642,0.8381467004446593,0.6014167670256413,1.42048559763598,0.7306147792307492,1
0.6276562825646116,-0.06556468168733408,-1.1839330414661757,-0.015620609228609717,-0.9130828807541818,0.673662779609194,0.8381467004446593,-1.6627404735414788,-0.7858890739016593,-1.2848356567614319,0
-1.5600480602367621,-0.06556468168733408,-1.1839330414661757,-0.015620609228609717,-1.4037156311468373,1.159645216768088,0.8381467004446593,-1.6627404735414788,-1.1696064080821185,-1.0608967194289673,0
-0.15366669700730792,-0.06556468168733408,-1.1839330414661757,-1.1215044484222225,-1.0357410683523456,-1.0272757504469332,-1.1931085566160113,0.6014167670256413,-1.3614650751723478,-1.6207440627601286,0
-0.30993129292169125,-0.06556468168733408,-1.1839330414661757,-1.1215044484222225,-2.3849811319321486,-1.513258187605826,-1.1931085566160113,0.6014167670256413,-1.3614650751723478,-1.6207440627601286,0
0.9401854743933811,-0.06556468168733408,-1.1839330414661757,-1.1215044484222225,-1.1583992559505094,-0.5412933132880401,-1.1931085566160113,0.6014167670256413,-0.0184544055407413,0.17076743589958782,0
0.47139168665022824,-0.06556468168733408,-1.1839330414661757,1.090263229965003,0.06818262003112939,0.916653998188642,0.8381467004446593,0.6014167670256413,1.036768263455521,0.5066758418982846,0
-0.6224604847504593,-1.5684800212250773,-1.1839330414661757,-1.1215044484222225,-0.1771337551651984,-2.485223061923614,-1.1931085566160113,-1.6627404735414788,-0.8818184074467741,-0.8369577820965027,0
0.15886249482146017,-1.5684800212250773,-0.030704704472457878,1.090263229965003,-0.667766505557854,0.673662779609194,0.8381467004446593,0.6014167670256413,-1.0736770745370037,-1.6207440627601286,0
0.7839208784789949,1.4373506578504092,1.12252363252126,1.090263229965003,1.2947644960127682,0.673662779609194,0.8381467004446593,0.6014167670256413,1.5164149311810948,1.1784926538956784,1
-0.4661958888360746,-0.06556468168733408,-0.030704704472457878,-0.015620609228609717,0.43615718282562105,-0.5412933132880401,-1.1931085566160113,0.6014167670256413,1.9960615989066686,1.5144010598943751,0
1.0964500703077644,-0.06556468168733408,1.12252363252126,1.090263229965003,1.2947644960127682,1.159645216768088,0.8381467004446593,0.6014167670256413,1.5164149311810948,-0.7249883134302705,1
0.47139168665022824,-1.5684800212250773,-0.030704704472457878,1.090263229965003,0.9267899332182766,0.916653998188642,0.8381467004446593,-1.6627404735414788,0.269333595094603,0.9545537165632137,0
1.5652438580509145,1.4373506578504092,1.12252363252126,1.090263229965003,1.2947644960127682,0.18768034245030202,0.8381467004446593,0.6014167670256413,-0.0184544055407413,1.1784926538956784,1
-1.5600480602367621,-1.5684800212250773,-1.1839330414661757,-1.1215044484222225,0.31349899522745717,-1.2702669690263801,-1.1931085566160113,-1.6627404735414788,-0.21031307263097082,-1.2848356567614319,0
0.0025978989070768233,-0.06556468168733408,1.12252363252126,-1.1215044484222225,0.31349899522745717,-0.29830209470859204,0.8381467004446593,0.6014167670256413,1.9960615989066686,1.5144010598943751,1
-0.15366669700730792,-0.06556468168733408,-1.1839330414661757,-0.015620609228609717,-2.3849811319321486,0.18768034245030202,-1.1931085566160113,0.6014167670256413,-0.9777477409918889,-0.5010493760978059,0
1.0964500703077644,1.4373506578504092,1.12252363252126,1.090263229965003,1.2947644960127682,1.159645216768088,0.8381467004446593,0.6014167670256413,0.8449095963652915,1.1784926538956784,1
0.3151270907358449,-1.5684800212250773,1.12252363252126,-1.1215044484222225,0.9267899332182766,-1.0272757504469332,0.8381467004446593,0.6014167670256413,0.8449095963652915,0.8425842478969815,0
0.9401854743933811,1.4373506578504092,1.12252363252126,1.090263229965003,1.2947644960127682,1.159645216768088,0.8381467004446593,0.6014167670256413,1.036768263455521,1.2904621225619106,1
0.6276562825646116,1.4373506578504092,1.12252363252126,1.090263229965003,1.2947644960127682,1.159645216768088,0.8381467004446593,0.6014167670256413,1.6123442647262096,1.4024315912281429,1
0.7839208784789949,-0.06556468168733408,-0.030704704472457878,-1.1215044484222225,-1.2810574435486735,-1.0272757504469332,0.8381467004446593,0.6014167670256413,-0.11438373908585606,-1.2848356567614319,0
-0.30993129292169125,-0.06556468168733408,-0.030704704472457878,-0.015620609228609717,-0.4224501303615262,-1.513258187605826,0.8381467004446593,0.6014167670256413,-0.9777477409918889,-0.5010493760978059,0
-0.30993129292169125,-0.06556468168733408,-1.1839330414661757,-1.1215044484222225,-1.2810574435486735,-1.513258187605826,-1.1931085566160113,0.6014167670256413,-1.3614650751723478,-0.5010493760978059,0
-1.8725772520655304,-0.06556468168733408,-1.1839330414661757,-1.1215044484222225,-1.771690193941329,-0.5412933132880401,-1.1931085566160113,-1.6627404735414788,-1.0736770745370037,-0.5010493760978059,0
0.9401854743933811,-0.06556468168733408,-1.1839330414661757,-0.015620609228609717,-1.0357410683523456,1.159645216768088,0.8381467004446593,0.6014167670256413,0.8449095963652915,0.9545537165632137,0
0.7839208784789949,-0.06556468168733408,-0.030704704472457878,1.090263229965003,1.2947644960127682,0.916653998188642,0.8381467004446593,0.6014167670256413,1.3245562640908652,1.4024315912281429,0
-0.15366669700730792,-0.06556468168733408,1.12252363252126,-0.015620609228609717,-0.7904246931560178,0.18768034245030202,-1.1931085566160113,0.6014167670256413,-1.3614650751723478,-1.396805125427664,0
0.7839208784789949,-1.5684800212250773,-1.1839330414661757,-1.1215044484222225,1.2947644960127682,0.916653998188642,-1.1931085566160113,0.6014167670256413,-0.21031307263097082,1.2904621225619106,0
0.9401854743933811,1.4373506578504092,1.12252363252126,1.090263229965003,0.8041317456201127,1.159645216768088,0.8381467004446593,0.6014167670256413,1.42048559763598,0.17076743589958782,1
-0.30993129292169125,1.4373506578504092,1.12252363252126,-0.015620609228609717,-0.0544755675670345,0.18768034245030202,0.8381467004446593,0.6014167670256413,-0.11438373908585606,-0.3890799074315736,1
-0.30993129292169125,-1.5684800212250773,-1.1839330414661757,-0.015620609228609717,-2.3849811319321486,-0.29830209470859204,-1.1931085566160113,-1.6627404735414788,-0.9777477409918889,-0.05317150143287675,0
0.3151270907358449,-0.06556468168733408,1.12252363252126,-0.015620609228609717,-0.2997919427633623,-0.055310876129146085,0.8381467004446593,0.6014167670256413,1.42048559763598,1.1784926538956784,1
-1.0912542724936107,-1.5684800212250773,-1.1839330414661757,-0.015620609228609717,-1.6490320063431652,-1.2702669690263801,-1.1931085566160113,-1.6627404735414788,-1.3614650751723478,-1.0608967194289673,0
-0.7787250806648427,-0.06556468168733408,1.12252363252126,2.1961470691586156,1.0494481208164406,0.673662779609194,-1.1931085566160113,0.6014167670256413,0.653050929275062,1.0665231852294461,1
-1.4037834643223788,-0.06556468168733408,-0.030704704472457878,-0.015620609228609717,-0.4224501303615262,-1.2702669690263801,-1.1931085566160113,0.6014167670256413,-0.9777477409918889,-0.6130188447640381,0
-0.4661958888360746,-0.06556468168733408,-1.1839330414661757,-1.1215044484222225,-1.771690193941329,-1.513258187605826,-1.1931085566160113,0.6014167670256413,1.1326975970006357,0.8425842478969815,0
0.47139168665022824,1.4373506578504092,1.12252363252126,1.090263229965003,1.2947644960127682,1.159645216768088,0.8381467004446593,0.6014167670256413,0.7489802628201767,1.1784926538956784,1
0.15886249482146017,1.4373506578504092,1.12252363252126,-1.1215044484222225,-0.5451083179596901,0.43067156102974796,0.8381467004446593,0.6014167670256413,0.269333595094603,0.7306147792307492,1
1.2527146662221478,-0.06556468168733408,1.12252363252126,1.090263229965003,1.2947644960127682,0.916653998188642,0.8381467004446593,0.6014167670256413,1.6123442647262096,1.4024315912281429,1
-0.4661958888360746,-0.06556468168733408,-1.1839330414661757,2.1961470691586156,-2.2623229443339845,-0.784284531867486,-1.1931085566160113,-1.6627404735414788,-1.3614650751723478,-0.5010493760978059,0
0.9401854743933811,1.4373506578504092,1.12252363252126,1.090263229965003,1.2947644960127682,1.159645216768088,0.8381467004446593,0.6014167670256413,1.1326975970006357,1.4024315912281429,1
-0.6224604847504593,-1.5684800212250773,-1.1839330414661757,-0.015620609228609717,-1.1583992559505094,-1.0272757504469332,-1.1931085566160113,-1.6627404735414788,-1.3614650751723478,-0.3890799074315736,0
0.0025978989070768233,-0.06556468168733408,-0.030704704472457878,-1.1215044484222225,-0.5451083179596901,-1.513258187605826,-1.1931085566160113,0.6014167670256413,0.1734042615494882,-0.6130188447640381,0
1.2527146662221478,1.4373506578504092,1.12252363252126,1.090263229965003,0.9267899332182766,1.159645216768088,0.8381467004446593,0.6014167670256413,0.4611922621848325,0.3947063732320524,1
-1.8725772520655304,-0.06556468168733408,-0.030704704472457878,-1.1215044484222225,0.6814735580219489,-2.2422318433441673,-1.1931085566160113,0.6014167670256413,-1.1696064080821185,-0.3890799074315736,0
-1.8725772520655304,-0.06556468168733408,-1.1839330414661757,-0.015620609228609717,-2.1396647567358205,-0.5412933132880401,-1.1931085566160113,0.6014167670256413,-0.5940304068114298,-0.8369577820965027,0
0.0025978989070768233,1.4373506578504092,-1.1839330414661757,-1.1215044484222225,-0.1771337551651984,-0.055310876129146085,0.8381467004446593,0.6014167670256413,0.5571215957299472,-0.7249883134302705,0
-1.5600480602367621,-0.06556468168733408,-1.1839330414661757,-1.1215044484222225,-1.1583992559505094,-1.7562494061852731,-1.1931085566160113,-1.6627404735414788,-0.4981010732663151,-0.6130188447640381,0
-1.8725772520655304,-1.5684800212250773,-1.1839330414661757,-1.1215044484222225,-1.8943483815394928,-0.5412933132880401,-1.1931085566160113,-1.6627404735414788,-1.265535741627233,-0.6130188447640381,0
0.3151270907358449,1.4373506578504092,1.12252363252126,1.090263229965003,0.06818262003112939,0.673662779609194,0.8381467004446593,-1.6627404735414788,0.7489802628201767,-0.6130188447640381,0
-1.8725772520655304,-0.06556468168733408,-1.1839330414661757,-1.1215044484222225,-1.1583992559505094,1.159645216768088,0.8381467004446593,0.6014167670256413,0.9408389299104063,-1.396805125427664,1
1.4089792621365311,1.4373506578504092,1.12252363252126,-1.1215044484222225,0.6814735580219489,1.159645216768088,0.8381467004446593,0.6014167670256413,1.9001322653615538,0.9545537165632137,1
-1.8725772520655304,-0.06556468168733408,1.12252363252126,-0.015620609228609717,-0.7904246931560178,-0.29830209470859204,-1.1931085566160113,0.6014167670256413,-0.9777477409918889,-0.8369577820965027,0
0.0025978989070768233,-1.5684800212250773,-0.030704704472457878,-0.015620609228609717,0.19084080762929329,-1.2702669690263801,0.8381467004446593,0.6014167670256413,1.2286269305457505,-1.0608967194289673,0
1.4089792621365311,1.4373506578504092,1.12252363252126,1.090263229965003,1.2947644960127682,1.159645216768088,0.8381467004446593,0.6014167670256413,1.2286269305457505,0.7306147792307492,1
0.6276562825646116,-0.06556468168733408,-0.030704704472457878,-1.1215044484222225,0.43615718282562105,-1.0272757504469332,-1.1931085566160113,-1.6627404735414788,1.5164149311810948,-1.6207440627601286,0
1.0964500703077644,-1.5684800212250773,1.12252363252126,1.090263229965003,-0.1771337551651984,1.159645216768088,-1.1931085566160113,0.6014167670256413,1.5164149311810948,-1.0608967194289673,1
0.7839208784789949,1.4373506578504092,-0.030704704472457878,-0.015620609228609717,-0.4224501303615262,0.673662779609194,0.8381467004446593,0.6014167670256413,-0.30624240617608556,-1.0608967194289673,0
-1.8725772520655304,-0.06556468168733408,-1.1839330414661757,1.090263229965003,-1.0357410683523456,-1.513258187605826,0.8381467004446593,-1.6627404735414788,0.5571215957299472,-0.948927250762735,0
1.4089792621365311,1.4373506578504092,1.12252363252126,1.090263229965003,1.2947644960127682,1.159645216768088,0.8381467004446593,0.6014167670256413,1.9001322653615538,1.2904621225619106,1
0.47139168665022824,-1.5684800212250773,-0.030704704472457878,-1.1215044484222225,-2.3849811319321486,-0.29830209470859204,-1.1931085566160113,-1.6627404735414788,-1.3614650751723478,-0.5010493760978059,0
-1.0912542724936107,-1.5684800212250773,-1.1839330414661757,-1.1215044484222225,-0.667766505557854,0.18768034245030202,-1.1931085566160113,-1.6627404735414788,0.1734042615494882,-1.6207440627601286,0
0.3151270907358449,-0.06556468168733408,-1.1839330414661757,-0.015620609228609717,-1.1583992559505094,-2.2422318433441673,-1.1931085566160113,-1.6627404735414788,-0.6899597403565446,-0.3890799074315736,0
-1.8725772520655304,-1.5684800212250773,-1.1839330414661757,-0.015620609228609717,-1.6490320063431652,-1.7562494061852731,-1.1931085566160113,-1.6627404735414788,-1.3614650751723478,-0.5010493760978059,0
1.5652438580509145,1.4373506578504092,1.12252363252126,1.090263229965003,0.19084080762929329,0.673662779609194,0.8381467004446593,0.6014167670256413,0.9408389299104063,1.1784926538956784,1
0.7839208784789949,1.4373506578504092,-0.030704704472457878,1.090263229965003,0.19084080762929329,1.159645216768088,0.8381467004446593,0.6014167670256413,0.8449095963652915,0.9545537165632137,1
-1.0912542724936107,-0.06556468168733408,-0.030704704472457878,-0.015620609228609717,0.43615718282562105,1.159645216768088,0.8381467004446593,0.6014167670256413,-1.0736770745370037,-1.1728661880951996,0
0.47139168665022824,1.4373506578504092,1.12252363252126,-0.015620609228609717,1.2947644960127682,-0.055310876129146085,0.8381467004446593,0.6014167670256413,0.9408389299104063,-0.16514097009910902,1
0.47139168665022824,-0.06556468168733408,-0.030704704472457878,-1.1215044484222225,-0.0544755675670345,0.18768034245030202,-1.1931085566160113,-1.6627404735414788,1.42048559763598,0.2827369045658201,0
-1.716312656151147,-0.06556468168733408,-1.1839330414661757,-0.015620609228609717,-2.3849811319321486,-2.2422318433441673,-1.1931085566160113,-1.6627404735414788,-1.3614650751723478,-0.948927250762735,0
-1.8725772520655304,-1.5684800212250773,1.12252363252126,-1.1215044484222225,-1.0357410683523456,-1.2702669690263801,-1.1931085566160113,0.6014167670256413,-0.5940304068114298,-0.948927250762735,0
1.0964500703077644,1.4373506578504092,1.12252363252126,1.090263229965003,1.2947644960127682,1.159645216768088,0.8381467004446593,0.6014167670256413,1.2286269305457505,1.0665231852294461,1
1.4089792621365311,-0.06556468168733408,1.12252363252126,1.090263229965003,1.1721063084146044,0.673662779609194,0.8381467004446593,0.6014167670256413,0.5571215957299472,0.9545537165632137,1
1.4089792621365311,-1.5684800212250773,1.12252363252126,1.090263229965003,1.2947644960127682,1.159645216768088,0.8381467004446593,0.6014167670256413,1.1326975970006357,0.8425842478969815,1
-0.4661958888360746,-1.5684800212250773,-0.030704704472457878,-1.1215044484222225,0.8041317456201127,-1.2702669690263801,-1.1931085566160113,0.6014167670256413,0.8449095963652915,-0.3890799074315736,0
0.6276562825646116,-0.06556468168733408,-1.1839330414661757,-1.1215044484222225,-1.2810574435486735,-0.784284531867486,-1.1931085566160113,0.6014167670256413,-1.3614650751723478,-0.5010493760978059,0
0.9401854743933811,-0.06556468168733408,-1.1839330414661757,1.090263229965003,-0.1771337551651984,0.43067156102974796,0.8381467004446593,0.6014167670256413,0.8449095963652915,1.5144010598943751,1
-0.30993129292169125,-0.06556468168733408,-1.1839330414661757,-1.1215044484222225,-0.2997919427633623,1.159645216768088,-1.1931085566160113,0.6014167670256413,-1.3614650751723478,-1.8446830000925933,1
1.0964500703077644,1.4373506578504092,1.12252363252126,1.090263229965003,0.6814735580219489,0.43067156102974796,-1.1931085566160113,0.6014167670256413,1.6123442647262096,0.7306147792307492,1
-0.4661958888360746,-0.06556468168733408,1.12252363252126,-0.015620609228609717,0.9267899332182766,0.673662779609194,-1.1931085566160113,-1.6627404735414788,-0.0184544055407413,0.9545537165632137,0
-0.15366669700730792,-0.06556468168733408,-1.1839330414661757,-0.015620609228609717,-1.0357410683523456,-0.29830209470859204,-1.1931085566160113,-1.6627404735414788,-1.1696064080821185,-0.7249883134302705,0
-0.30993129292169125,-1.5684800212250773,-1.1839330414661757,-1.1215044484222225,-1.6490320063431652,-0.055310876129146085,-1.1931085566160113,-1.6627404735414788,-0.8818184074467741,-0.7249883134302705,0
-0.30993129292169125,-0.06556468168733408,-0.030704704472457878,-1.1215044484222225,-1.771690193941329,0.18768034245030202,-1.1931085566160113,-1.6627404735414788,-1.3614650751723478,-1.396805125427664,0
-0.15366669700730792,-0.06556468168733408,-0.030704704472457878,1.090263229965003,-1.1583992559505094,1.159645216768088,-1.1931085566160113,0.6014167670256413,0.3652629286397177,1.0665231852294461,1
-0.15366669700730792,-1.5684800212250773,-1.1839330414661757,1.090263229965003,1.2947644960127682,1.159645216768088,-1.1931085566160113,0.6014167670256413,1.1326975970006357,0.2827369045658201,1
-1.8725772520655304,-1.5684800212250773,-0.030704704472457878,-1.1215044484222225,-0.5451083179596901,-0.055310876129146085,-1.1931085566160113,0.6014167670256413,1.2286269305457505,-0.5010493760978059,0
-1.8725772520655304,-0.06556468168733408,-1.1839330414661757,-1.1215044484222225,0.43615718282562105,-1.7562494061852731,-1.1931085566160113,0.6014167670256413,-1.3614650751723478,-0.5010493760978059,0
0.47139168665022824,-0.06556468168733408,-0.030704704472457878,-1.1215044484222225,-0.4224501303615262,0.18768034245030202,0.8381467004446593,0.6014167670256413,-0.7858890739016593,-0.5010493760978059,1
-1.716312656151147,-0.06556468168733408,-1.1839330414661757,-1.1215044484222225,-0.2997919427633623,-1.2702669690263801,-1.1931085566160113,0.6014167670256413,-0.9777477409918889,-0.3890799074315736,0
0.7839208784789949,-0.06556468168733408,1.12252363252126,1.090263229965003,1.2947644960127682,1.159645216768088,0.8381467004446593,0.6014167670256413,1.5164149311810948,1.2904621225619106,1
0.47139168665022824,-0.06556468168733408,1.12252363252126,1.090263229965003,0.8041317456201127,0.673662779609194,0.8381467004446593,0.6014167670256413,1.7082735982713242,0.7306147792307492,1
-1.8725772520655304,-0.06556468168733408,1.12252363252126,2.1961470691586156,-0.0544755675670345,-0.055310876129146085,0.8381467004446593,0.6014167670256413,-0.5940304068114298,1.4024315912281429,1
1.2527146662221478,-0.06556468168733408,1.12252363252126,-0.015620609228609717,-0.2997919427633623,0.916653998188642,0.8381467004446593,0.6014167670256413,-0.4021717397212003,1.1784926538956784,0
0.9401854743933811,-0.06556468168733408,1.12252363252126,1.090263229965003,-0.0544755675670345,0.916653998188642,0.8381467004446593,0.6014167670256413,0.653050929275062,0.3947063732320524,0
-0.15366669700730792,-0.06556468168733408,-1.1839330414661757,-1.1215044484222225,0.31349899522745717,-1.513258187605826,-1.1931085566160113,0.6014167670256413,-1.3614650751723478,-0.8369577820965027,0
0.3151270907358449,-0.06556468168733408,-1.1839330414661757,-0.015620609228609717,-0.7904246931560178,-0.055310876129146085,-1.1931085566160113,-1.6627404735414788,-1.3614650751723478,0.8425842478969815,0
0.7839208784789949,-0.06556468168733408,1.12252363252126,1.090263229965003,1.2947644960127682,-0.055310876129146085,0.8381467004446593,0.6014167670256413,0.653050929275062,0.8425842478969815,1
-0.30993129292169125,-0.06556468168733408,-0.030704704472457878,2.1961470691586156,-0.4224501303615262,-1.513258187605826,-1.1931085566160113,0.6014167670256413,-1.3614650751723478,-0.8369577820965027,0
-0.6224604847504593,1.4373506578504092,-0.030704704472457878,-1.1215044484222225,-1.6490320063431652,-0.5412933132880401,0.8381467004446593,0.6014167670256413,-0.8818184074467741,-0.5010493760978059,0
0.7839208784789949,1.4373506578504092,1.12252363252126,1.090263229965003,1.2947644960127682,0.673662779609194,0.8381467004446593,0.6014167670256413,0.653050929275062,1.1784926538956784,1
-0.4661958888360746,-0.06556468168733408,-1.1839330414661757,-1.1215044484222225,-1.4037156311468373,-1.0272757504469332,-1.1931085566160113,0.6014167670256413,0.9408389299104063,0.17076743589958782,0
-0.4661958888360746,-0.06556468168733408,-1.1839330414661757,-1.1215044484222225,-1.526373818745001,-1.513258187605826,-1.1931085566160113,-1.6627404735414788,-0.4021717397212003,-1.0608967194289673,0
0.7839208784789949,-0.06556468168733408,1.12252363252126,1.090263229965003,1.1721063084146044,0.18768034245030202,0.8381467004446593,0.6014167670256413,0.3652629286397177,-0.6130188447640381,1
-0.15366669700730792,-0.06556468168733408,-0.030704704472457878,-1.1215044484222225,-0.4224501303615262,-0.5412933132880401,0.8381467004446593,0.6014167670256413,0.07747492800437346,-1.396805125427664,0
0.7839208784789949,-1.5684800212250773,-0.030704704472457878,1.090263229965003,-0.0544755675670345,-0.784284531867486,0.8381467004446593,0.6014167670256413,0.653050929275062,0.5066758418982846,1
0.6276562825646116,1.4373506578504092,1.12252363252126,-0.015620609228609717,1.2947644960127682,0.916653998188642,0.8381467004446593,-1.6627404735414788,0.4611922621848325,1.0665231852294461,1
-0.15366669700730792,-0.06556468168733408,-0.030704704472457878,-0.015620609228609717,0.31349899522745717,-0.055310876129146085,0.8381467004446593,-1.6627404735414788,-0.11438373908585606,-0.948927250762735,0
-1.716312656151147,-0.06556468168733408,1.12252363252126,-0.015620609228609717,-1.1583992559505094,0.916653998188642,0.8381467004446593,0.6014167670256413,-1.3614650751723478,-1.396805125427664,1
0.7839208784789949,1.4373506578504092,1.12252363252126,1.090263229965003,1.2947644960127682,1.159645216768088,0.8381467004446593,0.6014167670256413,1.5164149311810948,0.9545537165632137,1
-0.4661958888360746,-0.06556468168733408,-2.3371613784598937,1.090263229965003,-0.7904246931560178,-0.29830209470859204,-1.1931085566160113,0.6014167670256413,1.9960615989066686,-0.2771104387653413,0
-1.8725772520655304,-0.06556468168733408,-1.1839330414661757,-1.1215044484222225,0.43615718282562105,-1.0272757504469332,-1.1931085566160113,0.6014167670256413,0.07747492800437346,-0.6130188447640381,0
0.7839208784789949,-0.06556468168733408,-0.030704704472457878,-1.1215044484222225,0.43615718282562105,1.159645216768088,0.8381467004446593,-1.6627404735414788,-0.4021717397212003,-0.3890799074315736,1
-0.6224604847504593,-0.06556468168733408,-1.1839330414661757,-1.1215044484222225,-1.2810574435486735,-1.513258187605826,-1.1931085566160113,0.6014167670256413,-1.265535741627233,-0.5010493760978059,0
1.2527146662221478,-0.06556468168733408,-0.030704704472457878,-1.1215044484222225,0.9267899332182766,-0.784284531867486,0.8381467004446593,0.6014167670256413,0.8449095963652915,-0.5010493760978059,1
0.7839208784789949,1.4373506578504092,1.12252363252126,1.090263229965003,0.31349899522745717,0.18768034245030202,0.8381467004446593,0.6014167670256413,1.036768263455521,0.9545537165632137,1
-1.4037834643223788,-1.5684800212250773,-1.1839330414661757,-0.015620609228609717,-1.526373818745001,-2.2422318433441673,-1.1931085566160113,0.6014167670256413,-0.9777477409918889,-0.7249883134302705,0
-1.5600480602367621,-0.06556468168733408,-1.1839330414661757,-0.015620609228609717,-0.4224501303615262,0.673662779609194,-1.1931085566160113,-1.6627404735414788,-0.4021717397212003,-0.6130188447640381,0
-1.8725772520655304,-0.06556468168733408,-0.030704704472457878,-0.015620609228609717,-1.2810574435486735,-0.055310876129146085,-1.1931085566160113,-1.6627404735414788,-1.3614650751723478,-1.5087745940938964,0
0.6276562825646116,1.4373506578504092,1.12252363252126,-1.1215044484222225,1.0494481208164406,0.43067156102974796,0.8381467004446593,-1.6627404735414788,0.653050929275062,1.1784926538956784,1
0.47139168665022824,-0.06556468168733408,-1.1839330414661757,-1.1215044484222225,1.2947644960127682,0.18768034245030202,-1.1931085566160113,0.6014167670256413,0.4611922621848325,-1.396805125427664,0
1.0964500703077644,1.4373506578504092,1.12252363252126,1.090263229965003,1.2947644960127682,1.159645216768088,0.8381467004446593,0.6014167670256413,1.804202931816439,0.8425842478969815,1
-0.4661958888360746,1.4373506578504092,-1.1839330414661757,-0.015620609228609717,0.9267899332182766,0.43067156102974796,0.8381467004446593,0.6014167670256413,-0.11438373908585606,1.0665231852294461,0
-0.4661958888360746,-1.5684800212250773,-0.030704704472457878,-0.015620609228609717,-0.9130828807541818,0.18768034245030202,-1.1931085566160113,0.6014167670256413,-0.8818184074467741,-0.5010493760978059,1
0.47139168665022824,-0.06556468168733408,-1.1839330414661757,2.1961470691586156,0.5588153704237849,-0.784284531867486,-1.1931085566160113,0.6014167670256413,-1.1696064080821185,-1.5087745940938964,0
-0.15366669700730792,-0.06556468168733408,-0.030704704472457878,-1.1215044484222225,0.19084080762929329,0.916653998188642,0.8381467004446593,0.6014167670256413,0.4611922621848325,1.1784926538956784,0
1.2527146662221478,1.4373506578504092,-0.030704704472457878,-1.1215044484222225,0.43615718282562105,0.916653998188642,0.8381467004446593,0.6014167670256413,1.036768263455521,1.4024315912281429,0
-0.4661958888360746,1.4373506578504092,-1.1839330414661757,-1.1215044484222225,-0.667766505557854,0.43067156102974796,0.8381467004446593,0.6014167670256413,-0.21031307263097082,-0.7249883134302705,0
0.7839208784789949,-1.5684800212250773,-0.030704704472457878,-0.015620609228609717,-0.5451083179596901,0.673662779609194,0.8381467004446593,-1.6627404735414788,1.2286269305457505,-0.2771104387653413,0
0.15886249482146017,-1.5684800212250773,1.12252363252126,-1.1215044484222225,-0.667766505557854,-0.5412933132880401,-1.1931085566160113,0.6014167670256413,-0.11438373908585606,-0.8369577820965027,0
0.15886249482146017,-1.5684800212250773,1.12252363252126,1.090263229965003,0.6814735580219489,-0.055310876129146085,0.8381467004446593,-1.6627404735414788,1.9001322653615538,-1.2848356567614319,0
1.2527146662221478,-0.06556468168733408,-1.1839330414661757,1.090263229965003,1.2947644960127682,0.673662779609194,0.8381467004446593,0.6014167670256413,1.2286269305457505,1.5144010598943751,1
-0.30993129292169125,-0.06556468168733408,-0.030704704472457878,-1.1215044484222225,-1.526373818745001,-0.29830209470859204,-1.1931085566160113,-1.6627404735414788,-1.3614650751723478,-1.1728661880951996,0
-0.15366669700730792,-0.06556468168733408,1.12252363252126,-1.1215044484222225,0.5588153704237849,-0.5412933132880401,-1.1931085566160113,-1.6627404735414788,-1.1696064080821185,-0.16514097009910902,0
-1.716312656151147,-1.5684800212250773,-1.1839330414661757,-0.015620609228609717,-0.1771337551651984,0.18768034245030202,-1.1931085566160113,0.6014167670256413,-1.3614650751723478,-0.16514097009910902,0
1.7215084539653005,-0.06556468168733408,1.12252363252126,1.090263229965003,1.2947644960127682,1.159645216768088,0.8381467004446593,0.6014167670256413,1.5164149311810948,0.7306147792307492,1
0.15886249482146017,-0.06556468168733408,-0.030704704472457878,-0.015620609228609717,-0.7904246931560178,-0.784284531867486,0.8381467004446593,0.6014167670256413,-1.3614650751723478,1.4024315912281429,0
-0.15366669700730792,-0.06556468168733408,-1.1839330414661757,-0.015620609228609717,-0.9130828807541818,-0.29830209470859204,0.8381467004446593,0.6014167670256413,-1.1696064080821185,-0.8369577820965027,0
-1.247518868407994,-0.06556468168733408,-0.030704704472457878,-0.015620609228609717,-0.667766505557854,-0.5412933132880401,-1.1931085566160113,-1.6627404735414788,-1.3614650751723478,-0.6130188447640381,0
0.0025978989070768233,-0.06556468168733408,-0.030704704472457878,-1.1215044484222225,0.43615718282562105,0.673662779609194,0.8381467004446593,0.6014167670256413,0.1734042615494882,0.8425842478969815,0
-0.15366669700730792,-1.5684800212250773,-0.030704704472457878,-1.1215044484222225,0.6814735580219489,-0.29830209470859204,0.8381467004446593,0.6014167670256413,1.1326975970006357,0.9545537165632137,1
-0.15366669700730792,-0.06556468168733408,1.12252363252126,-1.1215044484222225,-0.1771337551651984,-1.0272757504469332,0.8381467004446593,0.6014167670256413,0.269333595094603,1.1784926538956784,0
-0.4661958888360746,-1.5684800212250773,-1.1839330414661757,-1.1215044484222225,0.6814735580219489,-1.0272757504469332,-1.1931085566160113,0.6014167670256413,-0.11438373908585606,-1.2848356567614319,0
0.3151270907358449,-1.5684800212250773,-0.030704704472457878,-0.015620609228609717,0.9267899332182766,0.18768034245030202,-1.1931085566160113,-1.6627404735414788,0.1734042615494882,-0.5010493760978059,0
1.4089792621365311,-0.06556468168733408,-1.1839330414661757,1.090263229965003,-0.2997919427633623,0.673662779609194,0.8381467004446593,0.6014167670256413,1.7082735982713242,1.2904621225619106,1
-1.716312656151147,-1.5684800212250773,-0.030704704472457878,-0.015620609228609717,-0.667766505557854,0.673662779609194,-1.1931085566160113,0.6014167670256413,-1.3614650751723478,-0.948927250762735,0
-1.8725772520655304,-1.5684800212250773,1.12252363252126,-0.015620609228609717,-1.526373818745001,-1.99924062476472,0.8381467004446593,0.6014167670256413,1.6123442647262096,-0.2771104387653413,1
-0.9349896765792275,-0.06556468168733408,-0.030704704472457878,-0.015620609228609717,0.06818262003112939,0.916653998188642,-1.1931085566160113,0.6014167670256413,-1.1696064080821185,-0.05317150143287675,1
0.7839208784789949,-0.06556468168733408,-0.030704704472457878,-0.015620609228609717,1.2947644960127682,1.159645216768088,0.8381467004446593,-1.6627404735414788,1.2286269305457505,-1.2848356567614319,0
0.15886249482146017,-0.06556468168733408,-1.1839330414661757,-1.1215044484222225,0.8041317456201127,-0.784284531867486,0.8381467004446593,0.6014167670256413,-0.8818184074467741,0.17076743589958782,1
-1.8725772520655304,-1.5684800212250773,-1.1839330414661757,-1.1215044484222225,-1.2810574435486735,-1.7562494061852731,-1.1931085566160113,0.6014167670256413,0.1734042615494882,-0.2771104387653413,0
-1.716312656151147,-0.06556468168733408,-1.1839330414661757,-0.015620609228609717,-2.3849811319321486,-2.485223061923614,-1.1931085566160113,-1.6627404735414788,-1.265535741627233,-0.948927250762735,0
-0.7787250806648427,-0.06556468168733408,-0.030704704472457878,-1.1215044484222225,-1.2810574435486735,-0.784284531867486,-1.1931085566160113,0.6014167670256413,-1.3614650751723478,-1.5087745940938964,0
-1.247518868407994,-0.06556468168733408,1.12252363252126,1.090263229965003,0.31349899522745717,-1.99924062476472,0.8381467004446593,0.6014167670256413,-0.9777477409918889,-1.6207440627601286,1
1.4089792621365311,-0.06556468168733408,-1.1839330414661757,1.090263229965003,0.9267899332182766,-1.0272757504469332,0.8381467004446593,0.6014167670256413,1.42048559763598,1.0665231852294461,1
1.4089792621365311,-0.06556468168733408,-1.1839330414661757,2.1961470691586156,0.19084080762929329,0.916653998188642,-1.1931085566160113,0.6014167670256413,0.269333595094603,1.2904621225619106,1
-1.8725772520655304,-0.06556468168733408,-0.030704704472457878,-0.015620609228609717,-1.2810574435486735,-1.513258187605826,-1.1931085566160113,-1.6627404735414788,-0.30624240617608556,-0.948927250762735,0
0.0025978989070768233,-0.06556468168733408,-1.1839330414661757,-1.1215044484222225,-1.6490320063431652,-1.7562494061852731,-1.1931085566160113,0.6014167670256413,-1.3614650751723478,-1.2848356567614319,0
0.7839208784789949,-0.06556468168733408,-0.030704704472457878,2.1961470691586156,0.5588153704237849,-0.784284531867486,0.8381467004446593,0.6014167670256413,1.2286269305457505,-1.2848356567614319,0
0.0025978989070768233,-0.06556468168733408,1.12252363252126,1.090263229965003,-0.4224501303615262,1.159645216768088,-1.1931085566160113,0.6014167670256413,-0.11438373908585606,1.4024315912281429,1
0.0025978989070768233,-0.06556468168733408,-1.1839330414661757,-1.1215044484222225,-0.9130828807541818,-0.5412933132880401,-1.1931085566160113,-1.6627404735414788,-0.7858890739016593,-0.7249883134302705,0
0.3151270907358449,1.4373506578504092,1.12252363252126,1.090263229965003,1.2947644960127682,0.916653998188642,0.8381467004446593,0.6014167670256413,1.036768263455521,1.5144010598943751,1
0.7839208784789949,1.4373506578504092,1.12252363252126,1.090263229965003,1.2947644960127682,1.159645216768088,0.8381467004446593,0.6014167670256413,1.5164149311810948,0.9545537165632137,1
-1.716312656151147,1.4373506578504092,-1.1839330414661757,-1.1215044484222225,-0.5451083179596901,-0.29830209470859204,-1.1931085566160113,0.6014167670256413,0.5571215957299472,-0.5010493760978059,0
1.2527146662221478,-1.5684800212250773,1.12252363252126,1.090263229965003,1.2947644960127682,0.673662779609194,0.8381467004446593,0.6014167670256413,0.4611922621848325,1.4024315912281429,1
-1.5600480602367621,-0.06556468168733408,-1.1839330414661757,-0.015620609228609717,-0.667766505557854,-1.0272757504469332,-1.1931085566160113,0.6014167670256413,-1.265535741627233,0.9545537165632137,0
-0.30993129292169125,-0.06556468168733408,1.12252363252126,-0.015620609228609717,-1.6490320063431652,-1.2702669690263801,-1.1931085566160113,0.6014167670256413,-0.0184544055407413,-0.2771104387653413,0
0.9401854743933811,1.4373506578504092,1.12252363252126,2.1961470691586156,1.2947644960127682,0.43067156102974796,0.8381467004446593,0.6014167670256413,0.07747492800437346,1.5144010598943751,1
-0.15366669700730792,-0.06556468168733408,-1.1839330414661757,-0.015620609228609717,-0.7904246931560178,-0.5412933132880401,-1.1931085566160113,-1.6627404735414788,-1.3614650751723478,-0.8369577820965027,0
0.6276562825646116,-0.06556468168733408,1.12252363252126,1.090263229965003,1.2947644960127682,0.43067156102974796,0.8381467004446593,0.6014167670256413,0.653050929275062,0.8425842478969815,1
1.0964500703077644,1.4373506578504092,1.12252363252126,1.090263229965003,1.2947644960127682,0.916653998188642,0.8381467004446593,0.6014167670256413,1.036768263455521,1.5144010598943751,1
-1.8725772520655304,-0.06556468168733408,-0.030704704472457878,-0.015620609228609717,-2.2623229443339845,-1.0272757504469332,-1.1931085566160113,0.6014167670256413,-1.3614650751723478,-0.948927250762735,0
-0.15366669700730792,-1.5684800212250773,-1.1839330414661757,-1.1215044484222225,-1.771690193941329,-0.5412933132880401,-1.1931085566160113,-1.6627404735414788,-1.3614650751723478,-0.7249883134302705,0
0.47139168665022824,1.4373506578504092,1.12252363252126,1.090263229965003,1.2947644960127682,1.159645216768088,0.8381467004446593,0.6014167670256413,0.7489802628201767,1.2904621225619106,1
0.7839208784789949,-1.5684800212250773,-1.1839330414661757,-1.1215044484222225,-1.0357410683523456,1.159645216768088,-1.1931085566160113,-1.6627404735414788,-0.6899597403565446,-0.7249883134302705,0
-0.4661958888360746,-1.5684800212250773,-1.1839330414661757,-0.015620609228609717,-1.2810574435486735,-0.784284531867486,-1.1931085566160113,0.6014167670256413,-0.8818184074467741,-0.3890799074315736,0
-0.30993129292169125,1.4373506578504092,-1.1839330414661757,1.090263229965003,1.2947644960127682,1.159645216768088,0.8381467004446593,-1.6627404735414788,-1.3614650751723478,-1.0608967194289673,0
1.5652438580509145,-0.06556468168733408,-0.030704704472457878,1.090263229965003,-0.7904246931560178,0.18768034245030202,-1.1931085566160113,0.6014167670256413,0.269333595094603,-0.7249883134302705,0
0.6276562825646116,1.4373506578504092,-1.1839330414661757,2.1961470691586156,-0.0544755675670345,-0.784284531867486,0.8381467004446593,0.6014167670256413,0.8449095963652915,0.5066758418982846,1
-0.30993129292169125,-0.06556468168733408,-1.1839330414661757,2.1961470691586156,-1.4037156311468373,-1.7562494061852731,-1.1931085566160113,-1.6627404735414788,-1.0736770745370037,-0.2771104387653413,0
-0.30993129292169125,-0.06556468168733408,-1.1839330414661757,-0.015620609228609717,0.06818262003112939,0.43067156102974796,-1.1931085566160113,0.6014167670256413,0.3652629286397177,-0.8369577820965027,0
-0.4661958888360746,-0.06556468168733408,1.12252363252126,-1.1215044484222225,-0.1771337551651984,-0.29830209470859204,-1.1931085566160113,0.6014167670256413,0.1734042615494882,-0.8369577820965027,1
-0.15366669700730792,-0.06556468168733408,-1.1839330414661757,-0.015620609228609717,-0.5451083179596901,-1.513258187605826,-1.1931085566160113,-1.6627404735414788,-1.3614650751723478,-1.2848356567614319,0
-1.8725772520655304,-1.5684800212250773,-1.1839330414661757,-1.1215044484222225,0.06818262003112939,-1.0272757504469332,-1.1931085566160113,0.6014167670256413,0.5571215957299472,-0.6130188447640381,0
0.15886249482146017,-1.5684800212250773,-0.030704704472457878,-1.1215044484222225,-1.0357410683523456,0.18768034245030202,-1.1931085566160113,0.6014167670256413,-1.3614650751723478,-0.948927250762735,0
-0.9349896765792275,-0.06556468168733408,-1.1839330414661757,-0.015620609228609717,-1.8943483815394928,0.43067156102974796,-1.1931085566160113,-1.6627404735414788,-0.30624240617608556,-1.1728661880951996,0
1.2527146662221478,1.4373506578504092,1.12252363252126,1.090263229965003,1.2947644960127682,1.159645216768088,0.8381467004446593,0.6014167670256413,0.5571215957299472,1.5144010598943751,1
-0.15366669700730792,-0.06556468168733408,-1.1839330414661757,-0.015620609228609717,0.31349899522745717,1.159645216768088,0.8381467004446593,0.6014167670256413,0.9408389299104063,1.2904621225619106,1
-0.6224604847504593,-0.06556468168733408,-0.030704704472457878,-1.1215044484222225,0.06818262003112939,0.43067156102974796,0.8381467004446593,0.6014167670256413,-1.3614650751723478,-1.1728661880951996,1
0.47139168665022824,-1.5684800212250773,-1.1839330414661757,-0.015620609228609717,0.8041317456201127,-0.784284531867486,-1.1931085566160113,0.6014167670256413,-1.3614650751723478,-0.05317150143287675,0
-0.30993129292169125,1.4373506578504092,-1.1839330414661757,-0.015620609228609717,-0.5451083179596901,1.159645216768088,-1.1931085566160113,-1.6627404735414788,-0.6899597403565446,-1.396805125427664,0
-0.15366669700730792,-0.06556468168733408,-0.030704704472457878,-1.1215044484222225,0.19084080762929329,0.43067156102974796,-1.1931085566160113,0.6014167670256413,0.653050929275062,1.0665231852294461,0
0.3151270907358449,-0.06556468168733408,1.12252363252126,-1.1215044484222225,1.2947644960127682,0.673662779609194,0.8381467004446593,0.6014167670256413,1.1326975970006357,0.5066758418982846,1
0.15886249482146017,-0.06556468168733408,-0.030704704472457878,-1.1215044484222225,0.19084080762929329,1.159645216768088,-1.1931085566160113,0.6014167670256413,-1.3614650751723478,-1.396805125427664,0
-1.8725772520655304,-0.06556468168733408,-1.1839330414661757,-1.1215044484222225,-1.1583992559505094,-0.784284531867486,-1.1931085566160113,0.6014167670256413,-0.9777477409918889,-0.3890799074315736,0
-1.8725772520655304,-0.06556468168733408,-1.1839330414661757,-0.015620609228609717,-0.7904246931560178,-0.29830209470859204,-1.1931085566160113,-1.6627404735414788,-1.3614650751723478,-1.9566524687588256,0
1.7215084539653005,1.4373506578504092,1.12252363252126,1.090263229965003,0.43615718282562105,-0.5412933132880401,0.8381467004446593,0.6014167670256413,0.3652629286397177,0.9545537165632137,1
1.0964500703077644,1.4373506578504092,1.12252363252126,1.090263229965003,0.8041317456201127,0.18768034245030202,0.8381467004446593,0.6014167670256413,0.269333595094603,-1.5087745940938964,1
1.2527146662221478,-0.06556468168733408,1.12252363252126,-1.1215044484222225,1.2947644960127682,0.43067156102974796,0.8381467004446593,0.6014167670256413,0.4611922621848325,0.9545537165632137,1
-0.30993129292169125,-0.06556468168733408,1.12252363252126,-1.1215044484222225,0.43615718282562105,0.916653998188642,0.8381467004446593,0.6014167670256413,-0.9777477409918889,1.4024315912281429,1
0.7839208784789949,1.4373506578504092,1.12252363252126,1.090263229965003,0.5588153704237849,1.159645216768088,0.8381467004446593,0.6014167670256413,0.5571215957299472,0.9545537165632137,1
1.5652438580509145,-0.06556468168733408,-0.030704704472457878,-0.015620609228609717,1.2947644960127682,0.673662779609194,-1.1931085566160113,-1.6627404735414788,0.4611922621848325,-0.7249883134302705,0
-0.15366669700730792,-0.06556468168733408,-1.1839330414661757,-0.015620609228609717,-2.3849811319321486,0.18768034245030202,-1.1931085566160113,0.6014167670256413,-1.265535741627233,-0.6130188447640381,0
-1.247518868407994,-0.06556468168733408,-1.1839330414661757,-0.015620609228609717,0.43615718282562105,0.673662779609194,0.8381467004446593,-1.6627404735414788,-1.3614650751723478,-0.8369577820965027,1
-0.6224604847504593,1.4373506578504092,1.12252363252126,1.090263229965003,1.2947644960127682,0.43067156102974796,0.8381467004446593,0.6014167670256413,0.9408389299104063,1.0665231852294461,1
1.4089792621365311,-0.06556468168733408,-0.030704704472457878,-1.1215044484222225,0.06818262003112939,-0.29830209470859204,-1.1931085566160113,-1.6627404735414788,-1.3614650751723478,-0.7249883134302705,0
-0.15366669700730792,-0.06556468168733408,-1.1839330414661757,-1.1215044484222225,-1.6490320063431652,-2.7282142805030603,-1.1931085566160113,-1.6627404735414788,-1.3614650751723478,-1.2848356567614319,0
-0.30993129292169125,-0.06556468168733408,-1.1839330414661757,-1.1215044484222225,-0.1771337551651984,0.916653998188642,0.8381467004446593,0.6014167670256413,0.3652629286397177,1.4024315912281429,0
1.5652438580509145,1.4373506578504092,1.12252363252126,-1.1215044484222225,0.5588153704237849,-0.29830209470859204,-1.1931085566160113,0.6014167670256413,-1.3614650751723478,-1.0608967194289673,0
0.15886249482146017,1.4373506578504092,1.12252363252126,1.090263229965003,0.9267899332182766,1.159645216768088,0.8381467004446593,-1.6627404735414788,1.9960615989066686,0.9545537165632137,0
-1.4037834643223788,-0.06556468168733408,-1.1839330414661757,-1.1215044484222225,-1.0357410683523456,0.18768034245030202,-1.1931085566160113,-1.6627404735414788,-0.8818184074467741,-0.7249883134302705,0
-1.247518868407994,-0.06556468168733408,-1.1839330414661757,-0.015620609228609717,-0.667766505557854,-0.055310876129146085,-1.1931085566160113,0.6014167670256413,-1.1696064080821185,-1.9566524687588256,0
0.7839208784789949,-0.06556468168733408,1.12252363252126,1.090263229965003,1.2947644960127682,1.159645216768088,0.8381467004446593,0.6014167670256413,0.269333595094603,1.1784926538956784,1
-1.716312656151147,-0.06556468168733408,-1.1839330414661757,-1.1215044484222225,-0.4224501303615262,0.18768034245030202,-1.1931085566160113,-1.6627404735414788,-1.1696064080821185,-1.396805125427664,0
-1.247518868407994,-1.5684800212250773,1.12252363252126,1.090263229965003,-0.1771337551651984,-0.055310876129146085,0.8381467004446593,0.6014167670256413,1.42048559763598,-0.16514097009910902,1
0.47139168665022824,1.4373506578504092,1.12252363252126,1.090263229965003,1.2947644960127682,1.159645216768088,0.8381467004446593,0.6014167670256413,1.9001322653615538,1.5144010598943751,1
1.0964500703077644,1.4373506578504092,1.12252363252126,1.090263229965003,1.2947644960127682,1.159645216768088,0.8381467004446593,0.6014167670256413,0.1734042615494882,1.4024315912281429,0
0.9401854743933811,-0.06556468168733408,1.12252363252126,1.090263229965003,1.2947644960127682,0.673662779609194,0.8381467004446593,0.6014167670256413,1.5164149311810948,1.0665231852294461,1
0.6276562825646116,-1.5684800212250773,1.12252363252126,1.090263229965003,0.9267899332182766,1.159645216768088,0.8381467004446593,-1.6627404735414788,1.9960615989066686,0.9545537165632137,1
0.9401854743933811,-0.06556468168733408,-1.1839330414661757,-0.015620609228609717,-1.1583992559505094,-0.055310876129146085,-1.1931085566160113,-1.6627404735414788,-1.0736770745370037,-0.5010493760978059,0
0.9401854743933811,-0.06556468168733408,-0.030704704472457878,1.090263229965003,1.0494481208164406,0.18768034245030202,0.8381467004446593,0.6014167670256413,0.8449095963652915,1.2904621225619106,1
0.9401854743933811,-0.06556468168733408,-0.030704704472457878,-0.015620609228609717,0.31349899522745717,0.18768034245030202,0.8381467004446593,0.6014167670256413,0.653050929275062,1.1784926538956784,1
1.5652438580509145,1.4373506578504092,1.12252363252126,1.090263229965003,1.2947644960127682,1.159645216768088,0.8381467004446593,0.6014167670256413,0.3652629286397177,0.8425842478969815,1
0.7839208784789949,-0.06556468168733408,1.12252363252126,1.090263229965003,0.9267899332182766,0.916653998188642,0.8381467004446593,0.6014167670256413,0.3652629286397177,1.2904621225619106,1
-0.4661958888360746,-1.5684800212250773,-1.1839330414661757,-1.1215044484222225,-2.3849811319321486,-3.214196717661954,-1.1931085566160113,-1.6627404735414788,-1.3614650751723478,-0.5010493760978059,0
0.0025978989070768233,-0.06556468168733408,-0.030704704472457878,-1.1215044484222225,-0.2997919427633623,-1.0272757504469332,-1.1931085566160113,0.6014167670256413,-0.0184544055407413,0.5066758418982846,0
1.7215084539653005,-0.06556468168733408,1.12252363252126,1.090263229965003,0.31349899522745717,1.159645216768088,0.8381467004446593,0.6014167670256413,0.7489802628201767,1.0665231852294461,0
-0.4661958888360746,-0.06556468168733408,-1.1839330414661757,-1.1215044484222225,-2.3849811319321486,-1.2702669690263801,-1.1931085566160113,-1.6627404735414788,-1.3614650751723478,-1.2848356567614319,0
0.6276562825646116,-1.5684800212250773,1.12252363252126,-1.1215044484222225,-0.2997919427633623,-1.0272757504469332,0.8381467004446593,-1.6627404735414788,-0.0184544055407413,-1.0608967194289673,0
0.9401854743933811,-0.06556468168733408,-0.030704704472457878,-0.015620609228609717,-0.7904246931560178,-0.5412933132880401,0.8381467004446593,0.6014167670256413,-0.5940304068114298,-1.0608967194289673,0
-0.15366669700730792,-1.5684800212250773,-1.1839330414661757,-1.1215044484222225,-1.2810574435486735,-2.971205499082507,-1.1931085566160113,-1.6627404735414788,-0.8818184074467741,-1.396805125427664,0
-1.8725772520655304,-0.06556468168733408,-1.1839330414661757,1.090263229965003,1.2947644960127682,1.159645216768088,0.8381467004446593,-1.6627404735414788,0.5571215957299472,0.618645310564517,0
1.0964500703077644,1.4373506578504092,1.12252363252126,-1.1215044484222225,1.1721063084146044,1.159645216768088,0.8381467004446593,0.6014167670256413,0.1734042615494882,1.1784926538956784,0
1.2527146662221478,-0.06556468168733408,1.12252363252126,-1.1215044484222225,-0.0544755675670345,0.43067156102974796,0.8381467004446593,0.6014167670256413,0.3652629286397177,1.5144010598943751,0
0.15886249482146017,-0.06556468168733408,1.12252363252126,-1.1215044484222225,1.0494481208164406,1.159645216768088,0.8381467004446593,0.6014167670256413,0.7489802628201767,1.4024315912281429,1
0.9401854743933811,-0.06556468168733408,-1.1839330414661757,-1.1215044484222225,-0.5451083179596901,-0.29830209470859204,0.8381467004446593,0.6014167670256413,1.6123442647262096,1.2904621225619106,1
0.6276562825646116,-0.06556468168733408,-0.030704704472457878,-0.015620609228609717,1.2947644960127682,0.916653998188642,0.8381467004446593,0.6014167670256413,0.1734042615494882,-0.2771104387653413,0
0.9401854743933811,1.4373506578504092,1.12252363252126,1.090263229965003,1.1721063084146044,0.673662779609194,-1.1931085566160113,0.6014167670256413,0.9408389299104063,1.2904621225619106,0
-0.15366669700730792,-1.5684800212250773,-0.030704704472457878,-0.015620609228609717,0.6814735580219489,-0.055310876129146085,0.8381467004446593,0.6014167670256413,0.4611922621848325,0.7306147792307492,1
0.7839208784789949,-1.5684800212250773,-0.030704704472457878,1.090263229965003,-0.1771337551651984,-0.5412933132880401,0.8381467004446593,-1.6627404735414788,-1.3614650751723478,-1.2848356567614319,0
0.7839208784789949,1.4373506578504092,1.12252363252126,-1.1215044484222225,1.2947644960127682,0.43067156102974796,0.8381467004446593,0.6014167670256413,0.4611922621848325,0.5066758418982846,1
1.0964500703077644,1.4373506578504092,1.12252363252126,-0.015620609228609717,0.6814735580219489,0.916653998188642,0.8381467004446593,0.6014167670256413,-0.5940304068114298,0.3947063732320524,1
0.6276562825646116,1.4373506578504092,1.12252363252126,1.090263229965003,1.1721063084146044,0.673662779609194,0.8381467004446593,-1.6627404735414788,0.9408389299104063,1.5144010598943751,1
-1.8725772520655304,-0.06556468168733408,-1.1839330414661757,-0.015620609228609717,-0.667766505557854,-0.784284531867486,-1.1931085566160113,-1.6627404735414788,1.7082735982713242,-0.8369577820965027,0
-0.4661958888360746,-0.06556468168733408,-0.030704704472457878,1.090263229965003,-1.6490320063431652,0.18768034245030202,-1.1931085566160113,0.6014167670256413,-0.7858890739016593,1.1784926538956784,0
-0.4661958888360746,-1.5684800212250773,-1.1839330414661757,-1.1215044484222225,-0.9130828807541818,-1.7562494061852731,-1.1931085566160113,-1.6627404735414788,-0.8818184074467741,-0.3890799074315736,0
-0.4661958888360746,-0.06556468168733408,-1.1839330414661757,-1.1215044484222225,-0.667766505557854,-1.2702669690263801,-1.1931085566160113,-1.6627404735414788,0.3652629286397177,-0.5010493760978059,0
1.0964500703077644,-0.06556468168733408,-0.030704704472457878,1.090263229965003,-0.7904246931560178,-0.055310876129146085,0.8381467004446593,-1.6627404735414788,0.1734042615494882,0.5066758418982846,1
-1.8725772520655304,-0.06556468168733408,-0.030704704472457878,-0.015620609228609717,-0.9130828807541818,-1.99924062476472,-1.1931085566160113,-1.6627404735414788,-1.1696064080821185,-1.0608967194289673,0
1.2527146662221478,1.4373506578504092,1.12252363252126,1.090263229965003,1.2947644960127682,0.916653998188642,-1.1931085566160113,0.6014167670256413,0.653050929275062,0.8425842478969815,1
0.0025978989070768233,-0.06556468168733408,-0.030704704472457878,-0.015620609228609717,0.6814735580219489,0.673662779609194,0.8381467004446593,0.6014167670256413,0.653050929275062,0.9545537165632137,1
-0.15366669700730792,-1.5684800212250773,-1.1839330414661757,-0.015620609228609717,-1.2810574435486735,0.43067156102974796,-1.1931085566160113,-1.6627404735414788,-1.3614650751723478,-0.3890799074315736,1
-1.8725772520655304,-1.5684800212250773,-1.1839330414661757,-0.015620609228609717,-2.3849811319321486,-1.513258187605826,-1.1931085566160113,-1.6627404735414788,-0.7858890739016593,-0.7249883134302705,0
0.0025978989070768233,-0.06556468168733408,-0.030704704472457878,-1.1215044484222225,0.5588153704237849,0.916653998188642,-1.1931085566160113,0.6014167670256413,0.269333595094603,-1.5087745940938964,0
-0.9349896765792275,1.4373506578504092,-0.030704704472457878,-0.015620609228609717,0.5588153704237849,-1.0272757504469332,-1.1931085566160113,-1.6627404735414788,-0.9777477409918889,-0.7249883134302705,0
-1.5600480602367621,-1.5684800212250773,-1.1839330414661757,-1.1215044484222225,-0.1771337551651984,-1.2702669690263801,-1.1931085566160113,0.6014167670256413,-0.7858890739016593,-1.396805125427664,0
-0.15366669700730792,-0.06556468168733408,-0.030704704472457878,-0.015620609228609717,1.0494481208164406,-0.29830209470859204,0.8381467004446593,0.6014167670256413,0.3652629286397177,1.2904621225619106,1
0.6276562825646116,1.4373506578504092,1.12252363252126,-1.1215044484222225,1.2947644960127682,0.916653998188642,0.8381467004446593,0.6014167670256413,1.6123442647262096,1.5144010598943751,1
-1.8725772520655304,-0.06556468168733408,-1.1839330414661757,-0.015620609228609717,-0.7904246931560178,0.43067156102974796,-1.1931085566160113,-1.6627404735414788,-1.3614650751723478,-1.732713531426361,0
0.3151270907358449,-0.06556468168733408,1.12252363252126,-0.015620609228609717,0.06818262003112939,1.159645216768088,0.8381467004446593,-1.6627404735414788,0.9408389299104063,1.4024315912281429,1
-1.8725772520655304,-0.06556468168733408,1.12252363252126,-1.1215044484222225,1.2947644960127682,0.673662779609194,0.8381467004446593,0.6014167670256413,1.42048559763598,0.618645310564517,1
1.5652438580509145,-0.06556468168733408,-1.1839330414661757,-0.015620609228609717,-1.1583992559505094,-0.5412933132880401,-1.1931085566160113,-1.6627404735414788,-0.11438373908585606,-1.6207440627601286,0
0.0025978989070768233,-0.06556468168733408,1.12252363252126,1.090263229965003,1.2947644960127682,-0.055310876129146085,0.8381467004446593,0.6014167670256413,0.653050929275062,0.9545537165632137,1
0.0025978989070768233,-1.5684800212250773,-1.1839330414661757,-1.1215044484222225,-1.1583992559505094,-1.513258187605826,-1.1931085566160113,-1.6627404735414788,0.1734042615494882,-0.5010493760978059,1
-1.5600480602367621,-1.5684800212250773,1.12252363252126,1.090263229965003,1.2947644960127682,1.159645216768088,0.8381467004446593,0.6014167670256413,0.653050929275062,1.5144010598943751,1
-0.30993129292169125,-0.06556468168733408,-0.030704704472457878,-0.015620609228609717,0.43615718282562105,0.673662779609194,-1.1931085566160113,0.6014167670256413,-0.6899597403565446,-0.6130188447640381,0
-0.30993129292169125,-0.06556468168733408,-1.1839330414661757,-0.015620609228609717,-1.771690193941329,-1.0272757504469332,-1.1931085566160113,0.6014167670256413,-1.3614650751723478,-0.2771104387653413,0
-0.15366669700730792,-0.06556468168733408,1.12252363252126,-1.1215044484222225,0.31349899522745717,-1.2702669690263801,0.8381467004446593,0.6014167670256413,0.8449095963652915,-1.0608967194289673,0
-0.30993129292169125,-0.06556468168733408,-0.030704704472457878,1.090263229965003,-0.0544755675670345,-0.29830209470859204,0.8381467004446593,0.6014167670256413,0.5571215957299472,-1.396805125427664,1
-0.15366669700730792,-0.06556468168733408,-0.030704704472457878,-0.015620609228609717,-1.526373818745001,-0.5412933132880401,-1.1931085566160113,-1.6627404735414788,-1.0736770745370037,-0.5010493760978059,0
0.9401854743933811,1.4373506578504092,1.12252363252126,1.090263229965003,-1.4037156311468373,-1.0272757504469332,0.8381467004446593,-1.6627404735414788,0.7489802628201767,1.0665231852294461,1
-0.15366669700730792,-0.06556468168733408,-1.1839330414661757,-1.1215044484222225,-1.6490320063431652,-1.513258187605826,0.8381467004446593,0.6014167670256413,-0.4021717397212003,-1.6207440627601286,0
-0.30993129292169125,-0.06556468168733408,-0.030704704472457878,-1.1215044484222225,0.43615718282562105,-0.055310876129146085,-1.1931085566160113,0.6014167670256413,-1.265535741627233,-0.948927250762735,1
1.2527146662221478,1.4373506578504092,1.12252363252126,1.090263229965003,1.2947644960127682,1.159645216768088,0.8381467004446593,0.6014167670256413,1.036768263455521,0.9545537165632137,1
-1.8725772520655304,-0.06556468168733408,-1.1839330414661757,-0.015620609228609717,-0.0544755675670345,-0.29830209470859204,-1.1931085566160113,-1.6627404735414788,1.5164149311810948,-0.3890799074315736,0
-0.4661958888360746,-0.06556468168733408,-1.1839330414661757,-1.1215044484222225,-0.9130828807541818,-0.055310876129146085,-1.1931085566160113,-1.6627404735414788,-0.4981010732663151,-1.2848356567614319,0
0.6276562825646116,-1.5684800212250773,1.12252363252126,-1.1215044484222225,1.0494481208164406,0.916653998188642,0.8381467004446593,-1.6627404735414788,1.804202931816439,1.2904621225619106,1
0.7839208784789949,-0.06556468168733408,-1.1839330414661757,-1.1215044484222225,-1.1583992559505094,-0.29830209470859204,-1.1931085566160113,-1.6627404735414788,-1.3614650751723478,-1.396805125427664,0
-1.8725772520655304,-0.06556468168733408,-0.030704704472457878,-0.015620609228609717,0.31349899522745717,-2.2422318433441673,0.8381467004446593,-1.6627404735414788,0.269333595094603,-0.7249883134302705,0
0.3151270907358449,-0.06556468168733408,-0.030704704472457878,1.090263229965003,1.2947644960127682,-0.055310876129146085,0.8381467004446593,0.6014167670256413,0.4611922621848325,1.5144010598943751,1
0.47139168665022824,-0.06556468168733408,1.12252363252126,1.090263229965003,0.19084080762929329,1.159645216768088,0.8381467004446593,-1.6627404735414788,-0.4981010732663151,1.1784926538956784,0
0.6276562825646116,1.4373506578504092,-0.030704704472457878,-0.015620609228609717,-1.771690193941329,1.159645216768088,0.8381467004446593,-1.6627404735414788,-1.265535741627233,-0.7249883134302705,0
0.7839208784789949,1.4373506578504092,1.12252363252126,1.090263229965003,1.2947644960127682,0.673662779609194,0.8381467004446593,0.6014167670256413,1.1326975970006357,0.5066758418982846,1
-0.7787250806648427,1.4373506578504092,-0.030704704472457878,1.090263229965003,-0.0544755675670345,0.18768034245030202,0.8381467004446593,0.6014167670256413,1.3245562640908652,0.8425842478969815,1
-1.716312656151147,-0.06556468168733408,-1.1839330414661757,1.090263229965003,0.19084080762929329,1.159645216768088,0.8381467004446593,-1.6627404735414788,-0.11438373908585606,-0.3890799074315736,0
-1.8725772520655304,-0.06556468168733408,-1.1839330414661757,1.090263229965003,0.6814735580219489,-0.055310876129146085,-1.1931085566160113,0.6014167670256413,0.3652629286397177,-0.3890799074315736,0
1.5652438580509145,-0.06556468168733408,-0.030704704472457878,-0.015620609228609717,-0.7904246931560178,0.18768034245030202,0.8381467004446593,0.6014167670256413,-0.5940304068114298,1.1784926538956784,1
-0.15366669700730792,-0.06556468168733408,-1.1839330414661757,-1.1215044484222225,-0.0544755675670345,-0.784284531867486,-1.1931085566160113,0.6014167670256413,-0.6899597403565446,-0.6130188447640381,0
-0.15366669700730792,-0.06556468168733408,-0.030704704472457878,-0.015620609228609717,-1.6490320063431652,0.18768034245030202,-1.1931085566160113,0.6014167670256413,-1.265535741627233,-1.5087745940938964,0
0.47139168665022824,-1.5684800212250773,1.12252363252126,-0.015620609228609717,1.2947644960127682,-0.5412933132880401,0.8381467004446593,0.6014167670256413,-0.4981010732663151,-1.5087745940938964,1
0.9401854743933811,-0.06556468168733408,1.12252363252126,1.090263229965003,1.2947644960127682,0.916653998188642,0.8381467004446593,-1.6627404735414788,0.1734042615494882,0.9545537165632137,1
-0.6224604847504593,-1.5684800212250773,-1.1839330414661757,1.090263229965003,0.6814735580219489,0.916653998188642,0.8381467004446593,0.6014167670256413,0.4611922621848325,1.0665231852294461,1
-1.8725772520655304,-0.06556468168733408,-1.1839330414661757,-1.1215044484222225,-1.2810574435486735,0.43067156102974796,-1.1931085566160113,-1.6627404735414788,-1.3614650751723478,-0.5010493760978059,0
-0.15366669700730792,-0.06556468168733408,1.12252363252126,-1.1215044484222225,0.19084080762929329,-0.055310876129146085,0.8381467004446593,0.6014167670256413,1.036768263455521,0.8425842478969815,1
0.6276562825646116,1.4373506578504092,1.12252363252126,1.090263229965003,1.0494481208164406,0.18768034245030202,-1.1931085566160113,-1.6627404735414788,0.3652629286397177,0.8425842478969815,1
-0.30993129292169125,1.4373506578504092,-1.1839330414661757,-0.015620609228609717,-1.771690193941329,-0.784284531867486,-1.1931085566160113,0.6014167670256413,-1.265535741627233,-1.396805125427664,0
-0.4661958888360746,-0.06556468168733408,1.12252363252126,-1.1215044484222225,0.5588153704237849,-0.5412933132880401,0.8381467004446593,0.6014167670256413,-1.3614650751723478,-0.16514097009910902,0
-0.4661958888360746,-1.5684800212250773,-1.1839330414661757,-1.1215044484222225,-1.0357410683523456,0.18768034245030202,-1.1931085566160113,-1.6627404735414788,-1.1696064080821185,-0.948927250762735,0
-1.8725772520655304,-1.5684800212250773,-1.1839330414661757,-0.015620609228609717,0.06818262003112939,-1.513258187605826,-1.1931085566160113,0.6014167670256413,-0.21031307263097082,-0.7249883134302705,1
0.9401854743933811,-0.06556468168733408,-1.1839330414661757,-1.1215044484222225,0.19084080762929329,0.916653998188642,-1.1931085566160113,-1.6627404735414788,0.5571215957299472,-0.6130188447640381,0
0.0025978989070768233,-0.06556468168733408,-0.030704704472457878,-1.1215044484222225,0.8041317456201127,0.43067156102974796,-1.1931085566160113,0.6014167670256413,0.269333595094603,0.5066758418982846,1
-0.15366669700730792,1.4373506578504092,-0.030704704472457878,-0.015620609228609717,-0.2997919427633623,-0.5412933132880401,-1.1931085566160113,-1.6627404735414788,-0.0184544055407413,0.058797967233355536,0
1.4089792621365311,1.4373506578504092,-0.030704704472457878,1.090263229965003,0.19084080762929329,1.159645216768088,0.8381467004446593,0.6014167670256413,0.8449095963652915,0.7306147792307492,1
-0.6224604847504593,1.4373506578504092,-1.1839330414661757,1.090263229965003,0.8041317456201127,-1.2702669690263801,-1.1931085566160113,0.6014167670256413,0.1734042615494882,-0.8369577820965027,0
0.3151270907358449,-0.06556468168733408,-1.1839330414661757,-0.015620609228609717,-0.0544755675670345,-0.784284531867486,0.8381467004446593,0.6014167670256413,1.1326975970006357,-1.1728661880951996,0
0.0025978989070768233,-0.06556468168733408,1.12252363252126,-1.1215044484222225,-0.5451083179596901,-0.784284531867486,0.8381467004446593,0.6014167670256413,0.8449095963652915,0.7306147792307492,1
0.7839208784789949,-1.5684800212250773,-0.030704704472457878,1.090263229965003,-1.0357410683523456,0.18768034245030202,0.8381467004446593,0.6014167670256413,-1.3614650751723478,-0.16514097009910902,1
0.9401854743933811,1.4373506578504092,1.12252363252126,1.090263229965003,1.2947644960127682,1.159645216768088,0.8381467004446593,0.6014167670256413,0.3652629286397177,1.4024315912281429,1
-0.15366669700730792,-0.06556468168733408,-1.1839330414661757,-1.1215044484222225,-1.4037156311468373,-0.055310876129146085,-1.1931085566160113,-1.6627404735414788,-0.6899597403565446,-0.7249883134302705,0
-1.0912542724936107,-0.06556468168733408,-1.1839330414661757,-1.1215044484222225,0.31349899522745717,0.673662779609194,0.8381467004446593,-1.6627404735414788,0.1734042615494882,0.5066758418982846,0
-1.8725772520655304,-0.06556468168733408,-0.030704704472457878,-1.1215044484222225,-2.3849811319321486,0.916653998188642,-1.1931085566160113,0.6014167670256413,-1.3614650751723478,-1.2848356567614319,0
-1.4037834643223788,-1.5684800212250773,-0.030704704472457878,-1.1215044484222225,-0.7904246931560178,-0.055310876129146085,0.8381467004446593,0.6014167670256413,-0.4981010732663151,-1.2848356567614319,1
0.47139168665022824,-0.06556468168733408,-0.030704704472457878,-0.015620609228609717,0.19084080762929329,0.18768034245030202,0.8381467004446593,0.6014167670256413,1.3245562640908652,1.0665231852294461,1
-1.716312656151147,-0.06556468168733408,-1.1839330414661757,-1.1215044484222225,0.06818262003112939,-0.29830209470859204,-1.1931085566160113,0.6014167670256413,0.4611922621848325,-0.2771104387653413,0
1.5652438580509145,1.4373506578504092,1.12252363252126,1.090263229965003,1.1721063084146044,0.43067156102974796,0.8381467004446593,0.6014167670256413,-0.5940304068114298,1.4024315912281429,1
-0.15366669700730792,-0.06556468168733408,-0.030704704472457878,-1.1215044484222225,-1.0357410683523456,-0.5412933132880401,-1.1931085566160113,-1.6627404735414788,-1.265535741627233,-1.2848356567614319,0
-0.4661958888360746,-0.06556468168733408,-0.030704704472457878,-1.1215044484222225,-0.1771337551651984,-0.5412933132880401,-1.1931085566160113,0.6014167670256413,0.1734042615494882,-0.948927250762735,0
-0.30993129292169125,-1.5684800212250773,-0.030704704472457878,-1.1215044484222225,-1.2810574435486735,-1.7562494061852731,-1.1931085566160113,-1.6627404735414788,-0.7858890739016593,-1.732713531426361,0
-1.247518868407994,-1.5684800212250773,-1.1839330414661757,-1.1215044484222225,-0.0544755675670345,1.159645216768088,0.8381467004446593,-1.6627404735414788,-0.6899597403565446,-0.8369577820965027,0
1.0964500703077644,1.4373506578504092,-0.030704704472457878,1.090263229965003,0.19084080762929329,0.673662779609194,0.8381467004446593,0.6014167670256413,0.7489802628201767,0.8425842478969815,1
1.4089792621365311,-0.06556468168733408,1.12252363252126,1.090263229965003,1.0494481208164406,1.159645216768088,0.8381467004446593,0.6014167670256413,0.9408389299104063,1.5144010598943751,1
0.3151270907358449,1.4373506578504092,1.12252363252126,1.090263229965003,-0.0544755675670345,-0.5412933132880401,-1.1931085566160113,0.6014167670256413,0.653050929275062,1.4024315912281429,0
0.9401854743933811,-0.06556468168733408,-0.030704704472457878,1.090263229965003,0.43615718282562105,-0.29830209470859204,0.8381467004446593,0.6014167670256413,-1.3614650751723478,1.5144010598943751,1
0.9401854743933811,-0.06556468168733408,-1.1839330414661757,-0.015620609228609717,0.19084080762929329,0.43067156102974796,0.8381467004446593,0.6014167670256413,-0.4981010732663151,-1.0608967194289673,0
-1.716312656151147,-1.5684800212250773,-1.1839330414661757,-1.1215044484222225,-0.1771337551651984,1.159645216768088,-1.1931085566160113,-1.6627404735414788,-0.6899597403565446,-0.2771104387653413,0
-0.30993129292169125,1.4373506578504092,1.12252363252126,1.090263229965003,0.9267899332182766,0.916653998188642,0.8381467004446593,0.6014167670256413,1.6123442647262096,0.9545537165632137,1
-1.8725772520655304,-1.5684800212250773,-1.1839330414661757,-1.1215044484222225,-0.9130828807541818,0.673662779609194,-1.1931085566160113,-1.6627404735414788,0.9408389299104063,-1.8446830000925933,0
-1.8725772520655304,1.4373506578504092,1.12252363252126,1.090263229965003,0.5588153704237849,0.43067156102974796,0.8381467004446593,-1.6627404735414788,1.1326975970006357,-0.7249883134302705,0
-1.8725772520655304,-0.06556468168733408,-1.1839330414661757,-0.015620609228609717,-1.8943483815394928,-0.5412933132880401,-1.1931085566160113,0.6014167670256413,-0.9777477409918889,0.17076743589958782,0
1.5652438580509145,1.4373506578504092,1.12252363252126,1.090263229965003,1.1721063084146044,0.916653998188642,0.8381467004446593,0.6014167670256413,0.07747492800437346,-1.2848356567614319,1
0.6276562825646116,1.4373506578504092,1.12252363252126,1.090263229965003,0.19084080762929329,0.43067156102974796,0.8381467004446593,0.6014167670256413,0.653050929275062,-0.3890799074315736,1
0.6276562825646116,1.4373506578504092,-1.1839330414661757,-0.015620609228609717,1.2947644960127682,0.18768034245030202,-1.1931085566160113,-1.6627404735414788,0.07747492800437346,1.0665231852294461,1
-1.8725772520655304,-0.06556468168733408,1.12252363252126,-0.015620609228609717,-0.0544755675670345,-0.29830209470859204,0.8381467004446593,0.6014167670256413,-1.265535741627233,-1.0608967194289673,0
0.15886249482146017,-0.06556468168733408,-0.030704704472457878,1.090263229965003,1.2947644960127682,1.159645216768088,0.8381467004446593,0.6014167670256413,0.4611922621848325,1.0665231852294461,1
1.2527146662221478,-0.06556468168733408,-0.030704704472457878,-1.1215044484222225,0.19084080762929329,0.18768034245030202,0.8381467004446593,0.6014167670256413,0.9408389299104063,0.058797967233355536,1
1.4089792621365311,-0.06556468168733408,-1.1839330414661757,1.090263229965003,0.5588153704237849,-0.055310876129146085,0.8381467004446593,0.6014167670256413,-1.1696064080821185,0.8425842478969815,1
-0.6224604847504593,-1.5684800212250773,1.12252363252126,-1.1215044484222225,0.43615718282562105,-0.055310876129146085,0.8381467004446593,-1.6627404735414788,0.3652629286397177,-0.05317150143287675,0
-0.15366669700730792,-0.06556468168733408,-1.1839330414661757,-1.1215044484222225,-1.4037156311468373,-1.7562494061852731,-1.1931085566160113,-1.6627404735414788,-1.265535741627233,-1.0608967194289673,0
-1.5600480602367621,-0.06556468168733408,-1.1839330414661757,-1.1215044484222225,0.19084080762929329,0.43067156102974796,-1.1931085566160113,0.6014167670256413,-0.4021717397212003,-1.5087745940938964,0
0.47139168665022824,1.4373506578504092,1.12252363252126,1.090263229965003,1.2947644960127682,-0.055310876129146085,-1.1931085566160113,0.6014167670256413,-0.21031307263097082,1.2904621225619106,1
-0.15366669700730792,-0.06556468168733408,-0.030704704472457878,-1.1215044484222225,-0.0544755675670345,-0.055310876129146085,0.8381467004446593,0.6014167670256413,0.9408389299104063,-0.6130188447640381,1
0.6276562825646116,1.4373506578504092,1.12252363252126,1.090263229965003,0.43615718282562105,0.18768034245030202,0.8381467004446593,0.6014167670256413,1.9960615989066686,0.7306147792307492,1
1.2527146662221478,-0.06556468168733408,-0.030704704472457878,-0.015620609228609717,0.06818262003112939,-0.784284531867486,0.8381467004446593,0.6014167670256413,0.5571215957299472,-0.8369577820965027,0
0.3151270907358449,-0.06556468168733408,-0.030704704472457878,-0.015620609228609717,-1.4037156311468373,-0.784284531867486,-1.1931085566160113,0.6014167670256413,0.1734042615494882,-0.7249883134302705,0
-0.30993129292169125,-0.06556468168733408,-0.030704704472457878,-0.015620609228609717,-0.9130828807541818,0.43067156102974796,0.8381467004446593,0.6014167670256413,0.8449095963652915,0.7306147792307492,0
0.47139168665022824,-1.5684800212250773,1.12252363252126,1.090263229965003,1.2947644960127682,1.159645216768088,0.8381467004446593,0.6014167670256413,0.4611922621848325,-0.3890799074315736,1
0.7839208784789949,1.4373506578504092,1.12252363252126,2.1961470691586156,1.2947644960127682,0.43067156102974796,0.8381467004446593,0.6014167670256413,1.036768263455521,1.2904621225619106,0
-1.8725772520655304,-0.06556468168733408,-1.1839330414661757,-1.1215044484222225,-0.667766505557854,0.673662779609194,-1.1931085566160113,-1.6627404735414788,-1.0736770745370037,-0.8369577820965027,0
0.6276562825646116,1.4373506578504092,-0.030704704472457878,-1.1215044484222225,-1.0357410683523456,0.18768034245030202,0.8381467004446593,0.6014167670256413,0.8449095963652915,0.9545537165632137,1
0.15886249482146017,-0.06556468168733408,1.12252363252126,-1.1215044484222225,0.19084080762929329,-0.055310876129146085,-1.1931085566160113,-1.6627404735414788,-0.4981010732663151,-0.5010493760978059,0
-1.5600480602367621,-0.06556468168733408,-1.1839330414661757,-1.1215044484222225,-2.3849811319321486,-1.513258187605826,-1.1931085566160113,-1.6627404735414788,-1.3614650751723478,-1.2848356567614319,0
-1.8725772520655304,-0.06556468168733408,-0.030704704472457878,1.090263229965003,1.0494481208164406,0.916653998188642,0.8381467004446593,0.6014167670256413,0.7489802628201767,-0.6130188447640381,1
-1.8725772520655304,-1.5684800212250773,-1.1839330414661757,-1.1215044484222225,-1.1583992559505094,-0.29830209470859204,0.8381467004446593,-1.6627404735414788,-0.4981010732663151,0.7306147792307492,0
-0.15366669700730792,-0.06556468168733408,-0.030704704472457878,-1.1215044484222225,-0.667766505557854,-0.29830209470859204,0.8381467004446593,0.6014167670256413,-1.3614650751723478,0.7306147792307492,0
1.4089792621365311,1.4373506578504092,1.12252363252126,1.090263229965003,1.0494481208164406,0.43067156102974796,0.8381467004446593,0.6014167670256413,1.2286269305457505,1.1784926538956784,0
-0.9349896765792275,-0.06556468168733408,-0.030704704472457878,-1.1215044484222225,-1.1583992559505094,-0.784284531867486,-1.1931085566160113,-1.6627404735414788,-1.1696064080821185,-0.2771104387653413,0
0.0025978989070768233,-0.06556468168733408,-1.1839330414661757,-0.015620609228609717,-0.1771337551651984,-2.485223061923614,-1.1931085566160113,-1.6627404735414788,-1.3614650751723478,-0.05317150143287675,0
1.0964500703077644,1.4373506578504092,1.12252363252126,1.090263229965003,0.6814735580219489,0.43067156102974796,0.8381467004446593,0.6014167670256413,1.9001322653615538,0.5066758418982846,1
-0.30993129292169125,-0.06556468168733408,-1.1839330414661757,-1.1215044484222225,-2.3849811319321486,-1.513258187605826,-1.1931085566160113,0.6014167670256413,-1.3614650751723478,-0.05317150143287675,0
0.15886249482146017,-0.06556468168733408,-0.030704704472457878,-1.1215044484222225,0.06818262003112939,1.159645216768088,0.8381467004446593,0.6014167670256413,1.6123442647262096,0.9545537165632137,1
-0.15366669700730792,-0.06556468168733408,-1.1839330414661757,-1.1215044484222225,-1.6490320063431652,-0.5412933132880401,-1.1931085566160113,0.6014167670256413,-1.0736770745370037,-0.6130188447640381,0
0.9401854743933811,-0.06556468168733408,1.12252363252126,1.090263229965003,0.6814735580219489,-0.29830209470859204,0.8381467004446593,0.6014167670256413,0.3652629286397177,0.9545537165632137,1
-0.4661958888360746,-1.5684800212250773,-1.1839330414661757,-0.015620609228609717,-0.4224501303615262,-0.055310876129146085,-1.1931085566160113,0.6014167670256413,-1.3614650751723478,-1.396805125427664,0
0.7839208784789949,-0.06556468168733408,-0.030704704472457878,1.090263229965003,1.1721063084146044,-0.055310876129146085,0.8381467004446593,-1.6627404735414788,0.9408389299104063,0.618645310564517,1
-0.4661958888360746,1.4373506578504092,1.12252363252126,-1.1215044484222225,-0.1771337551651984,1.159645216768088,0.8381467004446593,0.6014167670256413,0.8449095963652915,-0.3890799074315736,1
0.15886249482146017,-0.06556468168733408,-1.1839330414661757,-0.015620609228609717,-0.4224501303615262,-1.2702669690263801,-1.1931085566160113,0.6014167670256413,-1.3614650751723478,-0.948927250762735,0
0.0025978989070768233,1.4373506578504092,1.12252363252126,1.090263229965003,0.8041317456201127,0.18768034245030202,0.8381467004446593,0.6014167670256413,0.1734042615494882,-0.05317150143287675,1
-1.8725772520655304,-0.06556468168733408,-1.1839330414661757,-1.1215044484222225,0.19084080762929329,-0.055310876129146085,-1.1931085566160113,0.6014167670256413,-1.3614650751723478,-1.2848356567614319,0
-1.5600480602367621,-0.06556468168733408,-0.030704704472457878,2.1961470691586156,-1.2810574435486735,0.673662779609194,0.8381467004446593,-1.6627404735414788,0.269333595094603,-0.6130188447640381,0
0.0025978989070768233,1.4373506578504092,1.12252363252126,-0.015620609228609717,1.2947644960127682,1.159645216768088,0.8381467004446593,0.6014167670256413,1.036768263455521,1.4024315912281429,0
0.6276562825646116,-0.06556468168733408,1.12252363252126,1.090263229965003,1.2947644960127682,1.159645216768088,0.8381467004446593,0.6014167670256413,1.5164149311810948,0.8425842478969815,1
-0.30993129292169125,-0.06556468168733408,-1.1839330414661757,1.090263229965003,0.5588153704237849,1.159645216768088,0.8381467004446593,-1.6627404735414788,1.3245562640908652,0.7306147792307492,0
-1.716312656151147,-0.06556468168733408,-0.030704704472457878,-0.015620609228609717,-0.9130828807541818,-0.5412933132880401,-1.1931085566160113,-1.6627404735414788,-1.3614650751723478,0.058797967233355536,0
-0.4661958888360746,-0.06556468168733408,-1.1839330414661757,1.090263229965003,0.06818262003112939,-0.055310876129146085,0.8381467004446593,0.6014167670256413,-1.3614650751723478,-0.948927250762735,0
-1.8725772520655304,-0.06556468168733408,-0.030704704472457878,-0.015620609228609717,-0.667766505557854,0.673662779609194,0.8381467004446593,0.6014167670256413,-0.6899597403565446,-0.2771104387653413,0
-1.5600480602367621,-0.06556468168733408,-1.1839330414661757,-0.015620609228609717,-0.5451083179596901,-0.055310876129146085,-1.1931085566160113,0.6014167670256413,-0.4021717397212003,-0.8369577820965027,0
1.5652438580509145,-1.5684800212250773,1.12252363252126,-0.015620609228609717,1.0494481208164406,1.159645216768088,0.8381467004446593,-1.6627404735414788,0.7489802628201767,0.8425842478969815,1
-0.15366669700730792,-0.06556468168733408,1.12252363252126,-0.015620609228609717,-1.771690193941329,-1.513258187605826,-1.1931085566160113,-1.6627404735414788,-1.265535741627233,-1.732713531426361,0
0.0025978989070768233,1.4373506578504092,-1.1839330414661757,2.1961470691586156,-0.2997919427633623,-1.0272757504469332,0.8381467004446593,0.6014167670256413,-0.4021717397212003,1.2904621225619106,0
1.0964500703077644,-0.06556468168733408,-1.1839330414661757,-0.015620609228609717,-0.7904246931560178,0.43067156102974796,-1.1931085566160113,-1.6627404735414788,-0.5940304068114298,-1.6207440627601286,0
1.0964500703077644,-1.5684800212250773,-0.030704704472457878,-0.015620609228609717,-1.1583992559505094,-0.784284531867486,0.8381467004446593,-1.6627404735414788,0.5571215957299472,-1.1728661880951996,0
-0.15366669700730792,-0.06556468168733408,-0.030704704472457878,-1.1215044484222225,1.0494481208164406,1.159645216768088,0.8381467004446593,0.6014167670256413,-0.6899597403565446,0.618645310564517,0
-0.15366669700730792,-1.5684800212250773,-0.030704704472457878,-1.1215044484222225,0.8041317456201127,1.159645216768088,0.8381467004446593,0.6014167670256413,-1.1696064080821185,-0.2771104387653413,1
-0.15366669700730792,-1.5684800212250773,-1.1839330414661757,-1.1215044484222225,0.31349899522745717,-1.2702669690263801,-1.1931085566160113,-1.6627404735414788,1.036768263455521,-0.5010493760978059,0
0.7839208784789949,1.4373506578504092,1.12252363252126,1.090263229965003,1.2947644960127682,1.159645216768088,0.8381467004446593,0.6014167670256413,0.5571215957299472,1.1784926538956784,0
-0.15366669700730792,-0.06556468168733408,-1.1839330414661757,-0.015620609228609717,-1.1583992559505094,0.43067156102974796,-1.1931085566160113,-1.6627404735414788,-0.6899597403565446,-0.3890799074315736,0
-1.8725772520655304,-0.06556468168733408,-0.030704704472457878,-1.1215044484222225,-1.4037156311468373,0.18768034245030202,-1.1931085566160113,0.6014167670256413,0.269333595094603,-0.5010493760978059,1
0.3151270907358449,1.4373506578504092,1.12252363252126,1.090263229965003,0.06818262003112939,0.18768034245030202,0.8381467004446593,0.6014167670256413,1.42048559763598,0.7306147792307492,1
-1.0912542724936107,-0.06556468168733408,-0.030704704472457878,-1.1215044484222225,-1.526373818745001,-0.055310876129146085,-1.1931085566160113,0.6014167670256413,-0.0184544055407413,-0.6130188447640381,0
0.6276562825646116,1.4373506578504092,1.12252363252126,1.090263229965003,0.5588153704237849,0.673662779609194,0.8381467004446593,0.6014167670256413,1.3245562640908652,1.5144010598943751,1
-0.30993129292169125,-0.06556468168733408,-1.1839330414661757,-1.1215044484222225,-1.526373818745001,-0.29830209470859204,0.8381467004446593,0.6014167670256413,-1.1696064080821185,-0.5010493760978059,1
-0.9349896765792275,-0.06556468168733408,-1.1839330414661757,-0.015620609228609717,-0.9130828807541818,-2.7282142805030603,-1.1931085566160113,-1.6627404735414788,-1.0736770745370037,-1.1728661880951996,0
0.3151270907358449,1.4373506578504092,1.12252363252126,1.090263229965003,1.2947644960127682,1.159645216768088,0.8381467004446593,0.6014167670256413,1.1326975970006357,1.4024315912281429,1
0.6276562825646116,1.4373506578504092,-0.030704704472457878,-0.015620609228609717,1.2947644960127682,0.916653998188642,0.8381467004446593,0.6014167670256413,-0.11438373908585606,1.5144010598943751,1
-1.8725772520655304,-1.5684800212250773,-0.030704704472457878,-1.1215044484222225,0.06818262003112939,-0.29830209470859204,-1.1931085566160113,-1.6627404735414788,-1.1696064080821185,-0.3890799074315736,0
-0.15366669700730792,-0.06556468168733408,-0.030704704472457878,-1.1215044484222225,-0.0544755675670345,-0.5412933132880401,-1.1931085566160113,0.6014167670256413,-1.3614650751723478,-0.2771104387653413,0
0.47139168665022824,-1.5684800212250773,1.12252363252126,-0.015620609228609717,0.43615718282562105,-1.513258187605826,-1.1931085566160113,0.6014167670256413,-0.9777477409918889,0.7306147792307492,0
-0.15366669700730792,1.4373506578504092,-0.030704704472457878,-0.015620609228609717,-0.7904246931560178,0.916653998188642,-1.1931085566160113,-1.6627404735414788,-0.9777477409918889,-1.396805125427664,0
1.0964500703077644,1.4373506578504092,1.12252363252126,1.090263229965003,1.2947644960127682,1.159645216768088,0.8381467004446593,0.6014167670256413,1.5164149311810948,0.3947063732320524,1
0.0025978989070768233,-1.5684800212250773,-0.030704704472457878,-1.1215044484222225,-0.667766505557854,0.43067156102974796,0.8381467004446593,0.6014167670256413,-0.8818184074467741,-0.948927250762735,0
-1.8725772520655304,-1.5684800212250773,-1.1839330414661757,-1.1215044484222225,-0.5451083179596901,-1.513258187605826,-1.1931085566160113,0.6014167670256413,-0.5940304068114298,-0.8369577820965027,0
1.7215084539653005,-0.06556468168733408,1.12252363252126,1.090263229965003,1.1721063084146044,0.43067156102974796,0.8381467004446593,0.6014167670256413,0.3652629286397177,1.1784926538956784,1
0.0025978989070768233,-1.5684800212250773,-1.1839330414661757,-1.1215044484222225,0.43615718282562105,0.916653998188642,0.8381467004446593,0.6014167670256413,0.8449095963652915,1.0665231852294461,0
0.6276562825646116,1.4373506578504092,1.12252363252126,1.090263229965003,1.2947644960127682,0.916653998188642,0.8381467004446593,0.6014167670256413,1.1326975970006357,0.9545537165632137,1
0.6276562825646116,-1.5684800212250773,-0.030704704472457878,2.1961470691586156,-0.9130828807541818,-2.7282142805030603,0.8381467004446593,0.6014167670256413,0.3652629286397177,0.9545537165632137,1
0.0025978989070768233,-0.06556468168733408,1.12252363252126,-0.015620609228609717,-0.9130828807541818,0.43067156102974796,0.8381467004446593,0.6014167670256413,-0.21031307263097082,1.1784926538956784,1
0.15886249482146017,-1.5684800212250773,-0.030704704472457878,-0.015620609228609717,-0.0544755675670345,0.916653998188642,-1.1931085566160113,0.6014167670256413,-1.265535741627233,-0.2771104387653413,0
0.0025978989070768233,-0.06556468168733408,-1.1839330414661757,-1.1215044484222225,0.31349899522745717,0.673662779609194,0.8381467004446593,-1.6627404735414788,-1.3614650751723478,1.0665231852294461,0
1.7215084539653005,-1.5684800212250773,1.12252363252126,-1.1215044484222225,0.31349899522745717,1.159645216768088,0.8381467004446593,0.6014167670256413,-0.5940304068114298,0.3947063732320524,1
0.3151270907358449,-1.5684800212250773,-1.1839330414661757,-0.015620609228609717,-0.7904246931560178,-0.5412933132880401,-1.1931085566160113,0.6014167670256413,0.9408389299104063,0.618645310564517,0
-0.30993129292169125,-0.06556468168733408,-1.1839330414661757,-0.015620609228609717,-2.3849811319321486,-1.99924062476472,-1.1931085566160113,0.6014167670256413,-1.0736770745370037,-0.948927250762735,0
0.7839208784789949,1.4373506578504092,-1.1839330414661757,-0.015620609228609717,1.2947644960127682,-0.784284531867486,-1.1931085566160113,0.6014167670256413,-1.3614650751723478,-0.948927250762735,0
0.3151270907358449,-0.06556468168733408,1.12252363252126,2.1961470691586156,0.43615718282562105,0.916653998188642,0.8381467004446593,0.6014167670256413,-0.0184544055407413,0.7306147792307492,1
-1.8725772520655304,-0.06556468168733408,-0.030704704472457878,-1.1215044484222225,0.19084080762929329,-0.5412933132880401,0.8381467004446593,0.6014167670256413,-1.265535741627233,0.7306147792307492,0
0.9401854743933811,1.4373506578504092,1.12252363252126,-1.1215044484222225,1.0494481208164406,1.159645216768088,0.8381467004446593,0.6014167670256413,1.2286269305457505,-0.2771104387653413,0
-0.4661958888360746,-0.06556468168733408,-1.1839330414661757,-1.1215044484222225,-1.2810574435486735,0.18768034245030202,-1.1931085566160113,-1.6627404735414788,-1.1696064080821185,-0.948927250762735,0
1.2527146662221478,1.4373506578504092,-0.030704704472457878,1.090263229965003,1.1721063084146044,1.159645216768088,0.8381467004446593,0.6014167670256413,-0.11438373908585606,0.9545537165632137,1
0.7839208784789949,-0.06556468168733408,-1.1839330414661757,-1.1215044484222225,-0.4224501303615262,-0.29830209470859204,-1.1931085566160113,0.6014167670256413,-1.3614650751723478,-1.396805125427664,0
0.15886249482146017,1.4373506578504092,-0.030704704472457878,1.090263229965003,1.1721063084146044,0.916653998188642,0.8381467004446593,0.6014167670256413,1.2286269305457505,0.618645310564517,1
1.0964500703077644,1.4373506578504092,-1.1839330414661757,-0.015620609228609717,-0.1771337551651984,-1.0272757504469332,0.8381467004446593,0.6014167670256413,-1.1696064080821185,-1.396805125427664,0
-0.30993129292169125,-0.06556468168733408,-0.030704704472457878,1.090263229965003,0.31349899522745717,1.159645216768088,0.8381467004446593,0.6014167670256413,0.4611922621848325,1.2904621225619106,0
1.2527146662221478,1.4373506578504092,1.12252363252126,1.090263229965003,1.2947644960127682,0.916653998188642,0.8381467004446593,0.6014167670256413,1.5164149311810948,0.8425842478969815,1
0.0025978989070768233,-0.06556468168733408,-1.1839330414661757,-0.015620609228609717,-1.8943483815394928,0.43067156102974796,-1.1931085566160113,-1.6627404735414788,-1.3614650751723478,-1.0608967194289673,0
-1.4037834643223788,-0.06556468168733408,-1.1839330414661757,-0.015620609228609717,-1.0357410683523456,-0.055310876129146085,-1.1931085566160113,0.6014167670256413,-1.3614650751723478,-1.396805125427664,0
-1.716312656151147,-0.06556468168733408,-1.1839330414661757,-0.015620609228609717,0.06818262003112939,-1.99924062476472,-1.1931085566160113,-1.6627404735414788,0.07747492800437346,-0.2771104387653413,0
-1.8725772520655304,-0.06556468168733408,-1.1839330414661757,-0.015620609228609717,-0.7904246931560178,-2.2422318433441673,-1.1931085566160113,-1.6627404735414788,-1.3614650751723478,-1.0608967194289673,0
-0.4661958888360746,-0.06556468168733408,-1.1839330414661757,-1.1215044484222225,-0.2997919427633623,-0.29830209470859204,-1.1931085566160113,0.6014167670256413,-1.3614650751723478,-0.5010493760978059,0
1.0964500703077644,1.4373506578504092,1.12252363252126,1.090263229965003,1.2947644960127682,0.916653998188642,0.8381467004446593,0.6014167670256413,0.653050929275062,1.0665231852294461,1
0.9401854743933811,-1.5684800212250773,1.12252363252126,1.090263229965003,-0.667766505557854,-0.5412933132880401,0.8381467004446593,0.6014167670256413,0.07747492800437346,1.0665231852294461,0
-1.8725772520655304,-0.06556468168733408,1.12252363252126,-1.1215044484222225,0.19084080762929329,-1.2702669690263801,-1.1931085566160113,0.6014167670256413,-0.5940304068114298,-1.9566524687588256,0
1.0964500703077644,-0.06556468168733408,-0.030704704472457878,-1.1215044484222225,0.6814735580219489,0.18768034245030202,0.8381467004446593,0.6014167670256413,0.9408389299104063,1.2904621225619106,1
-0.15366669700730792,-0.06556468168733408,-0.030704704472457878,-1.1215044484222225,-1.8943483815394928,0.43067156102974796,-1.1931085566160113,0.6014167670256413,-0.6899597403565446,-1.2848356567614319,0
-1.8725772520655304,-1.5684800212250773,-0.030704704472457878,1.090263229965003,0.19084080762929329,0.673662779609194,0.8381467004446593,0.6014167670256413,0.9408389299104063,-0.6130188447640381,1
-1.716312656151147,-0.06556468168733408,-1.1839330414661757,-1.1215044484222225,-2.3849811319321486,-0.29830209470859204,-1.1931085566160113,0.6014167670256413,-0.6899597403565446,-0.8369577820965027,0
1.7215084539653005,1.4373506578504092,1.12252363252126,1.090263229965003,1.2947644960127682,1.159645216768088,0.8381467004446593,0.6014167670256413,0.7489802628201767,1.1784926538956784,1
0.15886249482146017,-1.5684800212250773,-0.030704704472457878,-1.1215044484222225,0.8041317456201127,-0.055310876129146085,-1.1931085566160113,0.6014167670256413,-1.265535741627233,-0.16514097009910902,0
0.6276562825646116,-0.06556468168733408,1.12252363252126,-1.1215044484222225,1.0494481208164406,0.43067156102974796,0.8381467004446593,0.6014167670256413,0.8449095963652915,0.9545537165632137,1
0.47139168665022824,1.4373506578504092,1.12252363252126,1.090263229965003,1.2947644960127682,1.159645216768088,0.8381467004446593,0.6014167670256413,1.42048559763598,0.9545537165632137,1
-0.4661958888360746,-0.06556468168733408,-1.1839330414661757,-1.1215044484222225,-0.2997919427633623,-0.055310876129146085,-1.1931085566160113,0.6014167670256413,-1.265535741627233,-0.6130188447640381,0
1.0964500703077644,-1.5684800212250773,-0.030704704472457878,2.1961470691586156,0.31349899522745717,0.18768034245030202,0.8381467004446593,0.6014167670256413,0.7489802628201767,1.5144010598943751,1
-0.4661958888360746,-0.06556468168733408,-1.1839330414661757,-1.1215044484222225,1.1721063084146044,0.18768034245030202,-1.1931085566160113,0.6014167670256413,-1.0736770745370037,-0.16514097009910902,0
-0.30993129292169125,-0.06556468168733408,-1.1839330414661757,-0.015620609228609717,-1.6490320063431652,-0.5412933132880401,-1.1931085566160113,0.6014167670256413,-1.265535741627233,-0.6130188447640381,0
1.0964500703077644,1.4373506578504092,1.12252363252126,-1.1215044484222225,1.2947644960127682,1.159645216768088,0.8381467004446593,0.6014167670256413,0.07747492800437346,1.5144010598943751,1
1.2527146662221478,-0.06556468168733408,-0.030704704472457878,1.090263229965003,-0.2997919427633623,-0.055310876129146085,0.8381467004446593,0.6014167670256413,1.036768263455521,0.2827369045658201,1
0.3151270907358449,1.4373506578504092,-1.1839330414661757,-1.1215044484222225,-1.0357410683523456,0.916653998188642,-1.1931085566160113,0.6014167670256413,0.7489802628201767,1.2904621225619106,0
-0.30993129292169125,-0.06556468168733408,-0.030704704472457878,-0.015620609228609717,-0.4224501303615262,-0.5412933132880401,0.8381467004446593,0.6014167670256413,-1.3614650751723478,-1.396805125427664,0
-0.15366669700730792,-0.06556468168733408,-1.1839330414661757,-0.015620609228609717,-0.5451083179596901,-0.5412933132880401,-1.1931085566160113,-1.6627404735414788,-1.3614650751723478,-0.5010493760978059,0
1.5652438580509145,-0.06556468168733408,-0.030704704472457878,-1.1215044484222225,0.5588153704237849,0.18768034245030202,0.8381467004446593,0.6014167670256413,-0.4021717397212003,1.5144010598943751,1
0.9401854743933811,1.4373506578504092,-1.1839330414661757,-1.1215044484222225,0.8041317456201127,1.159645216768088,0.8381467004446593,-1.6627404735414788,0.4611922621848325,1.2904621225619106,0
-0.7787250806648427,-0.06556468168733408,-1.1839330414661757,-1.1215044484222225,-1.2810574435486735,-0.5412933132880401,0.8381467004446593,-1.6627404735414788,-0.4981010732663151,-0.16514097009910902,0
1.0964500703077644,1.4373506578504092,1.12252363252126,1.090263229965003,0.8041317456201127,-0.055310876129146085,0.8381467004446593,0.6014167670256413,0.653050929275062,1.0665231852294461,0
1.2527146662221478,-0.06556468168733408,-2.3371613784598937,-1.1215044484222225,0.19084080762929329,-0.5412933132880401,-1.1931085566160113,-1.6627404735414788,-1.1696064080821185,-0.3890799074315736,0
-0.6224604847504593,-0.06556468168733408,-1.1839330414661757,-0.015620609228609717,-1.526373818745001,-2.2422318433441673,-1.1931085566160113,-1.6627404735414788,-1.3614650751723478,-0.7249883134302705,0
-0.15366669700730792,-0.06556468168733408,-1.1839330414661757,-1.1215044484222225,-1.771690193941329,-2.971205499082507,-1.1931085566160113,-1.6627404735414788,-1.0736770745370037,-0.6130188447640381,0
-0.15366669700730792,-0.06556468168733408,-1.1839330414661757,1.090263229965003,0.19084080762929329,-0.29830209470859204,0.8381467004446593,0.6014167670256413,1.6123442647262096,0.7306147792307492,0
-0.15366669700730792,-0.06556468168733408,-0.030704704472457878,1.090263229965003,-0.5451083179596901,-1.2702669690263801,0.8381467004446593,0.6014167670256413,0.5571215957299472,-1.2848356567614319,0
0.9401854743933811,-0.06556468168733408,1.12252363252126,1.090263229965003,1.0494481208164406,0.673662779609194,0.8381467004446593,0.6014167670256413,0.7489802628201767,1.5144010598943751,1
0.3151270907358449,1.4373506578504092,-1.1839330414661757,-1.1215044484222225,-1.0357410683523456,1.159645216768088,-1.1931085566160113,0.6014167670256413,-1.265535741627233,-0.948927250762735,0
1.0964500703077644,-0.06556468168733408,1.12252363252126,-1.1215044484222225,0.9267899332182766,-0.5412933132880401,0.8381467004446593,-1.6627404735414788,-1.3614650751723478,1.0665231852294461,0
0.3151270907358449,-0.06556468168733408,-1.1839330414661757,-0.015620609228609717,0.8041317456201127,-0.055310876129146085,-1.1931085566160113,0.6014167670256413,-1.3614650751723478,-0.5010493760978059,0
0.9401854743933811,-1.5684800212250773,1.12252363252126,1.090263229965003,0.31349899522745717,1.159645216768088,0.8381467004446593,0.6014167670256413,0.3652629286397177,0.5066758418982846,1
0.0025978989070768233,-0.06556468168733408,-1.1839330414661757,-0.015620609228609717,-0.667766505557854,-1.513258187605826,-1.1931085566160113,0.6014167670256413,-1.1696064080821185,-0.05317150143287675,0
1.0964500703077644,-0.06556468168733408,1.12252363252126,1.090263229965003,0.19084080762929329,-0.055310876129146085,-1.1931085566160113,0.6014167670256413,0.4611922621848325,-0.948927250762735,1
0.47139168665022824,1.4373506578504092,1.12252363252126,-1.1215044484222225,1.2947644960127682,0.18768034245030202,0.8381467004446593,0.6014167670256413,0.8449095963652915,1.1784926538956784,1
0.6276562825646116,-0.06556468168733408,1.12252363252126,1.090263229965003,1.2947644960127682,1.159645216768088,0.8381467004446593,0.6014167670256413,1.9960615989066686,1.1784926538956784,1
1.4089792621365311,1.4373506578504092,1.12252363252126,1.090263229965003,1.2947644960127682,0.916653998188642,0.8381467004446593,0.6014167670256413,1.5164149311810948,0.8425842478969815,1
0.47139168665022824,-0.06556468168733408,-1.1839330414661757,1.090263229965003,0.43615718282562105,0.18768034245030202,0.8381467004446593,-1.6627404735414788,0.1734042615494882,-0.05317150143287675,0
-0.15366669700730792,-1.5684800212250773,-0.030704704472457878,-0.015620609228609717,-0.2997919427633623,0.916653998188642,0.8381467004446593,0.6014167670256413,0.653050929275062,-1.0608967194289673,0
-1.8725772520655304,-0.06556468168733408,-1.1839330414661757,-1.1215044484222225,-1.526373818745001,-1.2702669690263801,-1.1931085566160113,0.6014167670256413,-1.3614650751723478,-0.3890799074315736,0
-0.9349896765792275,-1.5684800212250773,-1.1839330414661757,-1.1215044484222225,-1.2810574435486735,-0.29830209470859204,-1.1931085566160113,0.6014167670256413,-1.1696064080821185,-0.3890799074315736,1
-0.15366669700730792,-0.06556468168733408,-1.1839330414661757,-1.1215044484222225,-2.3849811319321486,-0.29830209470859204,-1.1931085566160113,0.6014167670256413,0.3652629286397177,-1.0608967194289673,0
-1.247518868407994,-1.5684800212250773,1.12252363252126,-1.1215044484222225,0.19084080762929329,-0.29830209470859204,-1.1931085566160113,0.6014167670256413,1.3245562640908652,1.1784926538956784,1
-0.15366669700730792,-1.5684800212250773,-1.1839330414661757,-1.1215044484222225,0.6814735580219489,-0.5412933132880401,-1.1931085566160113,-1.6627404735414788,-0.7858890739016593,-0.7249883134302705,0
-0.15366669700730792,1.4373506578504092,1.12252363252126,1.090263229965003,1.2947644960127682,0.18768034245030202,0.8381467004446593,0.6014167670256413,0.7489802628201767,0.9545537165632137,1
-0.15366669700730792,-1.5684800212250773,-1.1839330414661757,-1.1215044484222225,-0.1771337551651984,-0.055310876129146085,0.8381467004446593,0.6014167670256413,0.653050929275062,0.2827369045658201,1
0.7839208784789949,1.4373506578504092,1.12252363252126,1.090263229965003,1.2947644960127682,1.159645216768088,0.8381467004446593,0.6014167670256413,1.6123442647262096,0.17076743589958782,1
0.0025978989070768233,1.4373506578504092,-0.030704704472457878,-1.1215044484222225,-1.0357410683523456,-0.055310876129146085,0.8381467004446593,0.6014167670256413,0.9408389299104063,0.7306147792307492,1
0.7839208784789949,1.4373506578504092,1.12252363252126,-1.1215044484222225,0.43615718282562105,0.43067156102974796,0.8381467004446593,0.6014167670256413,0.7489802628201767,0.9545537165632137,1
1.4089792621365311,-0.06556468168733408,-0.030704704472457878,1.090263229965003,-0.7904246931560178,1.159645216768088,0.8381467004446593,-1.6627404735414788,0.653050929275062,0.8425842478969815,1
1.2527146662221478,-0.06556468168733408,1.12252363252126,1.090263229965003,1.2947644960127682,-0.055310876129146085,0.8381467004446593,0.6014167670256413,0.1734042615494882,1.1784926538956784,1
0.47139168665022824,-0.06556468168733408,1.12252363252126,-1.1215044484222225,-0.2997919427633623,0.916653998188642,0.8381467004446593,0.6014167670256413,-0.8818184074467741,1.1784926538956784,1
1.4089792621365311,-0.06556468168733408,-0.030704704472457878,-1.1215044484222225,-0.9130828807541818,0.18768034245030202,-1.1931085566160113,0.6014167670256413,0.653050929275062,-1.9566524687588256,0
0.7839208784789949,-0.06556468168733408,1.12252363252126,-0.015620609228609717,0.43615718282562105,1.159645216768088,0.8381467004446593,0.6014167670256413,1.036768263455521,-0.05317150143287675,1
-0.15366669700730792,-1.5684800212250773,1.12252363252126,-1.1215044484222225,1.2947644960127682,0.916653998188642,-1.1931085566160113,0.6014167670256413,0.3652629286397177,0.2827369045658201,0
-1.4037834643223788,-0.06556468168733408,-1.1839330414661757,-1.1215044484222225,-0.7904246931560178,-2.971205499082507,-1.1931085566160113,0.6014167670256413,0.269333595094603,-0.948927250762735,0
0.0025978989070768233,-1.5684800212250773,1.12252363252126,1.090263229965003,1.2947644960127682,1.159645216768088,0.8381467004446593,0.6014167670256413,0.653050929275062,1.0665231852294461,1
-0.30993129292169125,-0.06556468168733408,-1.1839330414661757,-1.1215044484222225,-1.771690193941329,-1.2702669690263801,-1.1931085566160113,0.6014167670256413,-1.3614650751723478,-0.05317150143287675,0
0.7839208784789949,-0.06556468168733408,1.12252363252126,-1.1215044484222225,-0.2997919427633623,-0.055310876129146085,-1.1931085566160113,-1.6627404735414788,-1.3614650751723478,-0.16514097009910902,0
0.7839208784789949,1.4373506578504092,1.12252363252126,1.090263229965003,1.2947644960127682,1.159645216768088,0.8381467004446593,0.6014167670256413,1.3245562640908652,1.4024315912281429,1
1.5652438580509145,-0.06556468168733408,1.12252363252126,-0.015620609228609717,1.2947644960127682,-0.784284531867486,0.8381467004446593,0.6014167670256413,1.1326975970006357,0.618645310564517,1
-0.30993129292169125,-1.5684800212250773,-0.030704704472457878,-1.1215044484222225,0.06818262003112939,-1.2702669690263801,0.8381467004446593,0.6014167670256413,0.7489802628201767,-0.6130188447640381,0
-0.4661958888360746,-0.06556468168733408,-1.1839330414661757,-1.1215044484222225,-1.1583992559505094,-2.971205499082507,-1.1931085566160113,-1.6627404735414788,-0.11438373908585606,-1.1728661880951996,0
-1.8725772520655304,-0.06556468168733408,-0.030704704472457878,-1.1215044484222225,-1.2810574435486735,-2.2422318433441673,-1.1931085566160113,-1.6627404735414788,-1.265535741627233,-0.3890799074315736,0
-1.716312656151147,-1.5684800212250773,-1.1839330414661757,-1.1215044484222225,-0.667766505557854,-0.055310876129146085,0.8381467004446593,-1.6627404735414788,1.036768263455521,0.8425842478969815,1
1.2527146662221478,1.4373506578504092,1.12252363252126,2.1961470691586156,1.2947644960127682,0.916653998188642,0.8381467004446593,0.6014167670256413,1.036768263455521,0.618645310564517,1
0.3151270907358449,1.4373506578504092,1.12252363252126,1.090263229965003,1.2947644960127682,-0.055310876129146085,0.8381467004446593,0.6014167670256413,1.3245562640908652,1.0665231852294461,1
0.9401854743933811,1.4373506578504092,-0.030704704472457878,1.090263229965003,-0.7904246931560178,-1.0272757504469332,0.8381467004446593,0.6014167670256413,1.6123442647262096,-0.3890799074315736,0
-1.716312656151147,-1.5684800212250773,-0.030704704472457878,1.090263229965003,-0.2997919427633623,-0.29830209470859204,-1.1931085566160113,0.6014167670256413,-1.3614650751723478,-0.948927250762735,0
-1.8725772520655304,-0.06556468168733408,-1.1839330414661757,-1.1215044484222225,-0.667766505557854,0.916653998188642,0.8381467004446593,0.6014167670256413,1.2286269305457505,0.3947063732320524,0
0.6276562825646116,1.4373506578504092,1.12252363252126,1.090263229965003,0.8041317456201127,0.43067156102974796,0.8381467004446593,-1.6627404735414788,1.1326975970006357,0.9545537165632137,0
1.0964500703077644,-1.5684800212250773,1.12252363252126,1.090263229965003,0.6814735580219489,0.673662779609194,0.8381467004446593,0.6014167670256413,1.9960615989066686,0.5066758418982846,0
-0.6224604847504593,-0.06556468168733408,-0.030704704472457878,1.090263229965003,0.31349899522745717,-0.29830209470859204,-1.1931085566160113,-1.6627404735414788,0.07747492800437346,-1.0608967194289673,0
0.3151270907358449,-0.06556468168733408,-1.1839330414661757,-1.1215044484222225,0.6814735580219489,0.916653998188642,-1.1931085566160113,0.6014167670256413,-1.265535741627233,-0.8369577820965027,0
1.2527146662221478,-1.5684800212250773,1.12252363252126,-0.015620609228609717,0.6814735580219489,-1.2702669690263801,0.8381467004446593,0.6014167670256413,0.3652629286397177,1.0665231852294461,1
1.2527146662221478,1.4373506578504092,1.12252363252126,-0.015620609228609717,0.8041317456201127,0.43067156102974796,0.8381467004446593,0.6014167670256413,0.5571215957299472,0.7306147792307492,1
0.15886249482146017,-0.06556468168733408,-1.1839330414661757,-1.1215044484222225,-0.7904246931560178,0.673662779609194,-1.1931085566160113,0.6014167670256413,-0.4981010732663151,-0.6130188447640381,0
-0.30993129292169125,-0.06556468168733408,1.12252363252126,-0.015620609228609717,1.2947644960127682,1.159645216768088,0.8381467004446593,0.6014167670256413,0.4611922621848325,1.1784926538956784,1
1.0964500703077644,1.4373506578504092,-0.030704704472457878,1.090263229965003,0.43615718282562105,0.43067156102974796,0.8381467004446593,0.6014167670256413,1.42048559763598,1.2904621225619106,1
-1.4037834643223788,-0.06556468168733408,-1.1839330414661757,-1.1215044484222225,0.31349899522745717,-0.29830209470859204,-1.1931085566160113,-1.6627404735414788,-0.9777477409918889,-0.2771104387653413,0
-0.30993129292169125,-1.5684800212250773,-1.1839330414661757,-1.1215044484222225,-0.5451083179596901,-0.5412933132880401,0.8381467004446593,0.6014167670256413,0.269333595094603,-1.0608967194289673,1
0.6276562825646116,-1.5684800212250773,1.12252363252126,1.090263229965003,1.2947644960127682,1.159645216768088,0.8381467004446593,0.6014167670256413,0.8449095963652915,1.2904621225619106,1
-0.30993129292169125,1.4373506578504092,1.12252363252126,1.090263229965003,-0.2997919427633623,1.159645216768088,0.8381467004446593,0.6014167670256413,-1.0736770745370037,-0.16514097009910902,1
1.2527146662221478,-0.06556468168733408,1.12252363252126,1.090263229965003,0.43615718282562105,1.159645216768088,0.8381467004446593,0.6014167670256413,0.653050929275062,1.4024315912281429,1
1.0964500703077644,-1.5684800212250773,1.12252363252126,-1.1215044484222225,1.2947644960127682,1.159645216768088,0.8381467004446593,0.6014167670256413,1.036768263455521,0.8425842478969815,1
0.0025978989070768233,1.4373506578504092,1.12252363252126,1.090263229965003,1.2947644960127682,1.159645216768088,0.8381467004446593,0.6014167670256413,1.804202931816439,1.1784926538956784,1
-1.247518868407994,-0.06556468168733408,-1.1839330414661757,-1.1215044484222225,-1.2810574435486735,-0.784284531867486,-1.1931085566160113,0.6014167670256413,-0.4981010732663151,-0.3890799074315736,0
0.9401854743933811,1.4373506578504092,1.12252363252126,1.090263229965003,-1.1583992559505094,-0.29830209470859204,0.8381467004446593,0.6014167670256413,1.2286269305457505,-0.7249883134302705,0
-0.15366669700730792,-1.5684800212250773,-0.030704704472457878,-1.1215044484222225,-0.4224501303615262,-0.5412933132880401,0.8381467004446593,0.6014167670256413,0.07747492800437346,-0.3890799074315736,1
0.3151270907358449,-0.06556468168733408,-1.1839330414661757,-0.015620609228609717,-2.017006569137657,-0.29830209470859204,-1.1931085566160113,-1.6627404735414788,-0.8818184074467741,-1.396805125427664,0
0.15886249482146017,-0.06556468168733408,-1.1839330414661757,1.090263229965003,0.31349899522745717,-0.29830209470859204,0.8381467004446593,0.6014167670256413,-1.3614650751723478,1.2904621225619106,0
0.9401854743933811,-1.5684800212250773,1.12252363252126,1.090263229965003,-0.0544755675670345,-1.513258187605826,0.8381467004446593,0.6014167670256413,-0.11438373908585606,1.0665231852294461,1
1.2527146662221478,1.4373506578504092,1.12252363252126,1.090263229965003,1.2947644960127682,1.159645216768088,0.8381467004446593,0.6014167670256413,0.9408389299104063,1.2904621225619106,1
-0.7787250806648427,-0.06556468168733408,-0.030704704472457878,-0.015620609228609717,-0.0544755675670345,-2.7282142805030603,-1.1931085566160113,-1.6627404735414788,-1.1696064080821185,-0.2771104387653413,0
-0.4661958888360746,-0.06556468168733408,-0.030704704472457878,-1.1215044484222225,0.06818262003112939,-0.5412933132880401,-1.1931085566160113,0.6014167670256413,-0.4981010732663151,1.2904621225619106,0
1.7215084539653005,-1.5684800212250773,1.12252363252126,-1.1215044484222225,1.2947644960127682,0.18768034245030202,0.8381467004446593,0.6014167670256413,0.8449095963652915,1.1784926538956784,0
0.6276562825646116,-0.06556468168733408,1.12252363252126,1.090263229965003,0.19084080762929329,1.159645216768088,-1.1931085566160113,0.6014167670256413,0.9408389299104063,0.8425842478969815,0
0.7839208784789949,1.4373506578504092,1.12252363252126,1.090263229965003,1.2947644960127682,1.159645216768088,0.8381467004446593,0.6014167670256413,0.5571215957299472,1.1784926538956784,1
0.3151270907358449,1.4373506578504092,1.12252363252126,1.090263229965003,1.2947644960127682,1.159645216768088,0.8381467004446593,-1.6627404735414788,1.1326975970006357,0.3947063732320524,0
1.0964500703077644,-1.5684800212250773,1.12252363252126,-1.1215044484222225,0.43615718282562105,-0.784284531867486,0.8381467004446593,-1.6627404735414788,0.7489802628201767,-0.948927250762735,0
0.6276562825646116,1.4373506578504092,1.12252363252126,1.090263229965003,1.2947644960127682,0.43067156102974796,0.8381467004446593,0.6014167670256413,1.036768263455521,1.1784926538956784,1
0.7839208784789949,-0.06556468168733408,1.12252363252126,-1.1215044484222225,0.5588153704237849,0.673662779609194,0.8381467004446593,0.6014167670256413,1.6123442647262096,0.7306147792307492,1
1.7215084539653005,1.4373506578504092,1.12252363252126,1.090263229965003,1.2947644960127682,0.916653998188642,0.8381467004446593,0.6014167670256413,1.6123442647262096,0.7306147792307492,1
0.0025978989070768233,-0.06556468168733408,1.12252363252126,-1.1215044484222225,1.1721063084146044,1.159645216768088,0.8381467004446593,0.6014167670256413,0.1734042615494882,-0.3890799074315736,1
0.3151270907358449,-1.5684800212250773,1.12252363252126,1.090263229965003,1.2947644960127682,0.673662779609194,0.8381467004446593,0.6014167670256413,0.9408389299104063,1.5144010598943751,1
-0.4661958888360746,-0.06556468168733408,-1.1839330414661757,-1.1215044484222225,-0.2997919427633623,-1.2702669690263801,-1.1931085566160113,0.6014167670256413,-1.3614650751723478,-0.16514097009910902,0
0.9401854743933811,1.4373506578504092,1.12252363252126,1.090263229965003,1.2947644960127682,0.916653998188642,0.8381467004446593,-1.6627404735414788,1.3245562640908652,0.618645310564517,1
-1.8725772520655304,-0.06556468168733408,1.12252363252126,-0.015620609228609717,0.43615718282562105,1.159645216768088,0.8381467004446593,0.6014167670256413,0.8449095963652915,-0.6130188447640381,0
-0.30993129292169125,-1.5684800212250773,1.12252363252126,1.090263229965003,-0.1771337551651984,-0.29830209470859204,0.8381467004446593,0.6014167670256413,1.1326975970006357,1.2904621225619106,0
0.3151270907358449,-0.06556468168733408,1.12252363252126,2.1961470691586156,0.19084080762929329,0.43067156102974796,0.8381467004446593,0.6014167670256413,-0.8818184074467741,1.0665231852294461,1
0.9401854743933811,1.4373506578504092,1.12252363252126,-1.1215044484222225,1.1721063084146044,0.673662779609194,0.8381467004446593,0.6014167670256413,1.6123442647262096,0.9545537165632137,1
0.15886249482146017,-0.06556468168733408,-0.030704704472457878,-1.1215044484222225,0.31349899522745717,0.916653998188642,0.8381467004446593,0.6014167670256413,0.7489802628201767,-0.8369577820965027,0
-0.6224604847504593,-0.06556468168733408,-1.1839330414661757,-1.1215044484222225,-0.0544755675670345,0.43067156102974796,-1.1931085566160113,0.6014167670256413,-1.3614650751723478,-0.8369577820965027,0
0.6276562825646116,-0.06556468168733408,1.12252363252126,1.090263229965003,1.2947644960127682,1.159645216768088,0.8381467004446593,0.6014167670256413,1.1326975970006357,1.5144010598943751,1
0.3151270907358449,-0.06556468168733408,1.12252363252126,-0.015620609228609717,0.5588153704237849,-1.0272757504469332,0.8381467004446593,0.6014167670256413,0.7489802628201767,1.1784926538956784,0
-1.4037834643223788,-0.06556468168733408,-1.1839330414661757,-1.1215044484222225,-0.7904246931560178,-1.513258187605826,-1.1931085566160113,0.6014167670256413,-1.3614650751723478,-1.0608967194289673,0
-1.716312656151147,-1.5684800212250773,1.12252363252126,-1.1215044484222225,0.9267899332182766,0.43067156102974796,-1.1931085566160113,-1.6627404735414788,1.036768263455521,0.8425842478969815,0
-0.15366669700730792,-0.06556468168733408,-1.1839330414661757,-0.015620609228609717,-0.2997919427633623,-1.0272757504469332,-1.1931085566160113,-1.6627404735414788,-1.3614650751723478,-1.732713531426361,0
0.15886249482146017,-0.06556468168733408,-1.1839330414661757,-1.1215044484222225,-1.1583992559505094,-0.784284531867486,-1.1931085566160113,0.6014167670256413,-1.3614650751723478,-0.948927250762735,0
-0.15366669700730792,-0.06556468168733408,-1.1839330414661757,-1.1215044484222225,-0.7904246931560178,-0.055310876129146085,-1.1931085566160113,0.6014167670256413,-0.11438373908585606,-1.1728661880951996,0
0.0025978989070768233,1.4373506578504092,-0.030704704472457878,1.090263229965003,1.2947644960127682,1.159645216768088,0.8381467004446593,0.6014167670256413,1.1326975970006357,1.5144010598943751,1
0.3151270907358449,-0.06556468168733408,-1.1839330414661757,-1.1215044484222225,-0.5451083179596901,-0.055310876129146085,-1.1931085566160113,-1.6627404735414788,0.5571215957299472,0.058797967233355536,1
-0.4661958888360746,-0.06556468168733408,-0.030704704472457878,-1.1215044484222225,0.31349899522745717,0.673662779609194,0.8381467004446593,0.6014167670256413,0.07747492800437346,1.5144010598943751,0
-1.8725772520655304,-0.06556468168733408,-1.1839330414661757,-0.015620609228609717,-0.4224501303615262,-1.2702669690263801,-1.1931085566160113,-1.6627404735414788,-1.3614650751723478,-1.1728661880951996,0
-0.9349896765792275,-0.06556468168733408,-1.1839330414661757,-0.015620609228609717,-0.9130828807541818,-0.055310876129146085,-1.1931085566160113,0.6014167670256413,-1.3614650751723478,-1.0608967194289673,0
-0.9349896765792275,-1.5684800212250773,-1.1839330414661757,-0.015620609228609717,-0.9130828807541818,0.18768034245030202,-1.1931085566160113,0.6014167670256413,-1.3614650751723478,-0.16514097009910902,0
1.2527146662221478,1.4373506578504092,1.12252363252126,1.090263229965003,1.2947644960127682,1.159645216768088,0.8381467004446593,0.6014167670256413,1.9960615989066686,0.9545537165632137,1
0.7839208784789949,-1.5684800212250773,1.12252363252126,-1.1215044484222225,-1.0357410683523456,0.916653998188642,0.8381467004446593,0.6014167670256413,0.653050929275062,1.5144010598943751,1
1.4089792621365311,1.4373506578504092,1.12252363252126,1.090263229965003,1.2947644960127682,1.159645216768088,0.8381467004446593,0.6014167670256413,0.5571215957299472,1.5144010598943751,1
0.47139168665022824,-1.5684800212250773,-0.030704704472457878,-0.015620609228609717,-1.526373818745001,-0.5412933132880401,0.8381467004446593,0.6014167670256413,0.4611922621848325,0.058797967233355536,0
0.6276562825646116,1.4373506578504092,1.12252363252126,-0.015620609228609717,1.2947644960127682,0.43067156102974796,0.8381467004446593,0.6014167670256413,1.1326975970006357,1.2904621225619106,1
-1.4037834643223788,-1.5684800212250773,-0.030704704472457878,-0.015620609228609717,-0.4224501303615262,-0.784284531867486,-1.1931085566160113,0.6014167670256413,-1.3614650751723478,-1.0608967194289673,0
-0.30993129292169125,-0.06556468168733408,-1.1839330414661757,-1.1215044484222225,-0.0544755675670345,-2.7282142805030603,-1.1931085566160113,-1.6627404735414788,-1.1696064080821185,-0.948927250762735,0
-1.716312656151147,-0.06556468168733408,1.12252363252126,-0.015620609228609717,0.06818262003112939,0.18768034245030202,0.8381467004446593,0.6014167670256413,0.9408389299104063,1.1784926538956784,1
-1.8725772520655304,-0.06556468168733408,-1.1839330414661757,-1.1215044484222225,0.8041317456201127,-2.2422318433441673,-1.1931085566160113,0.6014167670256413,-0.9777477409918889,-1.0608967194289673,0
-0.9349896765792275,-1.5684800212250773,-1.1839330414661757,-1.1215044484222225,1.2947644960127682,0.43067156102974796,0.8381467004446593,-1.6627404735414788,0.9408389299104063,0.3947063732320524,0
0.47139168665022824,1.4373506578504092,1.12252363252126,1.090263229965003,1.2947644960127682,1.159645216768088,0.8381467004446593,0.6014167670256413,-0.0184544055407413,1.2904621225619106,1
1.0964500703077644,1.4373506578504092,1.12252363252126,-1.1215044484222225,1.2947644960127682,1.159645216768088,0.8381467004446593,0.6014167670256413,1.036768263455521,1.2904621225619106,1
-1.716312656151147,-0.06556468168733408,-1.1839330414661757,-1.1215044484222225,-2.2623229443339845,-0.5412933132880401,-1.1931085566160113,0.6014167670256413,-1.3614650751723478,-0.16514097009910902,0
-1.4037834643223788,-0.06556468168733408,-1.1839330414661757,-0.015620609228609717,-1.771690193941329,0.43067156102974796,-1.1931085566160113,0.6014167670256413,-1.3614650751723478,-1.396805125427664,0
0.7839208784789949,1.4373506578504092,1.12252363252126,1.090263229965003,1.2947644960127682,0.43067156102974796,0.8381467004446593,0.6014167670256413,0.4611922621848325,0.7306147792307492,1
0.6276562825646116,1.4373506578504092,-1.1839330414661757,-0.015620609228609717,-0.1771337551651984,0.18768034245030202,0.8381467004446593,0.6014167670256413,0.7489802628201767,-0.8369577820965027,0
-1.4037834643223788,-0.06556468168733408,1.12252363252126,-1.1215044484222225,-2.2623229443339845,-0.055310876129146085,-1.1931085566160113,-1.6627404735414788,-0.9777477409918889,-0.7249883134302705,0
0.47139168665022824,-1.5684800212250773,1.12252363252126,1.090263229965003,-0.4224501303615262,1.159645216768088,0.8381467004446593,0.6014167670256413,1.036768263455521,1.0665231852294461,1
-1.8725772520655304,-0.06556468168733408,-0.030704704472457878,-1.1215044484222225,-1.4037156311468373,-0.29830209470859204,0.8381467004446593,0.6014167670256413,0.07747492800437346,-1.1728661880951996,0
-0.30993129292169125,-1.5684800212250773,-0.030704704472457878,-1.1215044484222225,-1.4037156311468373,-0.5412933132880401,0.8381467004446593,0.6014167670256413,-0.0184544055407413,-1.8446830000925933,0
1.0964500703077644,1.4373506578504092,1.12252363252126,1.090263229965003,1.2947644960127682,1.159645216768088,0.8381467004446593,-1.6627404735414788,0.269333595094603,1.1784926538956784,1
0.9401854743933811,1.4373506578504092,-1.1839330414661757,-1.1215044484222225,1.1721063084146044,0.673662779609194,-1.1931085566160113,-1.6627404735414788,0.4611922621848325,0.2827369045658201,1
-0.15366669700730792,-1.5684800212250773,-1.1839330414661757,-1.1215044484222225,-0.9130828807541818,-0.784284531867486,-1.1931085566160113,-1.6627404735414788,-1.265535741627233,-0.7249883134302705,0
0.6276562825646116,-0.06556468168733408,1.12252363252126,1.090263229965003,0.31349899522745717,0.916653998188642,0.8381467004446593,0.6014167670256413,0.8449095963652915,-0.948927250762735,1
0.0025978989070768233,-0.06556468168733408,1.12252363252126,-0.015620609228609717,1.1721063084146044,1.159645216768088,0.8381467004446593,0.6014167670256413,1.804202931816439,0.9545537165632137,1
-0.15366669700730792,-0.06556468168733408,-1.1839330414661757,-0.015620609228609717,0.19084080762929329,0.43067156102974796,-1.1931085566160113,0.6014167670256413,-0.5940304068114298,-0.8369577820965027,0
1.4089792621365311,-0.06556468168733408,1.12252363252126,1.090263229965003,1.2947644960127682,1.159645216768088,0.8381467004446593,0.6014167670256413,1.9960615989066686,1.5144010598943751,1
-1.8725772520655304,1.4373506578504092,-1.1839330414661757,1.090263229965003,0.06818262003112939,0.673662779609194,0.8381467004446593,-1.6627404735414788,-1.1696064080821185,-0.948927250762735,1
-0.15366669700730792,-1.5684800212250773,-0.030704704472457878,-1.1215044484222225,-0.667766505557854,-0.5412933132880401,-1.1931085566160113,0.6014167670256413,-0.21031307263097082,-0.16514097009910902,0
-1.0912542724936107,-0.06556468168733408,-1.1839330414661757,-1.1215044484222225,-1.2810574435486735,-1.513258187605826,-1.1931085566160113,-1.6627404735414788,-0.7858890739016593,-0.6130188447640381,0
-1.247518868407994,1.4373506578504092,-1.1839330414661757,-1.1215044484222225,-1.526373818745001,-0.784284531867486,0.8381467004446593,-1.6627404735414788,-0.9777477409918889,-1.5087745940938964,0
1.5652438580509145,1.4373506578504092,1.12252363252126,1.090263229965003,1.2947644960127682,0.673662779609194,0.8381467004446593,0.6014167670256413,0.5571215957299472,1.2904621225619106,1
0.15886249482146017,-0.06556468168733408,-0.030704704472457878,2.1961470691586156,0.9267899332182766,0.18768034245030202,0.8381467004446593,0.6014167670256413,0.5571215957299472,1.0665231852294461,0
-1.716312656151147,-0.06556468168733408,-1.1839330414661757,-1.1215044484222225,-0.4224501303615262,-0.784284531867486,-1.1931085566160113,-1.6627404735414788,-1.1696064080821185,-1.8446830000925933,0
0.7839208784789949,1.4373506578504092,1.12252363252126,1.090263229965003,1.2947644960127682,0.18768034245030202,0.8381467004446593,0.6014167670256413,1.804202931816439,1.4024315912281429,1
-0.30993129292169125,-1.5684800212250773,-0.030704704472457878,-1.1215044484222225,-0.4224501303615262,-0.29830209470859204,0.8381467004446593,0.6014167670256413,-1.3614650751723478,-0.16514097009910902,0
0.47139168665022824,-0.06556468168733408,-1.1839330414661757,1.090263229965003,0.5588153704237849,0.673662779609194,0.8381467004446593,-1.6627404735414788,0.653050929275062,1.0665231852294461,1
-0.4661958888360746,-0.06556468168733408,-1.1839330414661757,-0.015620609228609717,-0.0544755675670345,0.18768034245030202,0.8381467004446593,0.6014167670256413,-0.30624240617608556,-1.0608967194289673,0
-1.4037834643223788,-0.06556468168733408,-1.1839330414661757,1.090263229965003,-0.667766505557854,-0.29830209470859204,0.8381467004446593,-1.6627404735414788,0.7489802628201767,1.0665231852294461,0
-0.4661958888360746,-0.06556468168733408,-0.030704704472457878,1.090263229965003,-1.2810574435486735,-1.2702669690263801,-1.1931085566160113,0.6014167670256413,-1.1696064080821185,-0.8369577820965027,0
-0.30993129292169125,-0.06556468168733408,-1.1839330414661757,-0.015620609228609717,-0.5451083179596901,-1.0272757504469332,-1.1931085566160113,-1.6627404735414788,-1.3614650751723478,-1.0608967194289673,0
-1.0912542724936107,-0.06556468168733408,-1.1839330414661757,-0.015620609228609717,-0.667766505557854,0.18768034245030202,0.8381467004446593,0.6014167670256413,0.8449095963652915,-0.3890799074315736,1
0.6276562825646116,-0.06556468168733408,-0.030704704472457878,-0.015620609228609717,-0.9130828807541818,-0.29830209470859204,-1.1931085566160113,0.6014167670256413,0.1734042615494882,1.1784926538956784,0
1.7215084539653005,-0.06556468168733408,1.12252363252126,1.090263229965003,0.43615718282562105,1.159645216768088,0.8381467004446593,0.6014167670256413,0.269333595094603,1.0665231852294461,1
-0.15366669700730792,-1.5684800212250773,1.12252363252126,-1.1215044484222225,1.2947644960127682,1.159645216768088,0.8381467004446593,0.6014167670256413,1.5164149311810948,0.9545537165632137,1
0.9401854743933811,-0.06556468168733408,1.12252363252126,-1.1215044484222225,1.2947644960127682,0.916653998188642,0.8381467004446593,0.6014167670256413,0.1734042615494882,1.2904621225619106,1
-0.15366669700730792,-0.06556468168733408,-1.1839330414661757,-1.1215044484222225,-0.5451083179596901,-1.0272757504469332,0.8381467004446593,0.6014167670256413,1.036768263455521,0.058797967233355536,0
-0.15366669700730792,-0.06556468168733408,-1.1839330414661757,-0.015620609228609717,-0.2997919427633623,0.43067156102974796,-1.1931085566160113,-1.6627404735414788,1.2286269305457505,-1.1728661880951996,0
0.7839208784789949,1.4373506578504092,-0.030704704472457878,-1.1215044484222225,1.2947644960127682,-0.29830209470859204,-1.1931085566160113,0.6014167670256413,0.1734042615494882,1.1784926538956784,1
-1.247518868407994,-0.06556468168733408,1.12252363252126,-0.015620609228609717,-0.1771337551651984,0.18768034245030202,0.8381467004446593,0.6014167670256413,0.9408389299104063,0.3947063732320524,0
1.0964500703077644,-0.06556468168733408,-1.1839330414661757,2.1961470691586156,1.1721063084146044,0.18768034245030202,0.8381467004446593,0.6014167670256413,0.269333595094603,-0.3890799074315736,1
-0.6224604847504593,-1.5684800212250773,1.12252363252126,1.090263229965003,-0.2997919427633623,0.673662779609194,0.8381467004446593,0.6014167670256413,0.269333595094603,1.5144010598943751,1
-0.7787250806648427,-1.5684800212250773,-0.030704704472457878,-1.1215044484222225,-1.2810574435486735,-0.5412933132880401,0.8381467004446593,0.6014167670256413,0.1734042615494882,0.9545537165632137,0
-1.716312656151147,1.4373506578504092,1.12252363252126,-0.015620609228609717,-0.9130828807541818,0.673662779609194,0.8381467004446593,-1.6627404735414788,-1.265535741627233,-1.9566524687588256,0
1.0964500703077644,1.4373506578504092,1.12252363252126,1.090263229965003,1.2947644960127682,1.159645216768088,0.8381467004446593,0.6014167670256413,0.653050929275062,1.2904621225619106,1
-0.6224604847504593,-0.06556468168733408,1.12252363252126,-1.1215044484222225,0.19084080762929329,1.159645216768088,0.8381467004446593,0.6014167670256413,-1.265535741627233,-0.948927250762735,1
-1.8725772520655304,-0.06556468168733408,-1.1839330414661757,-0.015620609228609717,-1.4037156311468373,0.916653998188642,-1.1931085566160113,-1.6627404735414788,-0.9777477409918889,-0.16514097009910902,0
-0.15366669700730792,-1.5684800212250773,-0.030704704472457878,-1.1215044484222225,-2.2623229443339845,-1.2702669690263801,-1.1931085566160113,0.6014167670256413,-1.3614650751723478,-0.8369577820965027,0
-0.4661958888360746,-0.06556468168733408,-0.030704704472457878,-0.015620609228609717,0.31349899522745717,0.43067156102974796,-1.1931085566160113,0.6014167670256413,-0.9777477409918889,-0.948927250762735,0
0.15886249482146017,1.4373506578504092,1.12252363252126,1.090263229965003,1.2947644960127682,1.159645216768088,0.8381467004446593,0.6014167670256413,0.1734042615494882,1.0665231852294461,1
1.0964500703077644,-0.06556468168733408,-0.030704704472457878,1.090263229965003,-0.5451083179596901,-0.5412933132880401,0.8381467004446593,0.6014167670256413,-1.3614650751723478,-0.16514097009910902,0
1.0964500703077644,-1.5684800212250773,1.12252363252126,1.090263229965003,-0.5451083179596901,1.159645216768088,0.8381467004446593,0.6014167670256413,-1.3614650751723478,-1.2848356567614319,0
0.47139168665022824,-0.06556468168733408,1.12252363252126,1.090263229965003,-0.1771337551651984,-0.29830209470859204,0.8381467004446593,-1.6627404735414788,0.8449095963652915,1.1784926538956784,0
1.0964500703077644,1.4373506578504092,-0.030704704472457878,1.090263229965003,-0.2997919427633623,1.159645216768088,0.8381467004446593,0.6014167670256413,0.1734042615494882,1.0665231852294461,1
1.4089792621365311,-1.5684800212250773,1.12252363252126,1.090263229965003,0.43615718282562105,1.159645216768088,0.8381467004446593,0.6014167670256413,0.3652629286397177,1.4024315912281429,1
-0.6224604847504593,-0.06556468168733408,-1.1839330414661757,-1.1215044484222225,-1.0357410683523456,0.18768034245030202,-1.1931085566160113,-1.6627404735414788,-1.3614650751723478,-0.05317150143287675,1
0.7839208784789949,1.4373506578504092,1.12252363252126,1.090263229965003,1.2947644960127682,0.673662779609194,0.8381467004446593,0.6014167670256413,0.7489802628201767,1.5144010598943751,1
0.3151270907358449,-0.06556468168733408,-1.1839330414661757,-0.015620609228609717,-1.771690193941329,-0.055310876129146085,-1.1931085566160113,-1.6627404735414788,-1.1696064080821185,0.618645310564517,0
0.9401854743933811,1.4373506578504092,1.12252363252126,1.090263229965003,1.2947644960127682,1.159645216768088,0.8381467004446593,0.6014167670256413,1.1326975970006357,1.2904621225619106,1
0.9401854743933811,-0.06556468168733408,1.12252363252126,2.1961470691586156,0.8041317456201127,1.159645216768088,0.8381467004446593,0.6014167670256413,1.1326975970006357,1.2904621225619106,1
-0.4661958888360746,-1.5684800212250773,-0.030704704472457878,-1.1215044484222225,0.06818262003112939,-0.29830209470859204,-1.1931085566160113,0.6014167670256413,-0.21031307263097082,-0.16514097009910902,0
-0.9349896765792275,-0.06556468168733408,-1.1839330414661757,-1.1215044484222225,-0.667766505557854,0.916653998188642,0.8381467004446593,-1.6627404735414788,0.8449095963652915,-0.5010493760978059,0
-1.8725772520655304,-0.06556468168733408,-1.1839330414661757,-1.1215044484222225,-1.0357410683523456,-1.7562494061852731,-1.1931085566160113,-1.6627404735414788,-1.3614650751723478,-1.0608967194289673,0
-0.30993129292169125,-0.06556468168733408,-0.030704704472457878,-0.015620609228609717,-0.4224501303615262,-1.2702669690263801,-1.1931085566160113,-1.6627404735414788,-1.3614650751723478,-1.2848356567614319,0
-1.8725772520655304,-0.06556468168733408,-1.1839330414661757,-1.1215044484222225,-1.4037156311468373,-1.2702669690263801,-1.1931085566160113,-1.6627404735414788,-0.9777477409918889,-1.0608967194289673,0
-0.15366669700730792,-1.5684800212250773,-1.1839330414661757,-1.1215044484222225,-0.1771337551651984,1.159645216768088,-1.1931085566160113,-1.6627404735414788,0.8449095963652915,-1.2848356567614319,0
1.0964500703077644,1.4373506578504092,1.12252363252126,2.1961470691586156,1.1721063084146044,0.673662779609194,0.8381467004446593,0.6014167670256413,0.7489802628201767,1.1784926538956784,1
-1.8725772520655304,-0.06556468168733408,-0.030704704472457878,-0.015620609228609717,-1.771690193941329,-0.784284531867486,0.8381467004446593,0.6014167670256413,-0.30624240617608556,-0.6130188447640381,0
-0.6224604847504593,-0.06556468168733408,-1.1839330414661757,-1.1215044484222225,0.06818262003112939,-1.7562494061852731,0.8381467004446593,0.6014167670256413,0.8449095963652915,0.618645310564517,1
0.47139168665022824,-1.5684800212250773,1.12252363252126,1.090263229965003,1.2947644960127682,1.159645216768088,0.8381467004446593,0.6014167670256413,1.1326975970006357,0.9545537165632137,1
0.15886249482146017,-1.5684800212250773,1.12252363252126,-1.1215044484222225,0.5588153704237849,-1.2702669690263801,0.8381467004446593,0.6014167670256413,-0.9777477409918889,-0.3890799074315736,0
-0.15366669700730792,-0.06556468168733408,-0.030704704472457878,-0.015620609228609717,0.6814735580219489,0.673662779609194,-1.1931085566160113,-1.6627404735414788,1.9960615989066686,0.5066758418982846,0
-0.4661958888360746,-0.06556468168733408,-1.1839330414661757,1.090263229965003,0.8041317456201127,0.673662779609194,0.8381467004446593,-1.6627404735414788,1.804202931816439,1.2904621225619106,0
-1.0912542724936107,-1.5684800212250773,-1.1839330414661757,1.090263229965003,0.8041317456201127,0.916653998188642,-1.1931085566160113,0.6014167670256413,-0.11438373908585606,0.8425842478969815,1
-0.15366669700730792,1.4373506578504092,1.12252363252126,1.090263229965003,1.2947644960127682,1.159645216768088,0.8381467004446593,-1.6627404735414788,0.653050929275062,1.1784926538956784,1
1.8777730498796839,1.4373506578504092,1.12252363252126,1.090263229965003,0.8041317456201127,1.159645216768088,0.8381467004446593,0.6014167670256413,0.9408389299104063,1.4024315912281429,1
0.7839208784789949,-0.06556468168733408,-1.1839330414661757,-0.015620609228609717,-1.0357410683523456,-1.99924062476472,-1.1931085566160113,-1.6627404735414788,-1.265535741627233,-1.0608967194289673,0
-1.8725772520655304,-1.5684800212250773,-1.1839330414661757,-0.015620609228609717,0.19084080762929329,-0.784284531867486,-1.1931085566160113,0.6014167670256413,-1.3614650751723478,-0.8369577820965027,0
1.2527146662221478,1.4373506578504092,1.12252363252126,1.090263229965003,1.0494481208164406,0.673662779609194,0.8381467004446593,-1.6627404735414788,-0.11438373908585606,1.4024315912281429,1
-1.4037834643223788,-0.06556468168733408,-1.1839330414661757,-0.015620609228609717,0.06818262003112939,-0.055310876129146085,0.8381467004446593,0.6014167670256413,-1.3614650751723478,-0.948927250762735,1
0.0025978989070768233,-1.5684800212250773,-0.030704704472457878,-0.015620609228609717,-1.6490320063431652,-0.055310876129146085,0.8381467004446593,0.6014167670256413,-0.11438373908585606,-0.8369577820965027,0
-0.7787250806648427,-0.06556468168733408,-1.1839330414661757,-1.1215044484222225,0.6814735580219489,-1.99924062476472,-1.1931085566160113,0.6014167670256413,1.42048559763598,-0.5010493760978059,0
-1.716312656151147,-0.06556468168733408,-1.1839330414661757,-0.015620609228609717,-0.9130828807541818,-0.784284531867486,-1.1931085566160113,-1.6627404735414788,-1.0736770745370037,-1.2848356567614319,0
0.0025978989070768233,-0.06556468168733408,1.12252363252126,-1.1215044484222225,0.31349899522745717,-1.2702669690263801,0.8381467004446593,0.6014167670256413,-0.5940304068114298,-0.8369577820965027,0
-0.4661958888360746,-0.06556468168733408,-1.1839330414661757,-0.015620609228609717,-0.0544755675670345,-0.055310876129146085,0.8381467004446593,0.6014167670256413,-0.7858890739016593,-0.7249883134302705,0
0.0025978989070768233,-1.5684800212250773,-0.030704704472457878,-1.1215044484222225,-0.9130828807541818,0.43067156102974796,-1.1931085566160113,0.6014167670256413,-0.5940304068114298,1.4024315912281429,0
-1.0912542724936107,-0.06556468168733408,1.12252363252126,-1.1215044484222225,1.2947644960127682,-0.29830209470859204,-1.1931085566160113,0.6014167670256413,0.269333595094603,1.0665231852294461,1
0.47139168665022824,1.4373506578504092,1.12252363252126,1.090263229965003,0.8041317456201127,1.159645216768088,0.8381467004446593,-1.6627404735414788,1.036768263455521,-0.7249883134302705,0
0.15886249482146017,-0.06556468168733408,-1.1839330414661757,-1.1215044484222225,-2.2623229443339845,-0.5412933132880401,-1.1931085566160113,-1.6627404735414788,-1.1696064080821185,-0.8369577820965027,0
0.7839208784789949,-0.06556468168733408,-0.030704704472457878,-0.015620609228609717,0.43615718282562105,0.916653998188642,-1.1931085566160113,0.6014167670256413,0.1734042615494882,-0.2771104387653413,1
-1.8725772520655304,-0.06556468168733408,-0.030704704472457878,-1.1215044484222225,-0.9130828807541818,-0.5412933132880401,-1.1931085566160113,-1.6627404735414788,-1.3614650751723478,-0.5010493760978059,0
-0.6224604847504593,-0.06556468168733408,-1.1839330414661757,-1.1215044484222225,-1.6490320063431652,-1.2702669690263801,-1.1931085566160113,-1.6627404735414788,-0.8818184074467741,-0.16514097009910902,0
1.2527146662221478,-0.06556468168733408,-1.1839330414661757,-0.015620609228609717,-0.2997919427633623,0.43067156102974796,0.8381467004446593,0.6014167670256413,-1.1696064080821185,-0.948927250762735,0
-0.4661958888360746,-0.06556468168733408,-1.1839330414661757,-0.015620609228609717,-1.0357410683523456,-0.055310876129146085,0.8381467004446593,0.6014167670256413,-0.5940304068114298,-0.6130188447640381,0
-1.716312656151147,-1.5684800212250773,-0.030704704472457878,-1.1215044484222225,0.43615718282562105,1.159645216768088,0.8381467004446593,0.6014167670256413,1.2286269305457505,1.5144010598943751,1
0.9401854743933811,1.4373506578504092,1.12252363252126,2.1961470691586156,0.43615718282562105,0.673662779609194,0.8381467004446593,-1.6627404735414788,0.8449095963652915,1.1784926538956784,1
0.0025978989070768233,-0.06556468168733408,-1.1839330414661757,-1.1215044484222225,0.8041317456201127,-0.5412933132880401,-1.1931085566160113,0.6014167670256413,-1.3614650751723478,-0.5010493760978059,0
-1.8725772520655304,-0.06556468168733408,-1.1839330414661757,-0.015620609228609717,-2.1396647567358205,-1.99924062476472,-1.1931085566160113,-1.6627404735414788,-1.3614650751723478,-0.16514097009910902,0
0.3151270907358449,1.4373506578504092,-1.1839330414661757,1.090263229965003,1.2947644960127682,0.43067156102974796,0.8381467004446593,-1.6627404735414788,0.4611922621848325,0.5066758418982846,0
1.2527146662221478,-0.06556468168733408,1.12252363252126,1.090263229965003,1.0494481208164406,-0.29830209470859204,0.8381467004446593,0.6014167670256413,1.7082735982713242,1.5144010598943751,1
-1.8725772520655304,-0.06556468168733408,-1.1839330414661757,1.090263229965003,0.6814735580219489,0.43067156102974796,0.8381467004446593,0.6014167670256413,0.3652629286397177,-0.8369577820965027,1
-1.716312656151147,-0.06556468168733408,1.12252363252126,1.090263229965003,0.8041317456201127,0.18768034245030202,0.8381467004446593,0.6014167670256413,-1.1696064080821185,1.5144010598943751,1
-1.8725772520655304,-0.06556468168733408,-1.1839330414661757,-0.015620609228609717,-1.2810574435486735,-0.055310876129146085,-1.1931085566160113,-1.6627404735414788,-1.3614650751723478,-0.6130188447640381,0
-1.8725772520655304,-1.5684800212250773,-1.1839330414661757,-0.015620609228609717,-0.7904246931560178,-1.99924062476472,-1.1931085566160113,-1.6627404735414788,1.5164149311810948,-1.1728661880951996,0
-0.15366669700730792,-0.06556468168733408,1.12252363252126,2.1961470691586156,-0.5451083179596901,1.159645216768088,0.8381467004446593,0.6014167670256413,0.8449095963652915,1.0665231852294461,1
-0.4661958888360746,-1.5684800212250773,-0.030704704472457878,-1.1215044484222225,-1.771690193941329,0.18768034245030202,-1.1931085566160113,0.6014167670256413,-1.0736770745370037,-0.7249883134302705,0
0.7839208784789949,-0.06556468168733408,-1.1839330414661757,-1.1215044484222225,-0.5451083179596901,-0.5412933132880401,0.8381467004446593,-1.6627404735414788,-0.4021717397212003,-0.5010493760978059,0
-0.4661958888360746,-0.06556468168733408,-1.1839330414661757,-0.015620609228609717,0.31349899522745717,-0.5412933132880401,-1.1931085566160113,-1.6627404735414788,-0.8818184074467741,-1.0608967194289673,0
0.6276562825646116,-0.06556468168733408,1.12252363252126,2.1961470691586156,1.1721063084146044,1.159645216768088,0.8381467004446593,0.6014167670256413,-0.30624240617608556,1.2904621225619106,1
-0.15366669700730792,-1.5684800212250773,1.12252363252126,-1.1215044484222225,-0.2997919427633623,1.159645216768088,0.8381467004446593,0.6014167670256413,0.3652629286397177,-0.05317150143287675,1
-1.4037834643223788,-1.5684800212250773,1.12252363252126,1.090263229965003,1.1721063084146044,1.159645216768088,0.8381467004446593,0.6014167670256413,0.8449095963652915,-0.6130188447640381,1
0.9401854743933811,-0.06556468168733408,-0.030704704472457878,-0.015620609228609717,-1.2810574435486735,-1.2702669690263801,-1.1931085566160113,0.6014167670256413,0.653050929275062,-0.3890799074315736,0
-0.4661958888360746,-0.06556468168733408,-1.1839330414661757,-0.015620609228609717,-0.667766505557854,-1.7562494061852731,-1.1931085566160113,0.6014167670256413,-1.3614650751723478,-0.5010493760978059,0
-0.6224604847504593,-0.06556468168733408,-0.030704704472457878,-1.1215044484222225,-1.0357410683523456,0.18768034245030202,-1.1931085566160113,0.6014167670256413,-1.0736770745370037,-0.8369577820965027,0
0.7839208784789949,-1.5684800212250773,-1.1839330414661757,1.090263229965003,0.19084080762929329,-0.29830209470859204,0.8381467004446593,0.6014167670256413,-0.0184544055407413,-0.8369577820965027,0
0.47139168665022824,1.4373506578504092,-0.030704704472457878,1.090263229965003,1.2947644960127682,1.159645216768088,0.8381467004446593,0.6014167670256413,1.42048559763598,1.4024315912281429,1
1.0964500703077644,1.4373506578504092,1.12252363252126,1.090263229965003,1.2947644960127682,1.159645216768088,0.8381467004446593,0.6014167670256413,1.1326975970006357,0.7306147792307492,1
-0.4661958888360746,-0.06556468168733408,-1.1839330414661757,-1.1215044484222225,-0.5451083179596901,-0.055310876129146085,-1.1931085566160113,-1.6627404735414788,-1.3614650751723478,-0.7249883134302705,0
1.0964500703077644,-1.5684800212250773,1.12252363252126,1.090263229965003,1.2947644960127682,0.916653998188642,0.8381467004446593,0.6014167670256413,1.2286269305457505,1.4024315912281429,1
0.3151270907358449,-0.06556468168733408,1.12252363252126,1.090263229965003,1.2947644960127682,0.673662779609194,0.8381467004446593,0.6014167670256413,0.4611922621848325,1.0665231852294461,0
1.0964500703077644,1.4373506578504092,1.12252363252126,1.090263229965003,1.2947644960127682,1.159645216768088,0.8381467004446593,0.6014167670256413,0.07747492800437346,1.1784926538956784,1
1.0964500703077644,-0.06556468168733408,1.12252363252126,1.090263229965003,-1.1583992559505094,-1.2702669690263801,0.8381467004446593,-1.6627404735414788,0.5571215957299472,1.2904621225619106,0
-1.4037834643223788,-1.5684800212250773,-1.1839330414661757,-0.015620609228609717,-0.5451083179596901,-0.055310876129146085,-1.1931085566160113,-1.6627404735414788,0.3652629286397177,-1.396805125427664,0
0.7839208784789949,-0.06556468168733408,1.12252363252126,-1.1215044484222225,1.2947644960127682,0.916653998188642,0.8381467004446593,0.6014167670256413,1.036768263455521,0.618645310564517,1
-0.4661958888360746,-0.06556468168733408,-0.030704704472457878,1.090263229965003,-0.1771337551651984,0.18768034245030202,0.8381467004446593,0.6014167670256413,1.2286269305457505,-0.7249883134302705,0
0.3151270907358449,-0.06556468168733408,-0.030704704472457878,1.090263229965003,-2.017006569137657,-1.2702669690263801,0.8381467004446593,0.6014167670256413,-1.3614650751723478,-1.396805125427664,0
0.9401854743933811,-0.06556468168733408,1.12252363252126,-0.015620609228609717,-1.526373818745001,-1.513258187605826,0.8381467004446593,0.6014167670256413,-0.30624240617608556,-0.7249883134302705,0
-1.8725772520655304,-0.06556468168733408,-1.1839330414661757,-0.015620609228609717,-1.0357410683523456,-0.055310876129146085,-1.1931085566160113,0.6014167670256413,-1.3614650751723478,-0.16514097009910902,0
-0.30993129292169125,-0.06556468168733408,-1.1839330414661757,-0.015620609228609717,-0.667766505557854,-1.0272757504469332,-1.1931085566160113,0.6014167670256413,-0.8818184074467741,-1.396805125427664,0
0.7839208784789949,-0.06556468168733408,-1.1839330414661757,-1.1215044484222225,-1.2810574435486735,0.43067156102974796,-1.1931085566160113,0.6014167670256413,-1.3614650751723478,-0.5010493760978059,0
-0.30993129292169125,-0.06556468168733408,1.12252363252126,-1.1215044484222225,0.06818262003112939,-0.055310876129146085,0.8381467004446593,0.6014167670256413,0.3652629286397177,-0.16514097009910902,0
-0.15366669700730792,-0.06556468168733408,-0.030704704472457878,1.090263229965003,-0.4224501303615262,0.43067156102974796,0.8381467004446593,0.6014167670256413,1.2286269305457505,-1.2848356567614319,1
-0.4661958888360746,-0.06556468168733408,-0.030704704472457878,-1.1215044484222225,-1.0357410683523456,-1.0272757504469332,-1.1931085566160113,0.6014167670256413,-0.5940304068114298,-0.5010493760978059,0
-1.8725772520655304,-0.06556468168733408,-1.1839330414661757,-0.015620609228609717,0.19084080762929329,0.673662779609194,-1.1931085566160113,-1.6627404735414788,-1.265535741627233,-0.16514097009910902,0
0.7839208784789949,-1.5684800212250773,-1.1839330414661757,1.090263229965003,0.8041317456201127,0.18768034245030202,0.8381467004446593,-1.6627404735414788,0.9408389299104063,-0.2771104387653413,1
0.7839208784789949,-0.06556468168733408,-0.030704704472457878,1.090263229965003,-1.0357410683523456,0.18768034245030202,0.8381467004446593,0.6014167670256413,0.3652629286397177,1.4024315912281429,1
-0.4661958888360746,-0.06556468168733408,-1.1839330414661757,-1.1215044484222225,-0.4224501303615262,0.916653998188642,0.8381467004446593,0.6014167670256413,-0.7858890739016593,0.8425842478969815,1
1.8777730498796839,-0.06556468168733408,1.12252363252126,1.090263229965003,1.2947644960127682,1.159645216768088,0.8381467004446593,0.6014167670256413,-0.11438373908585606,1.1784926538956784,1
-1.5600480602367621,-0.06556468168733408,-1.1839330414661757,-1.1215044484222225,1.1721063084146044,0.673662779609194,-1.1931085566160113,-1.6627404735414788,-1.3614650751723478,-0.7249883134302705,0
0.6276562825646116,-0.06556468168733408,-1.1839330414661757,-1.1215044484222225,-1.2810574435486735,-1.2702669690263801,-1.1931085566160113,-1.6627404735414788,-1.265535741627233,-1.396805125427664,0
1.4089792621365311,1.4373506578504092,1.12252363252126,1.090263229965003,1.2947644960127682,1.159645216768088,0.8381467004446593,0.6014167670256413,0.5571215957299472,1.0665231852294461,1
1.2527146662221478,-1.5684800212250773,1.12252363252126,2.1961470691586156,0.5588153704237849,0.673662779609194,-1.1931085566160113,0.6014167670256413,1.6123442647262096,-0.5010493760978059,0
0.7839208784789949,1.4373506578504092,1.12252363252126,1.090263229965003,1.2947644960127682,1.159645216768088,0.8381467004446593,0.6014167670256413,1.5164149311810948,0.618645310564517,1
0.3151270907358449,-1.5684800212250773,-1.1839330414661757,-1.1215044484222225,-1.8943483815394928,-1.7562494061852731,-1.1931085566160113,-1.6627404735414788,-1.3614650751723478,-1.396805125427664,0
-0.15366669700730792,-1.5684800212250773,-1.1839330414661757,-1.1215044484222225,-0.9130828807541818,0.43067156102974796,-1.1931085566160113,-1.6627404735414788,-0.8818184074467741,-0.948927250762735,0
-1.4037834643223788,-1.5684800212250773,-0.030704704472457878,-0.015620609228609717,1.1721063084146044,-1.0272757504469332,-1.1931085566160113,0.6014167670256413,-0.5940304068114298,-1.5087745940938964,1
1.0964500703077644,-0.06556468168733408,1.12252363252126,1.090263229965003,1.2947644960127682,1.159645216768088,0.8381467004446593,0.6014167670256413,0.269333595094603,1.4024315912281429,1
0.0025978989070768233,-0.06556468168733408,-1.1839330414661757,-0.015620609228609717,-0.1771337551651984,-2.7282142805030603,-1.1931085566160113,-1.6627404735414788,-1.0736770745370037,-1.1728661880951996,0
1.7215084539653005,-0.06556468168733408,1.12252363252126,1.090263229965003,1.1721063084146044,0.18768034245030202,0.8381467004446593,0.6014167670256413,0.7489802628201767,0.17076743589958782,1
1.0964500703077644,-0.06556468168733408,1.12252363252126,-1.1215044484222225,-0.2997919427633623,0.916653998188642,0.8381467004446593,0.6014167670256413,0.9408389299104063,1.0665231852294461,1
-0.4661958888360746,-1.5684800212250773,-1.1839330414661757,-1.1215044484222225,-0.9130828807541818,-1.513258187605826,0.8381467004446593,-1.6627404735414788,-0.11438373908585606,-0.05317150143287675,0
0.9401854743933811,1.4373506578504092,1.12252363252126,-0.015620609228609717,0.06818262003112939,0.673662779609194,0.8381467004446593,-1.6627404735414788,-1.3614650751723478,0.618645310564517,0
-0.15366669700730792,-0.06556468168733408,-0.030704704472457878,-0.015620609228609717,1.2947644960127682,-1.2702669690263801,0.8381467004446593,0.6014167670256413,0.269333595094603,-1.0608967194289673,0
0.47139168665022824,1.4373506578504092,-0.030704704472457878,1.090263229965003,1.1721063084146044,-0.29830209470859204,0.8381467004446593,0.6014167670256413,1.2286269305457505,1.0665231852294461,1
1.0964500703077644,1.4373506578504092,1.12252363252126,1.090263229965003,1.2947644960127682,1.159645216768088,0.8381467004446593,0.6014167670256413,1.42048559763598,0.9545537165632137,1
1.2527146662221478,1.4373506578504092,1.12252363252126,1.090263229965003,1.2947644960127682,1.159645216768088,0.8381467004446593,0.6014167670256413,1.2286269305457505,1.4024315912281429,1
0.47139168665022824,1.4373506578504092,1.12252363252126,1.090263229965003,1.2947644960127682,1.159645216768088,0.8381467004446593,0.6014167670256413,0.5571215957299472,1.5144010598943751,1
0.15886249482146017,-0.06556468168733408,-1.1839330414661757,-1.1215044484222225,0.43615718282562105,-1.2702669690263801,-1.1931085566160113,0.6014167670256413,-0.0184544055407413,-0.948927250762735,0
1.4089792621365311,-0.06556468168733408,1.12252363252126,-0.015620609228609717,0.43615718282562105,0.916653998188642,0.8381467004446593,0.6014167670256413,0.8449095963652915,0.7306147792307492,1
0.3151270907358449,-0.06556468168733408,-1.1839330414661757,-1.1215044484222225,-0.4224501303615262,-2.485223061923614,0.8381467004446593,-1.6627404735414788,1.1326975970006357,0.2827369045658201,0
0.7839208784789949,-0.06556468168733408,1.12252363252126,1.090263229965003,-0.5451083179596901,0.43067156102974796,0.8381467004446593,0.6014167670256413,1.036768263455521,-1.2848356567614319,0
-1.8725772520655304,-0.06556468168733408,-0.030704704472457878,-1.1215044484222225,0.5588153704237849,0.673662779609194,0.8381467004446593,0.6014167670256413,-1.1696064080821185,-0.948927250762735,0
1.2527146662221478,1.4373506578504092,1.12252363252126,1.090263229965003,1.2947644960127682,1.159645216768088,0.8381467004446593,0.6014167670256413,0.653050929275062,1.2904621225619106,1
-1.8725772520655304,-0.06556468168733408,-0.030704704472457878,-0.015620609228609717,-1.4037156311468373,-0.055310876129146085,0.8381467004446593,0.6014167670256413,0.3652629286397177,-0.05317150143287675,0
0.7839208784789949,1.4373506578504092,1.12252363252126,1.090263229965003,1.2947644960127682,0.18768034245030202,0.8381467004446593,0.6014167670256413,0.3652629286397177,1.1784926538956784,1
1.4089792621365311,-0.06556468168733408,-0.030704704472457878,1.090263229965003,0.19084080762929329,-0.055310876129146085,0.8381467004446593,0.6014167670256413,0.9408389299104063,1.0665231852294461,1
0.15886249482146017,1.4373506578504092,1.12252363252126,1.090263229965003,0.9267899332182766,0.43067156102974796,0.8381467004446593,-1.6627404735414788,1.42048559763598,0.7306147792307492,1
0.9401854743933811,-1.5684800212250773,1.12252363252126,-0.015620609228609717,0.5588153704237849,1.159645216768088,0.8381467004446593,0.6014167670256413,-1.3614650751723478,1.5144010598943751,1
0.0025978989070768233,-0.06556468168733408,-0.030704704472457878,-1.1215044484222225,-0.9130828807541818,-0.29830209470859204,-1.1931085566160113,0.6014167670256413,-0.11438373908585606,0.17076743589958782,0
-1.716312656151147,-0.06556468168733408,-1.1839330414661757,-1.1215044484222225,-0.7904246931560178,-2.2422318433441673,-1.1931085566160113,-1.6627404735414788,-1.265535741627233,-0.6130188447640381,0
-1.5600480602367621,1.4373506578504092,-0.030704704472457878,-1.1215044484222225,-1.771690193941329,0.916653998188642,-1.1931085566160113,-1.6627404735414788,-0.30624240617608556,-1.396805125427664,0
0.7839208784789949,1.4373506578504092,1.12252363252126,1.090263229965003,-0.4224501303615262,1.159645216768088,0.8381467004446593,-1.6627404735414788,0.1734042615494882,0.9545537165632137,0
-1.8725772520655304,-0.06556468168733408,-1.1839330414661757,-0.015620609228609717,-2.3849811319321486,-2.2422318433441673,-1.1931085566160113,-1.6627404735414788,-1.3614650751723478,-0.7249883134302705,0
1.0964500703077644,1.4373506578504092,-0.030704704472457878,1.090263229965003,0.9267899332182766,0.916653998188642,0.8381467004446593,0.6014167670256413,-1.265535741627233,1.1784926538956784,0
-0.30993129292169125,-0.06556468168733408,-1.1839330414661757,-0.015620609228609717,-1.0357410683523456,0.43067156102974796,-1.1931085566160113,-1.6627404735414788,-1.3614650751723478,-0.6130188447640381,0
0.0025978989070768233,-1.5684800212250773,-0.030704704472457878,-1.1215044484222225,-1.0357410683523456,1.159645216768088,0.8381467004446593,0.6014167670256413,-0.9777477409918889,-0.6130188447640381,0
0.7839208784789949,-0.06556468168733408,1.12252363252126,-1.1215044484222225,0.31349899522745717,-0.5412933132880401,0.8381467004446593,0.6014167670256413,1.5164149311810948,1.2904621225619106,0
0.6276562825646116,-0.06556468168733408,1.12252363252126,1.090263229965003,1.0494481208164406,-0.29830209470859204,0.8381467004446593,0.6014167670256413,0.5571215957299472,1.5144010598943751,0
-0.30993129292169125,-1.5684800212250773,-1.1839330414661757,-1.1215044484222225,-0.4224501303615262,-0.784284531867486,-1.1931085566160113,0.6014167670256413,-1.3614650751723478,1.2904621225619106,0
0.15886249482146017,-0.06556468168733408,-0.030704704472457878,-1.1215044484222225,-0.9130828807541818,0.18768034245030202,0.8381467004446593,0.6014167670256413,-1.3614650751723478,-0.6130188447640381,0
1.5652438580509145,1.4373506578504092,1.12252363252126,-1.1215044484222225,0.31349899522745717,1.159645216768088,0.8381467004446593,0.6014167670256413,0.8449095963652915,0.9545537165632137,1
1.5652438580509145,-1.5684800212250773,-0.030704704472457878,-1.1215044484222225,0.19084080762929329,0.916653998188642,0.8381467004446593,0.6014167670256413,-1.1696064080821185,0.9545537165632137,1
-0.15366669700730792,-0.06556468168733408,1.12252363252126,1.090263229965003,-0.0544755675670345,-0.055310876129146085,-1.1931085566160113,0.6014167670256413,0.07747492800437346,1.4024315912281429,0
1.4089792621365311,1.4373506578504092,1.12252363252126,1.090263229965003,1.2947644960127682,1.159645216768088,0.8381467004446593,0.6014167670256413,0.5571215957299472,0.3947063732320524,1
0.0025978989070768233,-0.06556468168733408,-0.030704704472457878,-0.015620609228609717,-0.4224501303615262,-1.2702669690263801,-1.1931085566160113,0.6014167670256413,-0.9777477409918889,-1.1728661880951996,0
0.9401854743933811,-1.5684800212250773,-0.030704704472457878,-0.015620609228609717,0.06818262003112939,-1.0272757504469332,0.8381467004446593,0.6014167670256413,-1.1696064080821185,-0.6130188447640381,0
1.5652438580509145,-0.06556468168733408,1.12252363252126,1.090263229965003,1.2947644960127682,1.159645216768088,0.8381467004446593,0.6014167670256413,-0.0184544055407413,1.5144010598943751,1
1.0964500703077644,-0.06556468168733408,-0.030704704472457878,-0.015620609228609717,0.06818262003112939,1.159645216768088,0.8381467004446593,0.6014167670256413,1.036768263455521,-1.1728661880951996,0
-1.5600480602367621,-0.06556468168733408,-1.1839330414661757,-0.015620609228609717,-1.0357410683523456,-0.784284531867486,-1.1931085566160113,0.6014167670256413,-0.9777477409918889,-0.948927250762735,0
-1.716312656151147,-0.06556468168733408,-1.1839330414661757,-1.1215044484222225,-2.017006569137657,-1.2702669690263801,-1.1931085566160113,-1.6627404735414788,-0.9777477409918889,-1.2848356567614319,0
-0.30993129292169125,-0.06556468168733408,-1.1839330414661757,-0.015620609228609717,0.06818262003112939,0.673662779609194,-1.1931085566160113,-1.6627404735414788,-0.5940304068114298,-0.5010493760978059,0
0.7839208784789949,-0.06556468168733408,-0.030704704472457878,1.090263229965003,1.2947644960127682,1.159645216768088,0.8381467004446593,-1.6627404735414788,0.07747492800437346,1.1784926538956784,0
0.3151270907358449,1.4373506578504092,1.12252363252126,1.090263229965003,1.1721063084146044,0.18768034245030202,0.8381467004446593,0.6014167670256413,1.9001322653615538,1.2904621225619106,1
0.47139168665022824,-0.06556468168733408,-0.030704704472457878,-1.1215044484222225,1.2947644960127682,0.916653998188642,0.8381467004446593,0.6014167670256413,0.3652629286397177,0.618645310564517,1
0.9401854743933811,1.4373506578504092,-0.030704704472457878,-1.1215044484222225,0.19084080762929329,0.916653998188642,0.8381467004446593,0.6014167670256413,0.8449095963652915,1.2904621225619106,0
-0.15366669700730792,-0.06556468168733408,-1.1839330414661757,-1.1215044484222225,-0.1771337551651984,1.159645216768088,0.8381467004446593,0.6014167670256413,-0.21031307263097082,-0.16514097009910902,0
0.9401854743933811,1.4373506578504092,1.12252363252126,1.090263229965003,1.0494481208164406,1.159645216768088,0.8381467004446593,0.6014167670256413,1.7082735982713242,1.5144010598943751,1
0.7839208784789949,-0.06556468168733408,-1.1839330414661757,1.090263229965003,1.2947644960127682,1.159645216768088,0.8381467004446593,0.6014167670256413,0.1734042615494882,1.4024315912281429,1
0.6276562825646116,-0.06556468168733408,1.12252363252126,-1.1215044484222225,0.9267899332182766,-0.5412933132880401,-1.1931085566160113,0.6014167670256413,0.8449095963652915,1.1784926538956784,1
0.15886249482146017,-0.06556468168733408,1.12252363252126,-0.015620609228609717,0.5588153704237849,0.43067156102974796,0.8381467004446593,0.6014167670256413,-1.265535741627233,1.5144010598943751,0
1.4089792621365311,-1.5684800212250773,1.12252363252126,-1.1215044484222225,1.2947644960127682,-0.784284531867486,0.8381467004446593,-1.6627404735414788,0.5571215957299472,1.1784926538956784,0
-0.15366669700730792,-1.5684800212250773,-1.1839330414661757,-1.1215044484222225,-0.4224501303615262,-0.5412933132880401,-1.1931085566160113,-1.6627404735414788,-0.4021717397212003,-0.8369577820965027,0
0.9401854743933811,-0.06556468168733408,1.12252363252126,1.090263229965003,0.6814735580219489,1.159645216768088,0.8381467004446593,0.6014167670256413,0.1734042615494882,-0.5010493760978059,1
0.47139168665022824,1.4373506578504092,1.12252363252126,1.090263229965003,0.06818262003112939,1.159645216768088,0.8381467004446593,-1.6627404735414788,0.269333595094603,-1.2848356567614319,1
0.15886249482146017,-0.06556468168733408,1.12252363252126,-1.1215044484222225,1.1721063084146044,-0.784284531867486,-1.1931085566160113,0.6014167670256413,0.269333595094603,1.0665231852294461,1
-0.6224604847504593,-0.06556468168733408,-0.030704704472457878,1.090263229965003,-1.526373818745001,0.43067156102974796,-1.1931085566160113,-1.6627404735414788,-0.5940304068114298,-0.948927250762735,0
-0.6224604847504593,-0.06556468168733408,-1.1839330414661757,-1.1215044484222225,-1.0357410683523456,-1.2702669690263801,0.8381467004446593,-1.6627404735414788,-0.7858890739016593,-1.1728661880951996,0
-0.15366669700730792,-0.06556468168733408,1.12252363252126,-1.1215044484222225,-1.2810574435486735,-1.0272757504469332,0.8381467004446593,0.6014167670256413,0.4611922621848325,-0.2771104387653413,1
-0.6224604847504593,-0.06556468168733408,-1.1839330414661757,-0.015620609228609717,-0.2997919427633623,-0.5412933132880401,-1.1931085566160113,-1.6627404735414788,-1.0736770745370037,-0.05317150143287675,0
-1.4037834643223788,-0.06556468168733408,-1.1839330414661757,-1.1215044484222225,-1.526373818745001,-0.5412933132880401,-1.1931085566160113,-1.6627404735414788,-1.1696064080821185,-1.5087745940938964,0
-0.15366669700730792,-0.06556468168733408,-1.1839330414661757,1.090263229965003,-1.526373818745001,-0.784284531867486,-1.1931085566160113,0.6014167670256413,-1.1696064080821185,-1.5087745940938964,0
0.9401854743933811,-0.06556468168733408,-0.030704704472457878,-1.1215044484222225,-0.7904246931560178,-1.7562494061852731,-1.1931085566160113,0.6014167670256413,-1.1696064080821185,-0.3890799074315736,0
0.7839208784789949,-0.06556468168733408,-0.030704704472457878,-0.015620609228609717,0.43615718282562105,0.916653998188642,0.8381467004446593,0.6014167670256413,1.3245562640908652,0.8425842478969815,1
0.7839208784789949,1.4373506578504092,-0.030704704472457878,1.090263229965003,1.2947644960127682,1.159645216768088,0.8381467004446593,0.6014167670256413,1.9001322653615538,1.0665231852294461,1
-1.4037834643223788,-0.06556468168733408,-1.1839330414661757,-1.1215044484222225,-1.4037156311468373,-0.055310876129146085,-1.1931085566160113,0.6014167670256413,-0.4021717397212003,-0.6130188447640381,0
0.6276562825646116,-0.06556468168733408,-0.030704704472457878,1.090263229965003,-0.4224501303615262,0.43067156102974796,0.8381467004446593,0.6014167670256413,0.9408389299104063,0.7306147792307492,1
-0.4661958888360746,-1.5684800212250773,1.12252363252126,-0.015620609228609717,0.43615718282562105,-0.055310876129146085,0.8381467004446593,0.6014167670256413,1.2286269305457505,-0.7249883134302705,1
-1.247518868407994,-0.06556468168733408,-1.1839330414661757,-1.1215044484222225,-0.4224501303615262,0.43067156102974796,-1.1931085566160113,-1.6627404735414788,-1.0736770745370037,-1.8446830000925933,1
1.2527146662221478,-0.06556468168733408,1.12252363252126,1.090263229965003,1.2947644960127682,0.916653998188642,0.8381467004446593,0.6014167670256413,0.5571215957299472,0.7306147792307492,1
0.9401854743933811,1.4373506578504092,1.12252363252126,1.090263229965003,1.2947644960127682,1.159645216768088,0.8381467004446593,0.6014167670256413,0.5571215957299472,0.618645310564517,1
0.47139168665022824,-0.06556468168733408,-0.030704704472457878,-1.1215044484222225,0.8041317456201127,1.159645216768088,0.8381467004446593,0.6014167670256413,-0.21031307263097082,-0.16514097009910902,0
-0.4661958888360746,-1.5684800212250773,-0.030704704472457878,1.090263229965003,-0.1771337551651984,-1.2702669690263801,-1.1931085566160113,0.6014167670256413,1.036768263455521,-0.5010493760978059,0
1.2527146662221478,-0.06556468168733408,1.12252363252126,1.090263229965003,1.2947644960127682,1.159645216768088,-1.1931085566160113,-1.6627404735414788,1.2286269305457505,-1.2848356567614319,1
-0.30993129292169125,-0.06556468168733408,-0.030704704472457878,-0.015620609228609717,-0.1771337551651984,1.159645216768088,0.8381467004446593,0.6014167670256413,-1.0736770745370037,1.0665231852294461,0
-0.4661958888360746,-0.06556468168733408,-1.1839330414661757,-0.015620609228609717,-1.0357410683523456,-2.485223061923614,-1.1931085566160113,-1.6627404735414788,-1.3614650751723478,-1.396805125427664,0
1.2527146662221478,1.4373506578504092,1.12252363252126,1.090263229965003,1.2947644960127682,1.159645216768088,0.8381467004446593,0.6014167670256413,0.4611922621848325,1.5144010598943751,1
-0.15366669700730792,-1.5684800212250773,-0.030704704472457878,-1.1215044484222225,0.5588153704237849,-0.29830209470859204,-1.1931085566160113,-1.6627404735414788,0.4611922621848325,-0.6130188447640381,0
-1.5600480602367621,-1.5684800212250773,-0.030704704472457878,-1.1215044484222225,0.31349899522745717,-0.055310876129146085,-1.1931085566160113,0.6014167670256413,-1.3614650751723478,-1.396805125427664,0
1.4089792621365311,1.4373506578504092,1.12252363252126,1.090263229965003,1.2947644960127682,1.159645216768088,0.8381467004446593,0.6014167670256413,0.3652629286397177,0.618645310564517,1
1.0964500703077644,-1.5684800212250773,1.12252363252126,-0.015620609228609717,1.2947644960127682,0.43067156102974796,0.8381467004446593,0.6014167670256413,0.5571215957299472,0.8425842478969815,1
-0.30993129292169125,-1.5684800212250773,-0.030704704472457878,-0.015620609228609717,-1.6490320063431652,0.43067156102974796,-1.1931085566160113,0.6014167670256413,-0.7858890739016593,-0.3890799074315736,1
0.6276562825646116,-1.5684800212250773,1.12252363252126,-1.1215044484222225,1.2947644960127682,0.916653998188642,0.8381467004446593,-1.6627404735414788,1.3245562640908652,1.0665231852294461,1
0.47139168665022824,-0.06556468168733408,-1.1839330414661757,-1.1215044484222225,-0.7904246931560178,-0.29830209470859204,-1.1931085566160113,-1.6627404735414788,1.3245562640908652,-1.2848356567614319,0
-0.4661958888360746,-0.06556468168733408,-1.1839330414661757,-0.015620609228609717,-1.771690193941329,-0.055310876129146085,-1.1931085566160113,-1.6627404735414788,-0.5940304068114298,-0.948927250762735,0
-0.30993129292169125,-1.5684800212250773,1.12252363252126,-0.015620609228609717,0.5588153704237849,0.43067156102974796,-1.1931085566160113,0.6014167670256413,0.7489802628201767,0.3947063732320524,0
-1.4037834643223788,-0.06556468168733408,-0.030704704472457878,1.090263229965003,0.31349899522745717,-1.0272757504469332,0.8381467004446593,0.6014167670256413,-0.7858890739016593,-0.948927250762735,1
-0.4661958888360746,-0.06556468168733408,-0.030704704472457878,-0.015620609228609717,-0.9130828807541818,0.18768034245030202,0.8381467004446593,0.6014167670256413,-0.7858890739016593,0.8425842478969815,1
0.7839208784789949,1.4373506578504092,1.12252363252126,1.090263229965003,1.2947644960127682,1.159645216768088,0.8381467004446593,0.6014167670256413,1.3245562640908652,1.1784926538956784,1
-0.9349896765792275,-1.5684800212250773,1.12252363252126,1.090263229965003,1.2947644960127682,1.159645216768088,0.8381467004446593,0.6014167670256413,0.4611922621848325,1.4024315912281429,1
-0.30993129292169125,-0.06556468168733408,-0.030704704472457878,-0.015620609228609717,-0.1771337551651984,0.916653998188642,-1.1931085566160113,-1.6627404735414788,-1.3614650751723478,-0.948927250762735,0
0.7839208784789949,-1.5684800212250773,1.12252363252126,1.090263229965003,0.6814735580219489,1.159645216768088,0.8381467004446593,0.6014167670256413,1.3245562640908652,0.5066758418982846,1
0.0025978989070768233,1.4373506578504092,-0.030704704472457878,-1.1215044484222225,-0.5451083179596901,0.43067156102974796,0.8381467004446593,0.6014167670256413,0.8449095963652915,-0.2771104387653413,0
0.47139168665022824,-0.06556468168733408,1.12252363252126,-1.1215044484222225,1.2947644960127682,1.159645216768088,0.8381467004446593,0.6014167670256413,0.653050929275062,0.9545537165632137,1
0.7839208784789949,-0.06556468168733408,1.12252363252126,1.090263229965003,0.19084080762929329,1.159645216768088,0.8381467004446593,0.6014167670256413,0.5571215957299472,0.9545537165632137,1
-0.6224604847504593,-1.5684800212250773,-1.1839330414661757,-0.015620609228609717,-0.667766505557854,-0.5412933132880401,-1.1931085566160113,-1.6627404735414788,-0.4981010732663151,-0.2771104387653413,0
0.9401854743933811,-0.06556468168733408,1.12252363252126,1.090263229965003,1.0494481208164406,0.916653998188642,0.8381467004446593,0.6014167670256413,1.5164149311810948,0.618645310564517,1
-0.4661958888360746,-1.5684800212250773,-0.030704704472457878,-0.015620609228609717,-0.1771337551651984,0.18768034245030202,-1.1931085566160113,-1.6627404735414788,-0.5940304068114298,-0.948927250762735,0
0.15886249482146017,1.4373506578504092,1.12252363252126,-1.1215044484222225,-0.2997919427633623,1.159645216768088,0.8381467004446593,0.6014167670256413,0.9408389299104063,1.4024315912281429,0
1.2527146662221478,1.4373506578504092,1.12252363252126,1.090263229965003,0.8041317456201127,1.159645216768088,0.8381467004446593,0.6014167670256413,0.8449095963652915,1.4024315912281429,1
1.2527146662221478,-0.06556468168733408,-0.030704704472457878,1.090263229965003,1.2947644960127682,1.159645216768088,0.8381467004446593,0.6014167670256413,1.036768263455521,1.2904621225619106,1
-1.8725772520655304,-1.5684800212250773,-0.030704704472457878,-0.015620609228609717,-2.3849811319321486,-1.99924062476472,-1.1931085566160113,-1.6627404735414788,-1.3614650751723478,-0.16514097009910902,0
0.15886249482146017,-1.5684800212250773,-1.1839330414661757,-1.1215044484222225,-2.017006569137657,-0.29830209470859204,-1.1931085566160113,0.6014167670256413,-1.265535741627233,-0.5010493760978059,0
0.6276562825646116,-0.06556468168733408,1.12252363252126,1.090263229965003,1.2947644960127682,1.159645216768088,0.8381467004446593,0.6014167670256413,1.036768263455521,1.5144010598943751,1
-0.30993129292169125,-0.06556468168733408,-1.1839330414661757,-0.015620609228609717,-0.4224501303615262,-1.0272757504469332,-1.1931085566160113,0.6014167670256413,0.7489802628201767,-0.8369577820965027,0
-1.8725772520655304,-0.06556468168733408,-1.1839330414661757,-0.015620609228609717,0.6814735580219489,1.159645216768088,-1.1931085566160113,0.6014167670256413,-1.3614650751723478,-1.5087745940938964,0
1.2527146662221478,-0.06556468168733408,-0.030704704472457878,2.1961470691586156,0.06818262003112939,-0.055310876129146085,0.8381467004446593,0.6014167670256413,-1.3614650751723478,1.2904621225619106,0
0.15886249482146017,-0.06556468168733408,-0.030704704472457878,-1.1215044484222225,-1.1583992559505094,-1.2702669690263801,0.8381467004446593,0.6014167670256413,-0.9777477409918889,-0.6130188447640381,0
0.0025978989070768233,-0.06556468168733408,1.12252363252126,-1.1215044484222225,0.8041317456201127,-0.5412933132880401,0.8381467004446593,0.6014167670256413,0.7489802628201767,-1.8446830000925933,0
1.4089792621365311,-1.5684800212250773,1.12252363252126,1.090263229965003,-0.5451083179596901,-0.784284531867486,0.8381467004446593,0.6014167670256413,0.8449095963652915,1.0665231852294461,1
-1.8725772520655304,-0.06556468168733408,1.12252363252126,-0.015620609228609717,-1.1583992559505094,-0.29830209470859204,-1.1931085566160113,0.6014167670256413,-1.0736770745370037,-0.7249883134302705,0
0.0025978989070768233,-0.06556468168733408,1.12252363252126,1.090263229965003,-0.667766505557854,0.18768034245030202,0.8381467004446593,0.6014167670256413,-1.3614650751723478,1.1784926538956784,0
-1.8725772520655304,-0.06556468168733408,-1.1839330414661757,-0.015620609228609717,-1.2810574435486735,-0.29830209470859204,0.8381467004446593,-1.6627404735414788,0.07747492800437346,-0.6130188447640381,1
-0.4661958888360746,-0.06556468168733408,-1.1839330414661757,-0.015620609228609717,-1.526373818745001,-2.971205499082507,-1.1931085566160113,0.6014167670256413,-1.3614650751723478,-1.2848356567614319,0
-1.8725772520655304,-1.5684800212250773,-1.1839330414661757,-1.1215044484222225,-0.7904246931560178,-0.784284531867486,0.8381467004446593,0.6014167670256413,-0.11438373908585606,-0.8369577820965027,0
0.0025978989070768233,1.4373506578504092,1.12252363252126,1.090263229965003,1.2947644960127682,0.916653998188642,0.8381467004446593,0.6014167670256413,0.9408389299104063,1.5144010598943751,1
-1.8725772520655304,-0.06556468168733408,-1.1839330414661757,-0.015620609228609717,-0.4224501303615262,-0.5412933132880401,-1.1931085566160113,0.6014167670256413,-1.3614650751723478,-1.8446830000925933,0
-1.716312656151147,-0.06556468168733408,-0.030704704472457878,-1.1215044484222225,-0.1771337551651984,0.18768034245030202,-1.1931085566160113,-1.6627404735414788,-0.9777477409918889,-0.5010493760978059,0
-0.6224604847504593,-0.06556468168733408,-1.1839330414661757,-0.015620609228609717,-1.4037156311468373,-0.29830209470859204,-1.1931085566160113,-1.6627404735414788,-1.3614650751723478,-1.5087745940938964,0
0.6276562825646116,1.4373506578504092,1.12252363252126,1.090263229965003,1.2947644960127682,1.159645216768088,0.8381467004446593,0.6014167670256413,0.5571215957299472,1.0665231852294461,1
-1.8725772520655304,-0.06556468168733408,1.12252363252126,1.090263229965003,0.5588153704237849,0.673662779609194,-1.1931085566160113,0.6014167670256413,-1.3614650751723478,-0.3890799074315736,1
-1.4037834643223788,-1.5684800212250773,-0.030704704472457878,1.090263229965003,0.06818262003112939,0.43067156102974796,-1.1931085566160113,0.6014167670256413,-0.5940304068114298,-0.948927250762735,0
-1.8725772520655304,1.4373506578504092,-0.030704704472457878,-1.1215044484222225,-0.2997919427633623,-1.2702669690263801,-1.1931085566160113,-1.6627404735414788,-0.9777477409918889,-1.9566524687588256,1
-1.716312656151147,-1.5684800212250773,-1.1839330414661757,1.090263229965003,-0.0544755675670345,-0.29830209470859204,0.8381467004446593,-1.6627404735414788,-0.0184544055407413,1.0665231852294461,1
-0.4661958888360746,1.4373506578504092,1.12252363252126,-1.1215044484222225,-1.0357410683523456,1.159645216768088,0.8381467004446593,0.6014167670256413,1.6123442647262096,-0.16514097009910902,0
-0.6224604847504593,-1.5684800212250773,-1.1839330414661757,1.090263229965003,-0.667766505557854,-0.784284531867486,-1.1931085566160113,-1.6627404735414788,-0.0184544055407413,-0.16514097009910902,0
0.15886249482146017,1.4373506578504092,1.12252363252126,-0.015620609228609717,-0.7904246931560178,-0.055310876129146085,0.8381467004446593,0.6014167670256413,1.2286269305457505,0.8425842478969815,1
1.0964500703077644,-0.06556468168733408,-1.1839330414661757,1.090263229965003,1.2947644960127682,1.159645216768088,0.8381467004446593,0.6014167670256413,1.3245562640908652,1.2904621225619106,1
-0.6224604847504593,-0.06556468168733408,-1.1839330414661757,-1.1215044484222225,-0.5451083179596901,0.18768034245030202,-1.1931085566160113,-1.6627404735414788,-1.3614650751723478,-0.8369577820965027,0
0.0025978989070768233,-1.5684800212250773,-1.1839330414661757,-1.1215044484222225,-0.4224501303615262,-2.2422318433441673,-1.1931085566160113,-1.6627404735414788,-1.3614650751723478,-1.0608967194289673,0
-0.15366669700730792,-1.5684800212250773,-1.1839330414661757,-1.1215044484222225,-1.0357410683523456,-1.513258187605826,-1.1931085566160113,0.6014167670256413,-1.3614650751723478,-0.16514097009910902,0
-0.30993129292169125,-1.5684800212250773,-0.030704704472457878,-0.015620609228609717,-2.1396647567358205,0.43067156102974796,-1.1931085566160113,-1.6627404735414788,-1.3614650751723478,-1.0608967194289673,0
0.6276562825646116,-0.06556468168733408,1.12252363252126,-1.1215044484222225,0.06818262003112939,0.916653998188642,0.8381467004446593,0.6014167670256413,0.9408389299104063,1.0665231852294461,1
1.2527146662221478,-0.06556468168733408,-1.1839330414661757,-0.015620609228609717,-1.0357410683523456,-0.784284531867486,0.8381467004446593,0.6014167670256413,-0.9777477409918889,0.9545537165632137,0
-0.4661958888360746,-1.5684800212250773,-1.1839330414661757,-0.015620609228609717,-1.2810574435486735,-1.99924062476472,-1.1931085566160113,-1.6627404735414788,-0.0184544055407413,-1.2848356567614319,0
0.9401854743933811,-1.5684800212250773,1.12252363252126,-1.1215044484222225,0.5588153704237849,0.18768034245030202,0.8381467004446593,-1.6627404735414788,0.269333595094603,0.9545537165632137,1
-0.15366669700730792,-1.5684800212250773,-0.030704704472457878,-1.1215044484222225,0.5588153704237849,0.43067156102974796,0.8381467004446593,0.6014167670256413,-0.0184544055407413,1.2904621225619106,1
0.3151270907358449,1.4373506578504092,-0.030704704472457878,-1.1215044484222225,-0.667766505557854,0.18768034245030202,0.8381467004446593,0.6014167670256413,1.1326975970006357,-0.6130188447640381,0
-0.4661958888360746,-0.06556468168733408,1.12252363252126,-1.1215044484222225,0.8041317456201127,1.159645216768088,-1.1931085566160113,0.6014167670256413,0.07747492800437346,-0.16514097009910902,0
0.9401854743933811,1.4373506578504092,1.12252363252126,1.090263229965003,1.2947644960127682,0.916653998188642,0.8381467004446593,-1.6627404735414788,1.7082735982713242,1.4024315912281429,1
-1.8725772520655304,-0.06556468168733408,-1.1839330414661757,-1.1215044484222225,0.19084080762929329,-0.29830209470859204,-1.1931085566160113,0.6014167670256413,-0.21031307263097082,-1.0608967194289673,0
0.7839208784789949,1.4373506578504092,1.12252363252126,1.090263229965003,1.2947644960127682,1.159645216768088,0.8381467004446593,0.6014167670256413,0.9408389299104063,1.2904621225619106,1
1.0964500703077644,1.4373506578504092,1.12252363252126,1.090263229965003,1.1721063084146044,0.673662779609194,0.8381467004446593,0.6014167670256413,0.4611922621848325,1.2904621225619106,1
-1.8725772520655304,-0.06556468168733408,-1.1839330414661757,-0.015620609228609717,-0.2997919427633623,-0.5412933132880401,0.8381467004446593,0.6014167670256413,0.269333595094603,-0.8369577820965027,0
0.0025978989070768233,-0.06556468168733408,-1.1839330414661757,-1.1215044484222225,1.0494481208164406,0.916653998188642,-1.1931085566160113,0.6014167670256413,-1.3614650751723478,-1.5087745940938964,0
0.47139168665022824,-1.5684800212250773,-1.1839330414661757,-0.015620609228609717,0.9267899332182766,-1.2702669690263801,-1.1931085566160113,0.6014167670256413,-1.3614650751723478,-0.3890799074315736,0
0.6276562825646116,1.4373506578504092,1.12252363252126,1.090263229965003,1.2947644960127682,1.159645216768088,0.8381467004446593,0.6014167670256413,0.5571215957299472,1.2904621225619106,1
-0.30993129292169125,-0.06556468168733408,-1.1839330414661757,-0.015620609228609717,-0.7904246931560178,-0.5412933132880401,-1.1931085566160113,0.6014167670256413,-1.3614650751723478,0.058797967233355536,0
-1.5600480602367621,1.4373506578504092,-1.1839330414661757,-0.015620609228609717,-1.2810574435486735,-1.2702669690263801,-1.1931085566160113,0.6014167670256413,-0.6899597403565446,-1.5087745940938964,0
-0.9349896765792275,-0.06556468168733408,-0.030704704472457878,-1.1215044484222225,0.9267899332182766,-0.29830209470859204,0.8381467004446593,0.6014167670256413,-0.0184544055407413,-0.2771104387653413,1
1.2527146662221478,1.4373506578504092,1.12252363252126,-1.1215044484222225,0.6814735580219489,0.916653998188642,0.8381467004446593,0.6014167670256413,0.3652629286397177,1.1784926538956784,0
0.6276562825646116,-0.06556468168733408,-0.030704704472457878,-0.015620609228609717,-0.2997919427633623,0.18768034245030202,-1.1931085566160113,0.6014167670256413,-1.3614650751723478,-0.7249883134302705,0
-1.716312656151147,-0.06556468168733408,1.12252363252126,1.090263229965003,1.2947644960127682,-0.055310876129146085,0.8381467004446593,0.6014167670256413,1.2286269305457505,0.618645310564517,1
0.9401854743933811,1.4373506578504092,1.12252363252126,1.090263229965003,1.2947644960127682,0.916653998188642,0.8381467004446593,0.6014167670256413,1.036768263455521,0.9545537165632137,1
-1.4037834643223788,-0.06556468168733408,-1.1839330414661757,-0.015620609228609717,-0.1771337551651984,-0.5412933132880401,-1.1931085566160113,-1.6627404735414788,0.3652629286397177,-0.2771104387653413,0
-0.30993129292169125,-1.5684800212250773,-1.1839330414661757,-1.1215044484222225,-1.6490320063431652,-1.99924062476472,-1.1931085566160113,-1.6627404735414788,-0.8818184074467741,-0.16514097009910902,0
0.15886249482146017,-0.06556468168733408,1.12252363252126,1.090263229965003,1.2947644960127682,1.159645216768088,0.8381467004446593,-1.6627404735414788,0.9408389299104063,0.2827369045658201,0
1.2527146662221478,1.4373506578504092,-0.030704704472457878,1.090263229965003,0.31349899522745717,0.43067156102974796,0.8381467004446593,0.6014167670256413,-1.3614650751723478,0.7306147792307492,0
-0.6224604847504593,-0.06556468168733408,1.12252363252126,-1.1215044484222225,1.2947644960127682,0.916653998188642,0.8381467004446593,0.6014167670256413,0.653050929275062,1.5144010598943751,0
0.0025978989070768233,-0.06556468168733408,-1.1839330414661757,-1.1215044484222225,-1.1583992559505094,1.159645216768088,0.8381467004446593,0.6014167670256413,-1.3614650751723478,-0.16514097009910902,0
-0.6224604847504593,-0.06556468168733408,-0.030704704472457878,-1.1215044484222225,0.06818262003112939,-0.5412933132880401,-1.1931085566160113,0.6014167670256413,-1.3614650751723478,-0.6130188447640381,0
0.3151270907358449,1.4373506578504092,1.12252363252126,1.090263229965003,1.2947644960127682,1.159645216768088,0.8381467004446593,0.6014167670256413,1.1326975970006357,1.4024315912281429,1
-0.15366669700730792,-0.06556468168733408,-1.1839330414661757,-1.1215044484222225,-1.0357410683523456,-0.5412933132880401,-1.1931085566160113,0.6014167670256413,-1.0736770745370037,-1.732713531426361,0
0.9401854743933811,-1.5684800212250773,-0.030704704472457878,1.090263229965003,-0.2997919427633623,-1.2702669690263801,0.8381467004446593,0.6014167670256413,-1.3614650751723478,-0.05317150143287675,0
0.7839208784789949,1.4373506578504092,1.12252363252126,-0.015620609228609717,1.2947644960127682,0.916653998188642,0.8381467004446593,0.6014167670256413,0.9408389299104063,1.1784926538956784,1
0.47139168665022824,1.4373506578504092,1.12252363252126,1.090263229965003,1.2947644960127682,0.673662779609194,0.8381467004446593,0.6014167670256413,1.1326975970006357,1.5144010598943751,1
-1.8725772520655304,-1.5684800212250773,-1.1839330414661757,-0.015620609228609717,-1.4037156311468373,-1.99924062476472,-1.1931085566160113,0.6014167670256413,-0.6899597403565446,-0.6130188447640381,0
0.0025978989070768233,1.4373506578504092,-1.1839330414661757,-1.1215044484222225,0.06818262003112939,-1.2702669690263801,-1.1931085566160113,0.6014167670256413,-1.3614650751723478,-1.1728661880951996,1
0.9401854743933811,1.4373506578504092,-1.1839330414661757,1.090263229965003,0.5588153704237849,1.159645216768088,0.8381467004446593,0.6014167670256413,-0.0184544055407413,1.1784926538956784,1
1.0964500703077644,-1.5684800212250773,1.12252363252126,1.090263229965003,0.9267899332182766,1.159645216768088,0.8381467004446593,-1.6627404735414788,1.2286269305457505,0.058797967233355536,1
-0.15366669700730792,-0.06556468168733408,-0.030704704472457878,-1.1215044484222225,-0.667766505557854,-2.2422318433441673,-1.1931085566160113,0.6014167670256413,-1.1696064080821185,-1.9566524687588256,0
0.0025978989070768233,-1.5684800212250773,-1.1839330414661757,-0.015620609228609717,-0.1771337551651984,-0.5412933132880401,-1.1931085566160113,-1.6627404735414788,-1.0736770745370037,0.058797967233355536,0
-0.7787250806648427,-0.06556468168733408,-1.1839330414661757,-1.1215044484222225,-0.9130828807541818,-0.5412933132880401,-1.1931085566160113,0.6014167670256413,-1.3614650751723478,-0.16514097009910902,0
1.0964500703077644,-1.5684800212250773,1.12252363252126,-1.1215044484222225,-0.2997919427633623,0.673662779609194,0.8381467004446593,0.6014167670256413,0.9408389299104063,1.0665231852294461,1
-1.8725772520655304,-0.06556468168733408,-1.1839330414661757,-1.1215044484222225,-2.017006569137657,0.43067156102974796,-1.1931085566160113,0.6014167670256413,-1.1696064080821185,-0.7249883134302705,0
-0.7787250806648427,-0.06556468168733408,1.12252363252126,1.090263229965003,0.19084080762929329,1.159645216768088,-1.1931085566160113,0.6014167670256413,1.3245562640908652,1.0665231852294461,1
0.3151270907358449,-1.5684800212250773,1.12252363252126,1.090263229965003,1.0494481208164406,0.673662779609194,0.8381467004446593,0.6014167670256413,0.07747492800437346,0.618645310564517,0
0.3151270907358449,1.4373506578504092,1.12252363252126,1.090263229965003,0.8041317456201127,0.916653998188642,0.8381467004446593,0.6014167670256413,-0.0184544055407413,0.8425842478969815,1
-1.716312656151147,-0.06556468168733408,-1.1839330414661757,-1.1215044484222225,1.2947644960127682,-1.0272757504469332,-1.1931085566160113,0.6014167670256413,-1.3614650751723478,-0.948927250762735,0
-0.4661958888360746,-0.06556468168733408,-1.1839330414661757,-1.1215044484222225,-0.667766505557854,-0.784284531867486,-1.1931085566160113,0.6014167670256413,-1.3614650751723478,-1.5087745940938964,0
-0.6224604847504593,-0.06556468168733408,-0.030704704472457878,-0.015620609228609717,0.43615718282562105,-2.7282142805030603,-1.1931085566160113,0.6014167670256413,-0.11438373908585606,-0.3890799074315736,0
0.9401854743933811,1.4373506578504092,1.12252363252126,2.1961470691586156,1.2947644960127682,1.159645216768088,0.8381467004446593,0.6014167670256413,0.653050929275062,0.2827369045658201,1
-1.716312656151147,1.4373506578504092,1.12252363252126,-1.1215044484222225,-0.2997919427633623,0.18768034245030202,0.8381467004446593,0.6014167670256413,0.8449095963652915,0.17076743589958782,1
0.7839208784789949,1.4373506578504092,1.12252363252126,1.090263229965003,0.19084080762929329,1.159645216768088,0.8381467004446593,-1.6627404735414788,1.036768263455521,0.5066758418982846,1
-0.15366669700730792,-0.06556468168733408,1.12252363252126,-1.1215044484222225,0.31349899522745717,0.43067156102974796,-1.1931085566160113,0.6014167670256413,-1.265535741627233,-0.2771104387653413,0
0.6276562825646116,-1.5684800212250773,-1.1839330414661757,-1.1215044484222225,-1.1583992559505094,-1.7562494061852731,0.8381467004446593,0.6014167670256413,-0.4021717397212003,-1.2848356567614319,0
1.0964500703077644,-0.06556468168733408,1.12252363252126,-1.1215044484222225,-0.7904246931560178,0.673662779609194,0.8381467004446593,0.6014167670256413,1.6123442647262096,0.9545537165632137,0
-1.8725772520655304,-0.06556468168733408,-0.030704704472457878,1.090263229965003,-1.1583992559505094,-0.5412933132880401,-1.1931085566160113,-1.6627404735414788,-0.11438373908585606,-0.7249883134302705,0
-0.6224604847504593,-0.06556468168733408,-1.1839330414661757,-1.1215044484222225,-0.4224501303615262,0.18768034245030202,-1.1931085566160113,0.6014167670256413,-0.6899597403565446,-0.5010493760978059,0
-1.5600480602367621,-0.06556468168733408,-1.1839330414661757,-0.015620609228609717,-0.5451083179596901,-1.2702669690263801,-1.1931085566160113,-1.6627404735414788,-0.4021717397212003,-0.3890799074315736,0
-1.8725772520655304,-1.5684800212250773,-1.1839330414661757,-0.015620609228609717,-1.1583992559505094,-1.7562494061852731,-1.1931085566160113,-1.6627404735414788,-1.1696064080821185,-0.7249883134302705,0
1.2527146662221478,1.4373506578504092,1.12252363252126,-0.015620609228609717,1.2947644960127682,0.916653998188642,0.8381467004446593,0.6014167670256413,0.5571215957299472,1.5144010598943751,1
-0.4661958888360746,-1.5684800212250773,-0.030704704472457878,-1.1215044484222225,-0.4224501303615262,-1.2702669690263801,-1.1931085566160113,0.6014167670256413,-0.30624240617608556,-0.5010493760978059,0
-0.30993129292169125,-0.06556468168733408,-0.030704704472457878,-1.1215044484222225,-2.017006569137657,-2.2422318433441673,-1.1931085566160113,0.6014167670256413,-1.3614650751723478,-0.7249883134302705,0
1.0964500703077644,-1.5684800212250773,-0.030704704472457878,2.1961470691586156,0.5588153704237849,0.18768034245030202,0.8381467004446593,0.6014167670256413,-1.3614650751723478,0.8425842478969815,1
-0.15366669700730792,-0.06556468168733408,-1.1839330414661757,-0.015620609228609717,-0.5451083179596901,-1.0272757504469332,-1.1931085566160113,0.6014167670256413,-0.6899597403565446,-0.5010493760978059,0
-1.8725772520655304,-0.06556468168733408,-1.1839330414661757,-0.015620609228609717,0.43615718282562105,-0.29830209470859204,-1.1931085566160113,-1.6627404735414788,-1.0736770745370037,0.17076743589958782,0
-1.716312656151147,-0.06556468168733408,-1.1839330414661757,-1.1215044484222225,-2.017006569137657,-1.513258187605826,-1.1931085566160113,-1.6627404735414788,-0.9777477409918889,-0.5010493760978059,0
1.4089792621365311,-0.06556468168733408,1.12252363252126,2.1961470691586156,0.5588153704237849,0.43067156102974796,0.8381467004446593,0.6014167670256413,0.3652629286397177,1.1784926538956784,1
-0.4661958888360746,-0.06556468168733408,-0.030704704472457878,-1.1215044484222225,-0.4224501303615262,0.18768034245030202,0.8381467004446593,0.6014167670256413,-1.3614650751723478,-0.16514097009910902,0
0.3151270907358449,-0.06556468168733408,-0.030704704472457878,-1.1215044484222225,0.43615718282562105,0.43067156102974796,-1.1931085566160113,0.6014167670256413,0.8449095963652915,0.058797967233355536,1
0.9401854743933811,-0.06556468168733408,1.12252363252126,1.090263229965003,1.2947644960127682,1.159645216768088,0.8381467004446593,0.6014167670256413,1.804202931816439,-0.16514097009910902,1
0.47139168665022824,1.4373506578504092,1.12252363252126,1.090263229965003,0.9267899332182766,-1.513258187605826,0.8381467004446593,0.6014167670256413,0.269333595094603,0.9545537165632137,1
-0.15366669700730792,-0.06556468168733408,-1.1839330414661757,-0.015620609228609717,-1.4037156311468373,-0.5412933132880401,-1.1931085566160113,-1.6627404735414788,-1.3614650751723478,-0.3890799074315736,0
0.15886249482146017,-0.06556468168733408,-1.1839330414661757,-1.1215044484222225,-0.1771337551651984,0.18768034245030202,0.8381467004446593,-1.6627404735414788,-1.265535741627233,-0.948927250762735,0
0.9401854743933811,-0.06556468168733408,1.12252363252126,-1.1215044484222225,0.43615718282562105,0.916653998188642,-1.1931085566160113,-1.6627404735414788,-0.5940304068114298,0.7306147792307492,0
0.7839208784789949,1.4373506578504092,1.12252363252126,1.090263229965003,0.9267899332182766,1.159645216768088,0.8381467004446593,0.6014167670256413,1.7082735982713242,1.5144010598943751,1
1.8777730498796839,1.4373506578504092,1.12252363252126,1.090263229965003,1.2947644960127682,1.159645216768088,0.8381467004446593,0.6014167670256413,1.2286269305457505,1.5144010598943751,1
-0.4661958888360746,-1.5684800212250773,-0.030704704472457878,-1.1215044484222225,-0.9130828807541818,-1.99924062476472,-1.1931085566160113,0.6014167670256413,-0.21031307263097082,-0.948927250762735,0
-0.30993129292169125,-0.06556468168733408,-0.030704704472457878,-0.015620609228609717,0.06818262003112939,-0.784284531867486,-1.1931085566160113,0.6014167670256413,-1.3614650751723478,-1.0608967194289673,0
-0.6224604847504593,-0.06556468168733408,-0.030704704472457878,-1.1215044484222225,-0.667766505557854,-1.7562494061852731,-1.1931085566160113,0.6014167670256413,0.7489802628201767,-1.2848356567614319,0
-1.8725772520655304,-0.06556468168733408,-1.1839330414661757,-1.1215044484222225,-1.2810574435486735,-2.2422318433441673,-1.1931085566160113,-1.6627404735414788,-0.30624240617608556,-0.948927250762735,0
1.0964500703077644,1.4373506578504092,-1.1839330414661757,1.090263229965003,-0.4224501303615262,-0.5412933132880401,-1.1931085566160113,-1.6627404735414788,-1.265535741627233,-1.2848356567614319,0
0.0025978989070768233,-0.06556468168733408,-1.1839330414661757,-1.1215044484222225,-0.1771337551651984,-2.7282142805030603,-1.1931085566160113,-1.6627404735414788,-1.3614650751723478,-1.732713531426361,0
0.0025978989070768233,-0.06556468168733408,1.12252363252126,1.090263229965003,1.2947644960127682,0.673662779609194,-1.1931085566160113,0.6014167670256413,1.1326975970006357,0.5066758418982846,1
-1.716312656151147,-1.5684800212250773,-0.030704704472457878,-1.1215044484222225,-0.7904246931560178,1.159645216768088,0.8381467004446593,0.6014167670256413,0.269333595094603,-1.0608967194289673,0
0.3151270907358449,1.4373506578504092,1.12252363252126,2.1961470691586156,0.31349899522745717,0.673662779609194,0.8381467004446593,0.6014167670256413,1.3245562640908652,1.2904621225619106,1
-1.0912542724936107,-0.06556468168733408,1.12252363252126,-1.1215044484222225,0.31349899522745717,0.673662779609194,-1.1931085566160113,0.6014167670256413,0.1734042615494882,-0.2771104387653413,0
-1.8725772520655304,-0.06556468168733408,-1.1839330414661757,-1.1215044484222225,-1.526373818745001,-1.2702669690263801,-1.1931085566160113,-1.6627404735414788,-1.265535741627233,-1.1728661880951996,0
-1.0912542724936107,-0.06556468168733408,-0.030704704472457878,-1.1215044484222225,0.19084080762929329,0.43067156102974796,-1.1931085566160113,0.6014167670256413,1.1326975970006357,-1.5087745940938964,0
-1.5600480602367621,-0.06556468168733408,-0.030704704472457878,-0.015620609228609717,0.19084080762929329,0.43067156102974796,0.8381467004446593,0.6014167670256413,0.1734042615494882,0.9545537165632137,1
0.0025978989070768233,-0.06556468168733408,-0.030704704472457878,-1.1215044484222225,0.43615718282562105,-0.784284531867486,0.8381467004446593,0.6014167670256413,-0.11438373908585606,-0.6130188447640381,0
-0.4661958888360746,-0.06556468168733408,-0.030704704472457878,-0.015620609228609717,0.19084080762929329,-0.29830209470859204,-1.1931085566160113,0.6014167670256413,-1.265535741627233,-0.16514097009910902,0
-0.15366669700730792,-1.5684800212250773,-0.030704704472457878,1.090263229965003,-0.1771337551651984,0.18768034245030202,0.8381467004446593,0.6014167670256413,1.036768263455521,-0.3890799074315736,0
0.15886249482146017,1.4373506578504092,1.12252363252126,1.090263229965003,1.0494481208164406,0.43067156102974796,0.8381467004446593,0.6014167670256413,0.1734042615494882,1.1784926538956784,1
1.5652438580509145,-0.06556468168733408,-0.030704704472457878,-1.1215044484222225,-1.2810574435486735,0.673662779609194,0.8381467004446593,0.6014167670256413,-0.4021717397212003,0.7306147792307492,1
0.6276562825646116,-0.06556468168733408,-0.030704704472457878,-1.1215044484222225,-0.0544755675670345,-0.5412933132880401,0.8381467004446593,0.6014167670256413,1.5164149311810948,-0.7249883134302705,1
-0.15366669700730792,-0.06556468168733408,1.12252363252126,1.090263229965003,0.19084080762929329,1.159645216768088,0.8381467004446593,0.6014167670256413,0.8449095963652915,1.4024315912281429,1
-1.4037834643223788,-0.06556468168733408,-0.030704704472457878,-1.1215044484222225,-1.526373818745001,1.159645216768088,-1.1931085566160113,-1.6627404735414788,-1.3614650751723478,-0.16514097009910902,0
-1.5600480602367621,-0.06556468168733408,-0.030704704472457878,-0.015620609228609717,-1.4037156311468373,-0.055310876129146085,-1.1931085566160113,0.6014167670256413,-1.265535741627233,-0.7249883134302705,0
-0.30993129292169125,-0.06556468168733408,-1.1839330414661757,-1.1215044484222225,-1.2810574435486735,-0.055310876129146085,-1.1931085566160113,-1.6627404735414788,-0.6899597403565446,-1.396805125427664,0
1.0964500703077644,-0.06556468168733408,1.12252363252126,1.090263229965003,1.2947644960127682,0.916653998188642,0.8381467004446593,0.6014167670256413,0.9408389299104063,1.5144010598943751,1
1.0964500703077644,1.4373506578504092,-0.030704704472457878,-1.1215044484222225,0.5588153704237849,-1.0272757504469332,0.8381467004446593,0.6014167670256413,0.653050929275062,-0.7249883134302705,0
-0.15366669700730792,-0.06556468168733408,1.12252363252126,-1.1215044484222225,0.31349899522745717,-0.055310876129146085,-1.1931085566160113,0.6014167670256413,0.3652629286397177,1.4024315912281429,0
-0.6224604847504593,-0.06556468168733408,-1.1839330414661757,-0.015620609228609717,-0.1771337551651984,-0.29830209470859204,0.8381467004446593,0.6014167670256413,-0.0184544055407413,-0.2771104387653413,0
-1.247518868407994,-0.06556468168733408,-1.1839330414661757,-0.015620609228609717,0.5588153704237849,0.916653998188642,0.8381467004446593,-1.6627404735414788,-1.3614650751723478,-0.16514097009910902,0
0.15886249482146017,-0.06556468168733408,-0.030704704472457878,-0.015620609228609717,-1.4037156311468373,-1.0272757504469332,-1.1931085566160113,-1.6627404735414788,-0.7858890739016593,-1.2848356567614319,0
1.5652438580509145,1.4373506578504092,1.12252363252126,-1.1215044484222225,1.2947644960127682,1.159645216768088,0.8381467004446593,-1.6627404735414788,0.653050929275062,0.3947063732320524,1
0.7839208784789949,-0.06556468168733408,1.12252363252126,-1.1215044484222225,1.2947644960127682,0.916653998188642,0.8381467004446593,0.6014167670256413,-1.3614650751723478,-0.5010493760978059,1
-0.4661958888360746,-0.06556468168733408,-1.1839330414661757,-1.1215044484222225,0.06818262003112939,-0.5412933132880401,-1.1931085566160113,0.6014167670256413,0.5571215957299472,-0.7249883134302705,0
1.2527146662221478,-0.06556468168733408,-1.1839330414661757,-0.015620609228609717,0.19084080762929329,0.916653998188642,0.8381467004446593,0.6014167670256413,0.7489802628201767,-1.732713531426361,1
-0.15366669700730792,-0.06556468168733408,-1.1839330414661757,-0.015620609228609717,-1.1583992559505094,-1.7562494061852731,0.8381467004446593,0.6014167670256413,-1.3614650751723478,-0.05317150143287675,1
0.3151270907358449,-1.5684800212250773,1.12252363252126,1.090263229965003,0.43615718282562105,1.159645216768088,0.8381467004446593,0.6014167670256413,0.3652629286397177,0.5066758418982846,1
0.15886249482146017,-0.06556468168733408,1.12252363252126,1.090263229965003,1.0494481208164406,-0.055310876129146085,0.8381467004446593,0.6014167670256413,1.42048559763598,1.2904621225619106,1
0.9401854743933811,-0.06556468168733408,-0.030704704472457878,-1.1215044484222225,-0.9130828807541818,-1.0272757504469332,0.8381467004446593,0.6014167670256413,0.4611922621848325,0.5066758418982846,1
-1.247518868407994,-1.5684800212250773,-1.1839330414661757,-1.1215044484222225,-0.2997919427633623,-1.513258187605826,-1.1931085566160113,0.6014167670256413,-1.3614650751723478,-0.948927250762735,0
-0.30993129292169125,-0.06556468168733408,-1.1839330414661757,-0.015620609228609717,-1.526373818745001,-1.2702669690263801,-1.1931085566160113,-1.6627404735414788,-0.9777477409918889,-1.2848356567614319,0
-0.15366669700730792,-1.5684800212250773,1.12252363252126,2.1961470691586156,-0.5451083179596901,-0.055310876129146085,0.8381467004446593,0.6014167670256413,1.2286269305457505,1.4024315912281429,1
-0.30993129292169125,-1.5684800212250773,-1.1839330414661757,1.090263229965003,0.19084080762929329,-0.5412933132880401,0.8381467004446593,0.6014167670256413,1.42048559763598,0.7306147792307492,0
-1.5600480602367621,1.4373506578504092,-1.1839330414661757,-0.015620609228609717,-0.5451083179596901,0.673662779609194,-1.1931085566160113,-1.6627404735414788,-0.7858890739016593,-0.8369577820965027,0
0.9401854743933811,-0.06556468168733408,-0.030704704472457878,-0.015620609228609717,-0.4224501303615262,-0.29830209470859204,0.8381467004446593,0.6014167670256413,0.8449095963652915,0.618645310564517,0
0.9401854743933811,-0.06556468168733408,-0.030704704472457878,1.090263229965003,0.6814735580219489,0.673662779609194,0.8381467004446593,0.6014167670256413,0.5571215957299472,0.7306147792307492,1
0.6276562825646116,1.4373506578504092,1.12252363252126,-0.015620609228609717,-0.5451083179596901,1.159645216768088,0.8381467004446593,0.6014167670256413,-0.9777477409918889,-0.2771104387653413,0
0.7839208784789949,1.4373506578504092,1.12252363252126,1.090263229965003,1.2947644960127682,1.159645216768088,0.8381467004446593,0.6014167670256413,1.42048559763598,1.1784926538956784,1
-0.4661958888360746,-0.06556468168733408,-0.030704704472457878,-1.1215044484222225,0.9267899332182766,-1.99924062476472,-1.1931085566160113,0.6014167670256413,-0.7858890739016593,-0.8369577820965027,0
-0.15366669700730792,-1.5684800212250773,-0.030704704472457878,-1.1215044484222225,0.43615718282562105,-0.29830209470859204,-1.1931085566160113,0.6014167670256413,-1.3614650751723478,-0.5010493760978059,0
0.9401854743933811,-1.5684800212250773,-1.1839330414661757,1.090263229965003,0.6814735580219489,0.916653998188642,0.8381467004446593,0.6014167670256413,1.3245562640908652,-0.7249883134302705,1
0.7839208784789949,-0.06556468168733408,1.12252363252126,-0.015620609228609717,0.06818262003112939,1.159645216768088,0.8381467004446593,0.6014167670256413,0.269333595094603,0.8425842478969815,1
1.0964500703077644,-1.5684800212250773,1.12252363252126,1.090263229965003,1.2947644960127682,1.159645216768088,0.8381467004446593,-1.6627404735414788,1.036768263455521,0.8425842478969815,1
0.0025978989070768233,-0.06556468168733408,-1.1839330414661757,-0.015620609228609717,-2.2623229443339845,-1.0272757504469332,-1.1931085566160113,-1.6627404735414788,-0.11438373908585606,-1.5087745940938964,0
-1.8725772520655304,-1.5684800212250773,-1.1839330414661757,-1.1215044484222225,-0.2997919427633623,-0.5412933132880401,-1.1931085566160113,-1.6627404735414788,-1.3614650751723478,-0.8369577820965027,0
-1.247518868407994,-0.06556468168733408,1.12252363252126,-0.015620609228609717,-0.0544755675670345,-0.29830209470859204,0.8381467004446593,0.6014167670256413,0.3652629286397177,-0.3890799074315736,0
-0.4661958888360746,-0.06556468168733408,-1.1839330414661757,-1.1215044484222225,-1.0357410683523456,-1.0272757504469332,-1.1931085566160113,-1.6627404735414788,-1.1696064080821185,-0.2771104387653413,0
-1.8725772520655304,-0.06556468168733408,1.12252363252126,-1.1215044484222225,-1.8943483815394928,0.673662779609194,-1.1931085566160113,-1.6627404735414788,0.1734042615494882,-1.1728661880951996,0
0.0025978989070768233,-0.06556468168733408,1.12252363252126,1.090263229965003,0.9267899332182766,0.43067156102974796,0.8381467004446593,0.6014167670256413,1.2286269305457505,0.7306147792307492,1
-1.716312656151147,-0.06556468168733408,-1.1839330414661757,-1.1215044484222225,-0.7904246931560178,-2.971205499082507,-1.1931085566160113,-1.6627404735414788,-1.0736770745370037,-1.5087745940938964,0
-0.15366669700730792,-0.06556468168733408,-0.030704704472457878,-0.015620609228609717,-0.1771337551651984,-0.055310876129146085,-1.1931085566160113,0.6014167670256413,-0.8818184074467741,-0.3890799074315736,0
-1.247518868407994,-0.06556468168733408,-1.1839330414661757,-0.015620609228609717,-1.8943483815394928,-0.5412933132880401,-1.1931085566160113,-1.6627404735414788,-0.4981010732663151,-0.948927250762735,0
-0.30993129292169125,-0.06556468168733408,-0.030704704472457878,-1.1215044484222225,-0.1771337551651984,-1.0272757504469332,0.8381467004446593,0.6014167670256413,1.7082735982713242,0.17076743589958782,0
0.0025978989070768233,-0.06556468168733408,-0.030704704472457878,-0.015620609228609717,-0.667766505557854,0.673662779609194,0.8381467004446593,0.6014167670256413,-0.4981010732663151,-1.9566524687588256,1
0.6276562825646116,-0.06556468168733408,1.12252363252126,1.090263229965003,1.1721063084146044,0.673662779609194,0.8381467004446593,0.6014167670256413,0.5571215957299472,0.618645310564517,1
-0.6224604847504593,-0.06556468168733408,-1.1839330414661757,-0.015620609228609717,0.43615718282562105,-1.0272757504469332,0.8381467004446593,-1.6627404735414788,-0.21031307263097082,-0.5010493760978059,0
-0.30993129292169125,-0.06556468168733408,-1.1839330414661757,-0.015620609228609717,-0.1771337551651984,-0.29830209470859204,-1.1931085566160113,0.6014167670256413,-0.9777477409918889,-0.2771104387653413,0
-1.8725772520655304,-1.5684800212250773,1.12252363252126,-1.1215044484222225,1.0494481208164406,1.159645216768088,0.8381467004446593,0.6014167670256413,1.5164149311810948,1.0665231852294461,1
0.47139168665022824,1.4373506578504092,1.12252363252126,2.1961470691586156,1.2947644960127682,0.673662779609194,0.8381467004446593,0.6014167670256413,1.42048559763598,0.7306147792307492,1
-0.4661958888360746,-0.06556468168733408,-1.1839330414661757,-1.1215044484222225,-1.4037156311468373,0.18768034245030202,-1.1931085566160113,-1.6627404735414788,-1.265535741627233,-1.1728661880951996,0
0.15886249482146017,-0.06556468168733408,-1.1839330414661757,-1.1215044484222225,-1.6490320063431652,0.673662779609194,-1.1931085566160113,-1.6627404735414788,-1.0736770745370037,0.618645310564517,0
1.4089792621365311,-0.06556468168733408,1.12252363252126,1.090263229965003,1.2947644960127682,1.159645216768088,0.8381467004446593,0.6014167670256413,0.4611922621848325,1.0665231852294461,1
0.0025978989070768233,-1.5684800212250773,-1.1839330414661757,-0.015620609228609717,-0.4224501303615262,-1.0272757504469332,-1.1931085566160113,-1.6627404735414788,-1.0736770745370037,-0.948927250762735,0
0.0025978989070768233,-1.5684800212250773,-1.1839330414661757,-1.1215044484222225,-1.771690193941329,-1.0272757504469332,-1.1931085566160113,-1.6627404735414788,0.4611922621848325,-0.6130188447640381,0
-0.4661958888360746,-0.06556468168733408,1.12252363252126,-0.015620609228609717,-0.1771337551651984,-0.055310876129146085,-1.1931085566160113,0.6014167670256413,0.1734042615494882,-1.396805125427664,0
1.0964500703077644,1.4373506578504092,1.12252363252126,1.090263229965003,1.1721063084146044,1.159645216768088,0.8381467004446593,0.6014167670256413,1.7082735982713242,0.9545537165632137,1
0.47139168665022824,1.4373506578504092,-1.1839330414661757,1.090263229965003,1.2947644960127682,0.673662779609194,0.8381467004446593,0.6014167670256413,1.7082735982713242,1.1784926538956784,0
0.9401854743933811,1.4373506578504092,-0.030704704472457878,-0.015620609228609717,0.19084080762929329,-0.055310876129146085,0.8381467004446593,0.6014167670256413,0.3652629286397177,-0.2771104387653413,0
0.7839208784789949,1.4373506578504092,1.12252363252126,1.090263229965003,1.2947644960127682,1.159645216768088,0.8381467004446593,0.6014167670256413,0.3652629286397177,1.5144010598943751,1
1.7215084539653005,-0.06556468168733408,-0.030704704472457878,-1.1215044484222225,-0.4224501303615262,-0.29830209470859204,0.8381467004446593,-1.6627404735414788,-0.7858890739016593,-0.8369577820965027,0
1.4089792621365311,1.4373506578504092,1.12252363252126,1.090263229965003,0.5588153704237849,1.159645216768088,0.8381467004446593,0.6014167670256413,0.9408389299104063,1.4024315912281429,1
0.7839208784789949,-1.5684800212250773,1.12252363252126,-1.1215044484222225,0.19084080762929329,-0.29830209470859204,0.8381467004446593,0.6014167670256413,-0.11438373908585606,1.1784926538956784,1
-0.6224604847504593,-0.06556468168733408,-1.1839330414661757,-0.015620609228609717,-2.3849811319321486,0.673662779609194,-1.1931085566160113,0.6014167670256413,-1.3614650751723478,-1.5087745940938964,0
0.7839208784789949,1.4373506578504092,1.12252363252126,-1.1215044484222225,0.9267899332182766,0.916653998188642,0.8381467004446593,0.6014167670256413,1.3245562640908652,1.5144010598943751,1
0.9401854743933811,1.4373506578504092,1.12252363252126,1.090263229965003,1.2947644960127682,0.916653998188642,0.8381467004446593,0.6014167670256413,1.2286269305457505,0.9545537165632137,0
-1.247518868407994,-1.5684800212250773,-0.030704704472457878,-1.1215044484222225,-1.0357410683523456,-0.784284531867486,-1.1931085566160113,0.6014167670256413,-1.3614650751723478,-0.3890799074315736,0
-0.30993129292169125,-0.06556468168733408,-1.1839330414661757,-1.1215044484222225,-1.0357410683523456,-0.055310876129146085,-1.1931085566160113,-1.6627404735414788,-1.1696064080821185,0.3947063732320524,1
1.0964500703077644,-0.06556468168733408,1.12252363252126,-1.1215044484222225,-0.5451083179596901,0.673662779609194,0.8381467004446593,0.6014167670256413,1.1326975970006357,1.0665231852294461,0
-0.30993129292169125,1.4373506578504092,-1.1839330414661757,-1.1215044484222225,-1.1583992559505094,0.673662779609194,0.8381467004446593,-1.6627404735414788,0.3652629286397177,0.5066758418982846,0
0.9401854743933811,-0.06556468168733408,1.12252363252126,-0.015620609228609717,1.2947644960127682,1.159645216768088,0.8381467004446593,0.6014167670256413,0.1734042615494882,1.0665231852294461,0
-0.15366669700730792,-1.5684800212250773,1.12252363252126,1.090263229965003,0.43615718282562105,1.159645216768088,-1.1931085566160113,0.6014167670256413,0.653050929275062,-0.3890799074315736,1
-1.4037834643223788,-0.06556468168733408,-0.030704704472457878,-0.015620609228609717,-0.0544755675670345,0.673662779609194,-1.1931085566160113,-1.6627404735414788,-0.5940304068114298,0.3947063732320524,0
-0.30993129292169125,-1.5684800212250773,-1.1839330414661757,-0.015620609228609717,-1.6490320063431652,-0.5412933132880401,0.8381467004446593,0.6014167670256413,-1.0736770745370037,-0.8369577820965027,0
0.47139168665022824,1.4373506578504092,1.12252363252126,1.090263229965003,1.2947644960127682,1.159645216768088,0.8381467004446593,0.6014167670256413,0.5571215957299472,1.2904621225619106,1
0.0025978989070768233,1.4373506578504092,1.12252363252126,1.090263229965003,1.2947644960127682,1.159645216768088,0.8381467004446593,0.6014167670256413,1.42048559763598,1.5144010598943751,0
0.6276562825646116,-1.5684800212250773,-1.1839330414661757,-1.1215044484222225,0.6814735580219489,0.43067156102974796,0.8381467004446593,0.6014167670256413,0.9408389299104063,0.8425842478969815,1
-1.8725772520655304,-0.06556468168733408,-1.1839330414661757,-0.015620609228609717,-0.4224501303615262,-0.055310876129146085,0.8381467004446593,-1.6627404735414788,-0.8818184074467741,-1.2848356567614319,0
1.4089792621365311,1.4373506578504092,1.12252363252126,1.090263229965003,1.2947644960127682,1.159645216768088,0.8381467004446593,0.6014167670256413,1.804202931816439,1.4024315912281429,1
0.9401854743933811,-0.06556468168733408,-1.1839330414661757,1.090263229965003,-0.667766505557854,-0.5412933132880401,0.8381467004446593,0.6014167670256413,-1.3614650751723478,-0.948927250762735,0
-0.30993129292169125,-0.06556468168733408,-0.030704704472457878,-1.1215044484222225,-0.4224501303615262,0.916653998188642,-1.1931085566160113,0.6014167670256413,-0.9777477409918889,-0.16514097009910902,0
1.0964500703077644,1.4373506578504092,1.12252363252126,1.090263229965003,0.43615718282562105,0.43067156102974796,0.8381467004446593,0.6014167670256413,0.4611922621848325,1.2904621225619106,1
0.3151270907358449,-1.5684800212250773,-0.030704704472457878,-1.1215044484222225,0.43615718282562105,-0.784284531867486,-1.1931085566160113,0.6014167670256413,-0.6899597403565446,-0.6130188447640381,0
-0.15366669700730792,-0.06556468168733408,-1.1839330414661757,-1.1215044484222225,-1.2810574435486735,-0.784284531867486,-1.1931085566160113,0.6014167670256413,-0.9777477409918889,-1.0608967194289673,0
-1.0912542724936107,-0.06556468168733408,-1.1839330414661757,-0.015620609228609717,-1.1583992559505094,-0.784284531867486,-1.1931085566160113,0.6014167670256413,-1.265535741627233,-1.0608967194289673,0
1.0964500703077644,-0.06556468168733408,1.12252363252126,-0.015620609228609717,-0.0544755675670345,-0.5412933132880401,-1.1931085566160113,0.6014167670256413,1.3245562640908652,1.4024315912281429,1
0.6276562825646116,1.4373506578504092,1.12252363252126,1.090263229965003,-0.2997919427633623,1.159645216768088,0.8381467004446593,-1.6627404735414788,0.8449095963652915,0.3947063732320524,0
0.6276562825646116,1.4373506578504092,1.12252363252126,1.090263229965003,1.2947644960127682,1.159645216768088,0.8381467004446593,0.6014167670256413,1.3245562640908652,1.0665231852294461,1
0.47139168665022824,-0.06556468168733408,-1.1839330414661757,1.090263229965003,-0.0544755675670345,0.673662779609194,-1.1931085566160113,-1.6627404735414788,-1.0736770745370037,-0.5010493760978059,0
0.47139168665022824,-1.5684800212250773,-0.030704704472457878,1.090263229965003,-0.5451083179596901,-1.2702669690263801,0.8381467004446593,-1.6627404735414788,0.653050929275062,0.8425842478969815,0
0.47139168665022824,-0.06556468168733408,1.12252363252126,1.090263229965003,-0.1771337551651984,-1.513258187605826,-1.1931085566160113,-1.6627404735414788,-1.3614650751723478,-0.3890799074315736,0
-0.30993129292169125,-0.06556468168733408,1.12252363252126,1.090263229965003,-0.1771337551651984,0.916653998188642,0.8381467004446593,0.6014167670256413,0.9408389299104063,0.7306147792307492,0
0.9401854743933811,1.4373506578504092,-0.030704704472457878,-1.1215044484222225,-0.1771337551651984,-0.5412933132880401,-1.1931085566160113,0.6014167670256413,-0.8818184074467741,0.9545537165632137,1
-0.15366669700730792,-0.06556468168733408,-0.030704704472457878,-0.015620609228609717,-0.5451083179596901,-0.5412933132880401,-1.1931085566160113,-1.6627404735414788,-1.3614650751723478,-0.05317150143287675,0
0.3151270907358449,-1.5684800212250773,-1.1839330414661757,-1.1215044484222225,-1.8943483815394928,-0.5412933132880401,0.8381467004446593,0.6014167670256413,-0.5940304068114298,-0.8369577820965027,0
-1.8725772520655304,-0.06556468168733408,1.12252363252126,2.1961470691586156,0.5588153704237849,0.43067156102974796,-1.1931085566160113,0.6014167670256413,0.653050929275062,-0.2771104387653413,0
1.2527146662221478,-0.06556468168733408,1.12252363252126,-1.1215044484222225,0.31349899522745717,0.18768034245030202,0.8381467004446593,0.6014167670256413,-0.11438373908585606,1.5144010598943751,1
0.9401854743933811,1.4373506578504092,1.12252363252126,1.090263229965003,1.2947644960127682,0.43067156102974796,0.8381467004446593,0.6014167670256413,-0.5940304068114298,0.8425842478969815,0
0.0025978989070768233,-0.06556468168733408,-1.1839330414661757,-1.1215044484222225,-1.0357410683523456,-1.99924062476472,-1.1931085566160113,0.6014167670256413,-0.9777477409918889,-1.1728661880951996,0
1.2527146662221478,1.4373506578504092,-0.030704704472457878,1.090263229965003,1.2947644960127682,1.159645216768088,0.8381467004446593,0.6014167670256413,0.8449095963652915,0.2827369045658201,1
0.15886249482146017,1.4373506578504092,-1.1839330414661757,1.090263229965003,1.2947644960127682,0.916653998188642,0.8381467004446593,-1.6627404735414788,1.1326975970006357,1.1784926538956784,1
1.4089792621365311,1.4373506578504092,1.12252363252126,1.090263229965003,-0.0544755675670345,1.159645216768088,0.8381467004446593,0.6014167670256413,0.8449095963652915,0.3947063732320524,1
-0.6224604847504593,-1.5684800212250773,-1.1839330414661757,-0.015620609228609717,-0.5451083179596901,-2.7282142805030603,-1.1931085566160113,0.6014167670256413,-1.265535741627233,-1.2848356567614319,0
0.15886249482146017,-0.06556468168733408,-0.030704704472457878,-1.1215044484222225,0.19084080762929329,-1.0272757504469332,-1.1931085566160113,-1.6627404735414788,-0.5940304068114298,-0.3890799074315736,0
0.3151270907358449,-0.06556468168733408,1.12252363252126,-1.1215044484222225,0.19084080762929329,-2.7282142805030603,-1.1931085566160113,0.6014167670256413,0.4611922621848325,0.3947063732320524,0
-0.4661958888360746,-1.5684800212250773,-1.1839330414661757,-1.1215044484222225,-2.2623229443339845,-1.513258187605826,-1.1931085566160113,0.6014167670256413,-1.1696064080821185,-1.2848356567614319,0
1.0964500703077644,-0.06556468168733408,1.12252363252126,1.090263229965003,0.06818262003112939,0.43067156102974796,0.8381467004446593,0.6014167670256413,0.1734042615494882,-1.1728661880951996,0
-1.8725772520655304,1.4373506578504092,-1.1839330414661757,-1.1215044484222225,-0.5451083179596901,-0.784284531867486,-1.1931085566160113,-1.6627404735414788,-1.3614650751723478,-0.5010493760978059,0
0.0025978989070768233,-0.06556468168733408,1.12252363252126,2.1961470691586156,1.2947644960127682,1.159645216768088,0.8381467004446593,0.6014167670256413,1.2286269305457505,-0.16514097009910902,0
0.0025978989070768233,-0.06556468168733408,-1.1839330414661757,-1.1215044484222225,-1.2810574435486735,0.18768034245030202,-1.1931085566160113,-1.6627404735414788,-0.9777477409918889,-0.948927250762735,0
0.7839208784789949,1.4373506578504092,1.12252363252126,1.090263229965003,1.1721063084146044,1.159645216768088,0.8381467004446593,0.6014167670256413,0.4611922621848325,1.4024315912281429,1
-0.30993129292169125,-1.5684800212250773,-1.1839330414661757,-1.1215044484222225,0.19084080762929329,0.916653998188642,-1.1931085566160113,0.6014167670256413,-1.3614650751723478,-0.5010493760978059,0
-0.6224604847504593,-0.06556468168733408,-1.1839330414661757,-1.1215044484222225,-0.9130828807541818,-1.0272757504469332,0.8381467004446593,-1.6627404735414788,0.07747492800437346,-1.732713531426361,0
0.9401854743933811,1.4373506578504092,1.12252363252126,1.090263229965003,1.2947644960127682,1.159645216768088,0.8381467004446593,0.6014167670256413,1.7082735982713242,0.17076743589958782,1
-1.0912542724936107,-1.5684800212250773,-1.1839330414661757,1.090263229965003,-0.9130828807541818,-0.784284531867486,0.8381467004446593,0.6014167670256413,-1.265535741627233,-1.396805125427664,0
1.4089792621365311,1.4373506578504092,1.12252363252126,1.090263229965003,1.1721063084146044,1.159645216768088,0.8381467004446593,0.6014167670256413,1.6123442647262096,1.2904621225619106,1
-0.30993129292169125,-0.06556468168733408,-0.030704704472457878,-0.015620609228609717,0.19084080762929329,-0.29830209470859204,-1.1931085566160113,0.6014167670256413,-0.7858890739016593,-0.7249883134302705,0
-1.8725772520655304,-1.5684800212250773,-1.1839330414661757,-0.015620609228609717,-0.4224501303615262,0.916653998188642,0.8381467004446593,-1.6627404735414788,1.2286269305457505,-1.1728661880951996,0
-1.8725772520655304,-0.06556468168733408,-1.1839330414661757,-1.1215044484222225,0.9267899332182766,-0.055310876129146085,-1.1931085566160113,-1.6627404735414788,-1.3614650751723478,-0.05317150143287675,0
0.15886249482146017,-0.06556468168733408,1.12252363252126,-1.1215044484222225,1.2947644960127682,-1.513258187605826,0.8381467004446593,0.6014167670256413,0.1734042615494882,1.1784926538956784,0
-0.4661958888360746,-0.06556468168733408,-0.030704704472457878,-1.1215044484222225,0.6814735580219489,0.673662779609194,-1.1931085566160113,-1.6627404735414788,-1.3614650751723478,-1.2848356567614319,0
1.0964500703077644,1.4373506578504092,1.12252363252126,1.090263229965003,1.2947644960127682,1.159645216768088,0.8381467004446593,0.6014167670256413,0.9408389299104063,1.1784926538956784,1
0.9401854743933811,1.4373506578504092,-0.030704704472457878,1.090263229965003,-1.4037156311468373,1.159645216768088,0.8381467004446593,0.6014167670256413,-0.7858890739016593,1.0665231852294461,1
-1.4037834643223788,-0.06556468168733408,-1.1839330414661757,-1.1215044484222225,1.2947644960127682,0.43067156102974796,-1.1931085566160113,0.6014167670256413,0.3652629286397177,-1.9566524687588256,0
-1.4037834643223788,-1.5684800212250773,-1.1839330414661757,-1.1215044484222225,-0.9130828807541818,-0.29830209470859204,-1.1931085566160113,-1.6627404735414788,-1.3614650751723478,-0.6130188447640381,0
-0.9349896765792275,-0.06556468168733408,-1.1839330414661757,-0.015620609228609717,-1.0357410683523456,-0.29830209470859204,0.8381467004446593,0.6014167670256413,-0.4021717397212003,-0.6130188447640381,0
-1.8725772520655304,-0.06556468168733408,-0.030704704472457878,-0.015620609228609717,0.31349899522745717,-0.5412933132880401,-1.1931085566160113,0.6014167670256413,-0.0184544055407413,1.0665231852294461,0
-1.5600480602367621,-0.06556468168733408,-1.1839330414661757,-1.1215044484222225,-0.667766505557854,-1.99924062476472,-1.1931085566160113,-1.6627404735414788,-0.4021717397212003,-1.396805125427664,0
1.8777730498796839,1.4373506578504092,1.12252363252126,1.090263229965003,1.2947644960127682,1.159645216768088,0.8381467004446593,0.6014167670256413,0.8449095963652915,1.0665231852294461,1
-0.30993129292169125,-0.06556468168733408,-1.1839330414661757,-0.015620609228609717,0.31349899522745717,0.673662779609194,-1.1931085566160113,0.6014167670256413,-1.3614650751723478,-1.0608967194289673,0
-1.8725772520655304,-0.06556468168733408,-1.1839330414661757,-1.1215044484222225,-1.526373818745001,-0.29830209470859204,-1.1931085566160113,-1.6627404735414788,-1.1696064080821185,-1.5087745940938964,0
-0.15366669700730792,-0.06556468168733408,-1.1839330414661757,-1.1215044484222225,-0.0544755675670345,1.159645216768088,-1.1931085566160113,0.6014167670256413,-0.0184544055407413,-0.3890799074315736,0
0.9401854743933811,1.4373506578504092,1.12252363252126,1.090263229965003,1.2947644960127682,0.916653998188642,0.8381467004446593,0.6014167670256413,0.653050929275062,1.5144010598943751,1
0.6276562825646116,-1.5684800212250773,-0.030704704472457878,-0.015620609228609717,1.0494481208164406,1.159645216768088,-1.1931085566160113,0.6014167670256413,-0.6899597403565446,0.7306147792307492,1
-0.30993129292169125,-0.06556468168733408,-1.1839330414661757,-1.1215044484222225,-0.667766505557854,-1.99924062476472,-1.1931085566160113,0.6014167670256413,-0.8818184074467741,-0.7249883134302705,1
1.2527146662221478,1.4373506578504092,-1.1839330414661757,-1.1215044484222225,0.43615718282562105,0.916653998188642,-1.1931085566160113,0.6014167670256413,0.07747492800437346,-0.3890799074315736,0
0.0025978989070768233,-1.5684800212250773,-1.1839330414661757,-1.1215044484222225,-0.0544755675670345,-0.784284531867486,-1.1931085566160113,0.6014167670256413,-0.9777477409918889,-1.732713531426361,0
0.6276562825646116,-0.06556468168733408,1.12252363252126,-0.015620609228609717,1.2947644960127682,1.159645216768088,-1.1931085566160113,-1.6627404735414788,1.7082735982713242,1.0665231852294461,1
-0.4661958888360746,-1.5684800212250773,1.12252363252126,-1.1215044484222225,-0.0544755675670345,-2.485223061923614,-1.1931085566160113,0.6014167670256413,-0.6899597403565446,-1.1728661880951996,0
-1.247518868407994,-1.5684800212250773,-1.1839330414661757,-1.1215044484222225,-1.1583992559505094,-0.055310876129146085,-1.1931085566160113,-1.6627404735414788,-1.1696064080821185,-1.2848356567614319,0
0.6276562825646116,1.4373506578504092,1.12252363252126,1.090263229965003,1.2947644960127682,0.18768034245030202,0.8381467004446593,0.6014167670256413,1.1326975970006357,1.4024315912281429,1
0.7839208784789949,1.4373506578504092,1.12252363252126,1.090263229965003,0.31349899522745717,0.43067156102974796,0.8381467004446593,0.6014167670256413,0.269333595094603,1.5144010598943751,1
-1.247518868407994,-0.06556468168733408,-1.1839330414661757,-0.015620609228609717,-1.2810574435486735,-0.5412933132880401,0.8381467004446593,0.6014167670256413,-1.3614650751723478,-0.8369577820965027,0
0.9401854743933811,1.4373506578504092,1.12252363252126,1.090263229965003,0.19084080762929329,0.916653998188642,0.8381467004446593,-1.6627404735414788,1.9001322653615538,1.1784926538956784,1
0.9401854743933811,-0.06556468168733408,-1.1839330414661757,1.090263229965003,0.31349899522745717,-0.055310876129146085,0.8381467004446593,-1.6627404735414788,-1.3614650751723478,0.9545537165632137,0
-0.15366669700730792,-0.06556468168733408,-1.1839330414661757,-1.1215044484222225,-1.6490320063431652,-0.5412933132880401,-1.1931085566160113,0.6014167670256413,-0.6899597403565446,-0.16514097009910902,0
0.3151270907358449,1.4373506578504092,-1.1839330414661757,-0.015620609228609717,-1.1583992559505094,0.916653998188642,-1.1931085566160113,-1.6627404735414788,-0.7858890739016593,-1.2848356567614319,0
-0.4661958888360746,1.4373506578504092,1.12252363252126,1.090263229965003,0.06818262003112939,0.673662779609194,0.8381467004446593,0.6014167670256413,0.9408389299104063,-0.16514097009910902,0
1.0964500703077644,-1.5684800212250773,1.12252363252126,1.090263229965003,0.8041317456201127,1.159645216768088,0.8381467004446593,0.6014167670256413,0.5571215957299472,1.2904621225619106,1
-1.247518868407994,-0.06556468168733408,-1.1839330414661757,-1.1215044484222225,-0.4224501303615262,-0.784284531867486,-1.1931085566160113,-1.6627404735414788,-1.3614650751723478,-0.948927250762735,1
-0.30993129292169125,-0.06556468168733408,-1.1839330414661757,-0.015620609228609717,-0.2997919427633623,-0.5412933132880401,0.8381467004446593,-1.6627404735414788,0.7489802628201767,-0.8369577820965027,0
1.2527146662221478,-0.06556468168733408,1.12252363252126,1.090263229965003,0.06818262003112939,1.159645216768088,0.8381467004446593,0.6014167670256413,1.42048559763598,1.4024315912281429,1
0.3151270907358449,-1.5684800212250773,-0.030704704472457878,-0.015620609228609717,-1.1583992559505094,-1.0272757504469332,-1.1931085566160113,-1.6627404735414788,-0.9777477409918889,-0.7249883134302705,0
-0.9349896765792275,-1.5684800212250773,-1.1839330414661757,-1.1215044484222225,-1.4037156311468373,-1.7562494061852731,-1.1931085566160113,0.6014167670256413,0.3652629286397177,-0.2771104387653413,1
0.0025978989070768233,-0.06556468168733408,1.12252363252126,-0.015620609228609717,0.31349899522745717,0.43067156102974796,0.8381467004446593,0.6014167670256413,-0.11438373908585606,0.5066758418982846,0
-1.247518868407994,-0.06556468168733408,-1.1839330414661757,-1.1215044484222225,-0.4224501303615262,-0.055310876129146085,-1.1931085566160113,0.6014167670256413,-0.8818184074467741,-1.1728661880951996,0
-1.716312656151147,-0.06556468168733408,-0.030704704472457878,-1.1215044484222225,0.43615718282562105,-0.29830209470859204,-1.1931085566160113,0.6014167670256413,1.2286269305457505,-0.3890799074315736,0
-0.6224604847504593,-0.06556468168733408,-0.030704704472457878,-0.015620609228609717,-1.6490320063431652,-1.513258187605826,-1.1931085566160113,-1.6627404735414788,-1.3614650751723478,-0.05317150143287675,0
1.2527146662221478,1.4373506578504092,1.12252363252126,1.090263229965003,1.2947644960127682,0.673662779609194,0.8381467004446593,0.6014167670256413,1.036768263455521,1.4024315912281429,1
0.7839208784789949,1.4373506578504092,-0.030704704472457878,2.1961470691586156,0.5588153704237849,-1.0272757504469332,-1.1931085566160113,0.6014167670256413,0.1734042615494882,1.0665231852294461,0
0.9401854743933811,-0.06556468168733408,1.12252363252126,1.090263229965003,1.0494481208164406,1.159645216768088,0.8381467004446593,0.6014167670256413,0.653050929275062,1.2904621225619106,1
-0.30993129292169125,-1.5684800212250773,-1.1839330414661757,-1.1215044484222225,0.43615718282562105,-1.2702669690263801,0.8381467004446593,0.6014167670256413,-0.7858890739016593,-0.8369577820965027,0
0.15886249482146017,-0.06556468168733408,-1.1839330414661757,-1.1215044484222225,-0.0544755675670345,0.673662779609194,-1.1931085566160113,-1.6627404735414788,0.653050929275062,-1.2848356567614319,0
-1.8725772520655304,-0.06556468168733408,-0.030704704472457878,-1.1215044484222225,0.9267899332182766,-0.055310876129146085,-1.1931085566160113,-1.6627404735414788,-0.5940304068114298,-0.7249883134302705,0
-0.15366669700730792,-0.06556468168733408,-1.1839330414661757,-1.1215044484222225,0.06818262003112939,0.43067156102974796,0.8381467004446593,0.6014167670256413,-0.30624240617608556,-0.8369577820965027,0
-0.15366669700730792,-1.5684800212250773,-0.030704704472457878,-0.015620609228609717,-1.4037156311468373,-0.055310876129146085,0.8381467004446593,0.6014167670256413,-0.6899597403565446,-0.05317150143287675,0
2.034037645794067,-1.5684800212250773,-1.1839330414661757,-0.015620609228609717,-1.1583992559505094,-1.99924062476472,0.8381467004446593,-1.6627404735414788,-1.265535741627233,-1.5087745940938964,1
0.9401854743933811,-0.06556468168733408,1.12252363252126,1.090263229965003,1.2947644960127682,0.43067156102974796,0.8381467004446593,0.6014167670256413,0.653050929275062,0.7306147792307492,1
-1.5600480602367621,-1.5684800212250773,-1.1839330414661757,-0.015620609228609717,-1.4037156311468373,-2.2422318433441673,-1.1931085566160113,-1.6627404735414788,-0.4021717397212003,-0.6130188447640381,0
0.15886249482146017,-1.5684800212250773,-1.1839330414661757,-1.1215044484222225,0.19084080762929329,-0.29830209470859204,-1.1931085566160113,-1.6627404735414788,-0.5940304068114298,-1.8446830000925933,0
0.9401854743933811,-0.06556468168733408,1.12252363252126,1.090263229965003,1.2947644960127682,1.159645216768088,0.8381467004446593,0.6014167670256413,0.9408389299104063,1.0665231852294461,1
-1.8725772520655304,-0.06556468168733408,1.12252363252126,-1.1215044484222225,-0.0544755675670345,-0.055310876129146085,0.8381467004446593,0.6014167670256413,-1.3614650751723478,1.1784926538956784,1
1.0964500703077644,-0.06556468168733408,1.12252363252126,1.090263229965003,1.2947644960127682,1.159645216768088,0.8381467004446593,0.6014167670256413,1.036768263455521,0.3947063732320524,1
1.2527146662221478,1.4373506578504092,1.12252363252126,1.090263229965003,1.2947644960127682,1.159645216768088,0.8381467004446593,0.6014167670256413,1.1326975970006357,0.618645310564517,1
-0.7787250806648427,-0.06556468168733408,-1.1839330414661757,-0.015620609228609717,-2.1396647567358205,-0.784284531867486,-1.1931085566160113,-1.6627404735414788,0.4611922621848325,-1.2848356567614319,0
0.6276562825646116,1.4373506578504092,1.12252363252126,1.090263229965003,1.1721063084146044,1.159645216768088,0.8381467004446593,0.6014167670256413,1.9001322653615538,-0.3890799074315736,0
1.4089792621365311,-0.06556468168733408,1.12252363252126,1.090263229965003,0.9267899332182766,1.159645216768088,0.8381467004446593,0.6014167670256413,0.5571215957299472,1.1784926538956784,1
-0.15366669700730792,-0.06556468168733408,-0.030704704472457878,-1.1215044484222225,1.0494481208164406,0.916653998188642,-1.1931085566160113,0.6014167670256413,1.3245562640908652,1.2904621225619106,1
1.2527146662221478,1.4373506578504092,1.12252363252126,1.090263229965003,1.2947644960127682,1.159645216768088,0.8381467004446593,0.6014167670256413,1.42048559763598,1.5144010598943751,1
-1.8725772520655304,-0.06556468168733408,-1.1839330414661757,-0.015620609228609717,0.19084080762929329,0.916653998188642,-1.1931085566160113,0.6014167670256413,-0.6899597403565446,-1.2848356567614319,0
-0.30993129292169125,-0.06556468168733408,-0.030704704472457878,-0.015620609228609717,1.2947644960127682,-0.055310876129146085,0.8381467004446593,0.6014167670256413,-0.9777477409918889,1.0665231852294461,1
0.47139168665022824,-0.06556468168733408,1.12252363252126,-0.015620609228609717,-0.4224501303615262,0.673662779609194,-1.1931085566160113,-1.6627404735414788,0.07747492800437346,-0.8369577820965027,0
-0.15366669700730792,-0.06556468168733408,-0.030704704472457878,-1.1215044484222225,-0.2997919427633623,-0.784284531867486,-1.1931085566160113,0.6014167670256413,-0.4981010732663151,-1.0608967194289673,0
-1.5600480602367621,-0.06556468168733408,-1.1839330414661757,-1.1215044484222225,0.31349899522745717,-1.513258187605826,-1.1931085566160113,0.6014167670256413,-1.3614650751723478,-1.8446830000925933,0
-0.4661958888360746,-0.06556468168733408,-0.030704704472457878,-0.015620609228609717,0.8041317456201127,0.43067156102974796,-1.1931085566160113,0.6014167670256413,1.2286269305457505,-1.0608967194289673,0
0.9401854743933811,-0.06556468168733408,-1.1839330414661757,-0.015620609228609717,-1.4037156311468373,-0.055310876129146085,0.8381467004446593,0.6014167670256413,0.9408389299104063,-0.948927250762735,0
0.47139168665022824,1.4373506578504092,1.12252363252126,-0.015620609228609717,0.6814735580219489,1.159645216768088,0.8381467004446593,0.6014167670256413,0.269333595094603,0.8425842478969815,0
-0.4661958888360746,-0.06556468168733408,-1.1839330414661757,-0.015620609228609717,-1.8943483815394928,-0.055310876129146085,-1.1931085566160113,0.6014167670256413,0.3652629286397177,-0.16514097009910902,0
0.7839208784789949,-0.06556468168733408,1.12252363252126,-1.1215044484222225,-0.1771337551651984,-0.29830209470859204,0.8381467004446593,0.6014167670256413,-0.8818184074467741,-0.948927250762735,1
-0.15366669700730792,-0.06556468168733408,-0.030704704472457878,-0.015620609228609717,0.43615718282562105,0.673662779609194,0.8381467004446593,0.6014167670256413,1.6123442647262096,-1.1728661880951996,0
-0.30993129292169125,-0.06556468168733408,-0.030704704472457878,-0.015620609228609717,0.31349899522745717,-0.784284531867486,-1.1931085566160113,-1.6627404735414788,-0.5940304068114298,-1.2848356567614319,0
1.0964500703077644,-0.06556468168733408,-0.030704704472457878,1.090263229965003,-0.0544755675670345,-0.29830209470859204,0.8381467004446593,-1.6627404735414788,0.7489802628201767,0.7306147792307492,0
-1.8725772520655304,-0.06556468168733408,-0.030704704472457878,-1.1215044484222225,-1.1583992559505094,-2.2422318433441673,-1.1931085566160113,-1.6627404735414788,-1.0736770745370037,-0.2771104387653413,0
-1.5600480602367621,-0.06556468168733408,-1.1839330414661757,-0.015620609228609717,-1.2810574435486735,-0.784284531867486,-1.1931085566160113,-1.6627404735414788,-1.3614650751723478,-0.8369577820965027,0
0.0025978989070768233,-0.06556468168733408,-0.030704704472457878,-1.1215044484222225,-0.1771337551651984,-1.2702669690263801,-1.1931085566160113,0.6014167670256413,-0.7858890739016593,-0.5010493760978059,0
-0.30993129292169125,-0.06556468168733408,1.12252363252126,-1.1215044484222225,-1.0357410683523456,-0.29830209470859204,-1.1931085566160113,0.6014167670256413,-0.4021717397212003,-0.8369577820965027,0
-1.8725772520655304,-1.5684800212250773,-0.030704704472457878,-0.015620609228609717,-1.0357410683523456,-1.2702669690263801,-1.1931085566160113,0.6014167670256413,-1.3614650751723478,-0.2771104387653413,0
-0.15366669700730792,-0.06556468168733408,-1.1839330414661757,-1.1215044484222225,-1.0357410683523456,-1.2702669690263801,-1.1931085566160113,-1.6627404735414788,-1.3614650751723478,-0.5010493760978059,0
-1.5600480602367621,-0.06556468168733408,-1.1839330414661757,-1.1215044484222225,-2.3849811319321486,-0.784284531867486,-1.1931085566160113,-1.6627404735414788,-0.7858890739016593,-1.396805125427664,0
0.3151270907358449,-0.06556468168733408,-0.030704704472457878,-1.1215044484222225,0.6814735580219489,-0.5412933132880401,0.8381467004446593,0.6014167670256413,-0.9777477409918889,-1.1728661880951996,0
0.3151270907358449,-0.06556468168733408,-0.030704704472457878,-1.1215044484222225,1.2947644960127682,1.159645216768088,0.8381467004446593,0.6014167670256413,0.653050929275062,0.618645310564517,1
0.7839208784789949,-1.5684800212250773,-0.030704704472457878,1.090263229965003,-0.0544755675670345,0.43067156102974796,0.8381467004446593,0.6014167670256413,-1.3614650751723478,1.2904621225619106,0
0.6276562825646116,-0.06556468168733408,1.12252363252126,-1.1215044484222225,0.19084080762929329,-1.513258187605826,-1.1931085566160113,0.6014167670256413,-1.3614650751723478,0.058797967233355536,0
-1.8725772520655304,-0.06556468168733408,-1.1839330414661757,-0.015620609228609717,-0.5451083179596901,-1.2702669690263801,-1.1931085566160113,0.6014167670256413,-1.265535741627233,-1.1728661880951996,0
-1.8725772520655304,-0.06556468168733408,-1.1839330414661757,-1.1215044484222225,-0.1771337551651984,-1.99924062476472,-1.1931085566160113,0.6014167670256413,-1.0736770745370037,-0.16514097009910902,0
1.5652438580509145,1.4373506578504092,1.12252363252126,1.090263229965003,0.43615718282562105,-0.784284531867486,0.8381467004446593,0.6014167670256413,0.7489802628201767,0.9545537165632137,1
0.15886249482146017,1.4373506578504092,1.12252363252126,1.090263229965003,1.2947644960127682,0.43067156102974796,0.8381467004446593,0.6014167670256413,1.2286269305457505,0.8425842478969815,1
-1.5600480602367621,-0.06556468168733408,-0.030704704472457878,-0.015620609228609717,-0.2997919427633623,0.43067156102974796,0.8381467004446593,0.6014167670256413,0.5571215957299472,1.0665231852294461,0
0.6276562825646116,-0.06556468168733408,-1.1839330414661757,1.090263229965003,-0.9130828807541818,-0.5412933132880401,0.8381467004446593,-1.6627404735414788,-0.4981010732663151,-1.0608967194289673,0
-0.15366669700730792,1.4373506578504092,1.12252363252126,1.090263229965003,1.2947644960127682,1.159645216768088,0.8381467004446593,0.6014167670256413,1.9001322653615538,1.0665231852294461,1
-1.0912542724936107,-1.5684800212250773,-1.1839330414661757,-1.1215044484222225,-1.2810574435486735,0.43067156102974796,0.8381467004446593,-1.6627404735414788,-0.6899597403565446,-0.8369577820965027,0
-1.8725772520655304,-0.06556468168733408,-0.030704704472457878,-0.015620609228609717,0.19084080762929329,-1.0272757504469332,-1.1931085566160113,0.6014167670256413,0.5571215957299472,0.8425842478969815,0
-1.4037834643223788,-0.06556468168733408,-1.1839330414661757,-1.1215044484222225,-0.4224501303615262,-0.055310876129146085,-1.1931085566160113,-1.6627404735414788,-0.21031307263097082,-1.0608967194289673,0
0.0025978989070768233,-0.06556468168733408,-1.1839330414661757,-1.1215044484222225,-1.0357410683523456,0.916653998188642,-1.1931085566160113,0.6014167670256413,-1.1696064080821185,-0.6130188447640381,0
-0.30993129292169125,-0.06556468168733408,-0.030704704472457878,-0.015620609228609717,1.2947644960127682,1.159645216768088,0.8381467004446593,0.6014167670256413,-0.7858890739016593,0.8425842478969815,1
-0.7787250806648427,-0.06556468168733408,1.12252363252126,-0.015620609228609717,-1.0357410683523456,0.18768034245030202,0.8381467004446593,0.6014167670256413,-1.0736770745370037,-0.7249883134302705,0
0.47139168665022824,1.4373506578504092,1.12252363252126,1.090263229965003,1.2947644960127682,1.159645216768088,0.8381467004446593,0.6014167670256413,0.5571215957299472,0.9545537165632137,1
-0.15366669700730792,1.4373506578504092,-0.030704704472457878,1.090263229965003,1.1721063084146044,0.673662779609194,0.8381467004446593,0.6014167670256413,-0.11438373908585606,0.5066758418982846,1
0.9401854743933811,1.4373506578504092,-1.1839330414661757,-0.015620609228609717,-0.2997919427633623,-0.5412933132880401,0.8381467004446593,0.6014167670256413,0.269333595094603,-0.7249883134302705,0
-1.5600480602367621,-0.06556468168733408,-0.030704704472457878,-1.1215044484222225,0.06818262003112939,-1.99924062476472,-1.1931085566160113,-1.6627404735414788,-0.9777477409918889,-0.16514097009910902,0
-1.0912542724936107,-0.06556468168733408,-0.030704704472457878,1.090263229965003,0.31349899522745717,-1.0272757504469332,-1.1931085566160113,-1.6627404735414788,-0.6899597403565446,-1.1728661880951996,0
1.4089792621365311,1.4373506578504092,1.12252363252126,2.1961470691586156,0.43615718282562105,0.673662779609194,0.8381467004446593,-1.6627404735414788,1.6123442647262096,1.0665231852294461,0
-1.8725772520655304,-1.5684800212250773,-1.1839330414661757,1.090263229965003,-2.017006569137657,-1.0272757504469332,-1.1931085566160113,-1.6627404735414788,-0.9777477409918889,-0.5010493760978059,0
0.3151270907358449,-0.06556468168733408,1.12252363252126,1.090263229965003,-0.5451083179596901,0.673662779609194,-1.1931085566160113,0.6014167670256413,1.2286269305457505,1.0665231852294461,1
0.15886249482146017,-0.06556468168733408,-0.030704704472457878,-1.1215044484222225,1.2947644960127682,-0.784284531867486,0.8381467004446593,0.6014167670256413,1.1326975970006357,0.5066758418982846,0
-0.15366669700730792,1.4373506578504092,-1.1839330414661757,-1.1215044484222225,-0.0544755675670345,1.159645216768088,0.8381467004446593,0.6014167670256413,-1.3614650751723478,-0.5010493760978059,0
0.0025978989070768233,-0.06556468168733408,-0.030704704472457878,-0.015620609228609717,-1.4037156311468373,-0.29830209470859204,-1.1931085566160113,0.6014167670256413,-1.3614650751723478,1.1784926538956784,0
-0.7787250806648427,-1.5684800212250773,-1.1839330414661757,-1.1215044484222225,-0.0544755675670345,-1.2702669690263801,-1.1931085566160113,0.6014167670256413,1.1326975970006357,-0.5010493760978059,0
-1.4037834643223788,-0.06556468168733408,-0.030704704472457878,-1.1215044484222225,-1.526373818745001,-0.5412933132880401,-1.1931085566160113,0.6014167670256413,-1.1696064080821185,-1.0608967194289673,0
0.47139168665022824,-0.06556468168733408,1.12252363252126,-1.1215044484222225,0.8041317456201127,-0.29830209470859204,0.8381467004446593,0.6014167670256413,0.3652629286397177,1.5144010598943751,1
0.7839208784789949,-0.06556468168733408,-1.1839330414661757,-1.1215044484222225,-1.0357410683523456,-1.7562494061852731,0.8381467004446593,0.6014167670256413,-1.3614650751723478,-1.0608967194289673,0
0.7839208784789949,-0.06556468168733408,-0.030704704472457878,-0.015620609228609717,-0.0544755675670345,-0.29830209470859204,0.8381467004446593,0.6014167670256413,0.4611922621848325,0.8425842478969815,1
-0.30993129292169125,-0.06556468168733408,-0.030704704472457878,-0.015620609228609717,-0.667766505557854,-0.29830209470859204,0.8381467004446593,-1.6627404735414788,0.653050929275062,0.618645310564517,0
-0.4661958888360746,-0.06556468168733408,-1.1839330414661757,-0.015620609228609717,-1.6490320063431652,-0.29830209470859204,-1.1931085566160113,0.6014167670256413,-1.265535741627233,-1.396805125427664,0
-0.6224604847504593,-0.06556468168733408,-1.1839330414661757,-0.015620609228609717,-1.1583992559505094,0.43067156102974796,-1.1931085566160113,0.6014167670256413,-0.11438373908585606,-0.16514097009910902,0
0.47139168665022824,1.4373506578504092,1.12252363252126,1.090263229965003,1.1721063084146044,1.159645216768088,0.8381467004446593,0.6014167670256413,0.9408389299104063,0.618645310564517,0
0.6276562825646116,-1.5684800212250773,-0.030704704472457878,-1.1215044484222225,-0.2997919427633623,-1.2702669690263801,0.8381467004446593,0.6014167670256413,1.42048559763598,-1.396805125427664,0
0.0025978989070768233,-0.06556468168733408,-0.030704704472457878,-1.1215044484222225,0.31349899522745717,-0.5412933132880401,-1.1931085566160113,0.6014167670256413,-1.1696064080821185,-0.7249883134302705,0
0.0025978989070768233,-0.06556468168733408,-1.1839330414661757,-0.015620609228609717,-1.2810574435486735,0.43067156102974796,-1.1931085566160113,0.6014167670256413,-1.3614650751723478,-1.6207440627601286,0
-0.30993129292169125,-0.06556468168733408,-1.1839330414661757,-0.015620609228609717,-1.8943483815394928,-2.485223061923614,-1.1931085566160113,-1.6627404735414788,-0.11438373908585606,-1.8446830000925933,0
-1.716312656151147,-0.06556468168733408,-1.1839330414661757,-0.015620609228609717,-1.6490320063431652,-1.0272757504469332,0.8381467004446593,0.6014167670256413,-1.1696064080821185,-0.8369577820965027,0
-0.15366669700730792,-0.06556468168733408,-1.1839330414661757,-1.1215044484222225,-0.9130828807541818,-0.29830209470859204,-1.1931085566160113,0.6014167670256413,0.4611922621848325,-0.6130188447640381,0
-0.15366669700730792,-0.06556468168733408,-1.1839330414661757,-1.1215044484222225,-0.2997919427633623,0.43067156102974796,0.8381467004446593,0.6014167670256413,0.07747492800437346,-0.3890799074315736,0
0.0025978989070768233,-0.06556468168733408,-0.030704704472457878,-1.1215044484222225,0.19084080762929329,-1.2702669690263801,0.8381467004446593,0.6014167670256413,-0.4021717397212003,-1.732713531426361,0
-0.30993129292169125,-0.06556468168733408,-1.1839330414661757,-1.1215044484222225,-1.8943483815394928,-0.784284531867486,-1.1931085566160113,-1.6627404735414788,-1.0736770745370037,-0.3890799074315736,0
-0.30993129292169125,-0.06556468168733408,-0.030704704472457878,-1.1215044484222225,-2.3849811319321486,-1.7562494061852731,-1.1931085566160113,0.6014167670256413,-1.3614650751723478,-0.8369577820965027,0
-0.6224604847504593,-0.06556468168733408,-1.1839330414661757,-1.1215044484222225,-1.6490320063431652,-1.513258187605826,-1.1931085566160113,-1.6627404735414788,-0.9777477409918889,-0.7249883134302705,0
-0.15366669700730792,-0.06556468168733408,-1.1839330414661757,-0.015620609228609717,-0.667766505557854,0.43067156102974796,-1.1931085566160113,-1.6627404735414788,-1.3614650751723478,-1.0608967194289673,0
1.0964500703077644,-1.5684800212250773,1.12252363252126,-1.1215044484222225,-0.5451083179596901,0.673662779609194,0.8381467004446593,0.6014167670256413,0.3652629286397177,0.9545537165632137,1
1.2527146662221478,1.4373506578504092,1.12252363252126,1.090263229965003,1.2947644960127682,-0.5412933132880401,0.8381467004446593,0.6014167670256413,0.7489802628201767,0.3947063732320524,1
0.9401854743933811,1.4373506578504092,1.12252363252126,1.090263229965003,1.2947644960127682,1.159645216768088,0.8381467004446593,0.6014167670256413,0.9408389299104063,1.5144010598943751,1
0.6276562825646116,1.4373506578504092,1.12252363252126,1.090263229965003,1.2947644960127682,1.159645216768088,0.8381467004446593,-1.6627404735414788,0.9408389299104063,1.5144010598943751,1
0.47139168665022824,-0.06556468168733408,1.12252363252126,1.090263229965003,1.2947644960127682,-0.784284531867486,-1.1931085566160113,0.6014167670256413,0.8449095963652915,1.2904621225619106,1
0.3151270907358449,-0.06556468168733408,1.12252363252126,-0.015620609228609717,-1.0357410683523456,0.673662779609194,0.8381467004446593,0.6014167670256413,-1.1696064080821185,-0.7249883134302705,0
0.7839208784789949,-0.06556468168733408,1.12252363252126,-1.1215044484222225,1.2947644960127682,-1.0272757504469332,0.8381467004446593,0.6014167670256413,0.5571215957299472,1.4024315912281429,0
-1.5600480602367621,-1.5684800212250773,-1.1839330414661757,-0.015620609228609717,-0.4224501303615262,-1.0272757504469332,-1.1931085566160113,0.6014167670256413,-1.3614650751723478,-1.0608967194289673,0
-0.4661958888360746,-1.5684800212250773,-1.1839330414661757,-1.1215044484222225,-0.4224501303615262,-0.055310876129146085,-1.1931085566160113,0.6014167670256413,-0.4021717397212003,-0.7249883134302705,0
0.47139168665022824,-1.5684800212250773,1.12252363252126,-0.015620609228609717,1.2947644960127682,1.159645216768088,0.8381467004446593,0.6014167670256413,0.4611922621848325,1.5144010598943751,0
-1.4037834643223788,-1.5684800212250773,-1.1839330414661757,-1.1215044484222225,-0.7904246931560178,0.43067156102974796,-1.1931085566160113,-1.6627404735414788,-0.9777477409918889,-1.6207440627601286,0
-0.15366669700730792,1.4373506578504092,-1.1839330414661757,-0.015620609228609717,-1.6490320063431652,-1.513258187605826,-1.1931085566160113,-1.6627404735414788,-0.4981010732663151,-0.3890799074315736,0
1.0964500703077644,1.4373506578504092,1.12252363252126,2.1961470691586156,1.2947644960127682,0.673662779609194,0.8381467004446593,0.6014167670256413,0.07747492800437346,0.3947063732320524,1
0.15886249482146017,-0.06556468168733408,1.12252363252126,-1.1215044484222225,-0.5451083179596901,-0.29830209470859204,0.8381467004446593,0.6014167670256413,1.2286269305457505,0.8425842478969815,1
0.9401854743933811,-0.06556468168733408,-1.1839330414661757,-1.1215044484222225,1.1721063084146044,0.43067156102974796,0.8381467004446593,0.6014167670256413,-1.3614650751723478,-0.5010493760978059,0
-0.4661958888360746,-0.06556468168733408,-0.030704704472457878,1.090263229965003,-0.667766505557854,0.43067156102974796,0.8381467004446593,0.6014167670256413,0.8449095963652915,0.9545537165632137,0
-0.15366669700730792,-0.06556468168733408,-1.1839330414661757,-0.015620609228609717,-1.0357410683523456,-0.29830209470859204,-1.1931085566160113,-1.6627404735414788,-1.1696064080821185,0.058797967233355536,0
0.3151270907358449,-0.06556468168733408,1.12252363252126,-1.1215044484222225,0.6814735580219489,1.159645216768088,0.8381467004446593,0.6014167670256413,0.8449095963652915,1.4024315912281429,1
0.6276562825646116,-0.06556468168733408,1.12252363252126,1.090263229965003,0.5588153704237849,1.159645216768088,0.8381467004446593,0.6014167670256413,1.2286269305457505,1.0665231852294461,0
-0.30993129292169125,-0.06556468168733408,-1.1839330414661757,-0.015620609228609717,-2.2623229443339845,-0.29830209470859204,0.8381467004446593,-1.6627404735414788,-0.4981010732663151,-1.1728661880951996,0
-1.8725772520655304,-0.06556468168733408,-1.1839330414661757,-0.015620609228609717,0.31349899522745717,-2.2422318433441673,-1.1931085566160113,-1.6627404735414788,-1.3614650751723478,-0.2771104387653413,0
0.47139168665022824,-0.06556468168733408,1.12252363252126,1.090263229965003,1.2947644960127682,1.159645216768088,-1.1931085566160113,0.6014167670256413,1.5164149311810948,1.5144010598943751,1
1.2527146662221478,1.4373506578504092,1.12252363252126,1.090263229965003,1.2947644960127682,1.159645216768088,-1.1931085566160113,0.6014167670256413,1.9960615989066686,0.9545537165632137,1
-1.8725772520655304,-0.06556468168733408,-1.1839330414661757,-0.015620609228609717,-0.5451083179596901,-1.7562494061852731,-1.1931085566160113,0.6014167670256413,-0.8818184074467741,-1.1728661880951996,0
-1.8725772520655304,-0.06556468168733408,-1.1839330414661757,-0.015620609228609717,-0.9130828807541818,0.18768034245030202,-1.1931085566160113,-1.6627404735414788,-1.0736770745370037,-0.8369577820965027,0
0.47139168665022824,1.4373506578504092,1.12252363252126,1.090263229965003,1.2947644960127682,1.159645216768088,0.8381467004446593,0.6014167670256413,1.3245562640908652,1.2904621225619106,1
-0.15366669700730792,-0.06556468168733408,-1.1839330414661757,-0.015620609228609717,-1.4037156311468373,-0.055310876129146085,0.8381467004446593,0.6014167670256413,-0.4981010732663151,-0.3890799074315736,0
0.9401854743933811,-0.06556468168733408,1.12252363252126,1.090263229965003,1.1721063084146044,1.159645216768088,0.8381467004446593,0.6014167670256413,1.6123442647262096,1.2904621225619106,1
-0.30993129292169125,-1.5684800212250773,-1.1839330414661757,-1.1215044484222225,-0.5451083179596901,-1.513258187605826,-1.1931085566160113,-1.6627404735414788,-0.7858890739016593,-0.5010493760978059,0
0.7839208784789949,1.4373506578504092,1.12252363252126,1.090263229965003,1.2947644960127682,1.159645216768088,0.8381467004446593,0.6014167670256413,1.2286269305457505,1.5144010598943751,1
0.7839208784789949,1.4373506578504092,1.12252363252126,1.090263229965003,1.2947644960127682,1.159645216768088,0.8381467004446593,-1.6627404735414788,0.5571215957299472,0.618645310564517,1
-0.4661958888360746,-1.5684800212250773,-0.030704704472457878,-1.1215044484222225,-1.2810574435486735,-0.29830209470859204,-1.1931085566160113,0.6014167670256413,-0.9777477409918889,-1.396805125427664,0
-1.247518868407994,1.4373506578504092,1.12252363252126,1.090263229965003,0.8041317456201127,1.159645216768088,0.8381467004446593,0.6014167670256413,0.9408389299104063,1.1784926538956784,1
0.7839208784789949,-1.5684800212250773,1.12252363252126,1.090263229965003,1.2947644960127682,1.159645216768088,0.8381467004446593,0.6014167670256413,0.8449095963652915,1.4024315912281429,1
0.3151270907358449,-0.06556468168733408,1.12252363252126,1.090263229965003,0.6814735580219489,0.673662779609194,0.8381467004446593,0.6014167670256413,0.1734042615494882,1.5144010598943751,1
0.7839208784789949,-1.5684800212250773,1.12252363252126,1.090263229965003,1.2947644960127682,1.159645216768088,0.8381467004446593,0.6014167670256413,0.9408389299104063,0.7306147792307492,1
0.3151270907358449,-0.06556468168733408,-1.1839330414661757,-1.1215044484222225,1.2947644960127682,0.43067156102974796,0.8381467004446593,0.6014167670256413,0.3652629286397177,0.8425842478969815,1
-0.15366669700730792,1.4373506578504092,-0.030704704472457878,-1.1215044484222225,0.5588153704237849,-0.055310876129146085,-1.1931085566160113,-1.6627404735414788,-0.4981010732663151,-1.0608967194289673,0
-0.30993129292169125,-0.06556468168733408,-1.1839330414661757,-0.015620609228609717,-0.7904246931560178,-0.5412933132880401,0.8381467004446593,-1.6627404735414788,-0.9777477409918889,0.5066758418982846,0
0.6276562825646116,-0.06556468168733408,-1.1839330414661757,-1.1215044484222225,0.19084080762929329,0.916653998188642,-1.1931085566160113,0.6014167670256413,-1.3614650751723478,-0.6130188447640381,0
0.3151270907358449,-0.06556468168733408,1.12252363252126,-1.1215044484222225,0.31349899522745717,0.916653998188642,0.8381467004446593,-1.6627404735414788,-1.1696064080821185,-0.2771104387653413,0
-0.30993129292169125,-1.5684800212250773,-0.030704704472457878,-0.015620609228609717,0.06818262003112939,0.916653998188642,-1.1931085566160113,0.6014167670256413,1.2286269305457505,0.8425842478969815,1
0.15886249482146017,-0.06556468168733408,1.12252363252126,1.090263229965003,-0.7904246931560178,-0.5412933132880401,0.8381467004446593,0.6014167670256413,0.3652629286397177,0.7306147792307492,1
-1.4037834643223788,-0.06556468168733408,-1.1839330414661757,-1.1215044484222225,-2.3849811319321486,-1.99924062476472,-1.1931085566160113,0.6014167670256413,-1.3614650751723478,-1.9566524687588256,0
-1.8725772520655304,-0.06556468168733408,-1.1839330414661757,-1.1215044484222225,-2.3849811319321486,-1.7562494061852731,-1.1931085566160113,-1.6627404735414788,-1.0736770745370037,-0.8369577820965027,0
-1.247518868407994,-0.06556468168733408,1.12252363252126,-1.1215044484222225,-0.2997919427633623,1.159645216768088,0.8381467004446593,0.6014167670256413,1.036768263455521,0.618645310564517,1
-0.4661958888360746,-0.06556468168733408,-1.1839330414661757,-0.015620609228609717,-1.2810574435486735,-1.0272757504469332,0.8381467004446593,0.6014167670256413,-0.5940304068114298,-0.948927250762735,0
-0.30993129292169125,-0.06556468168733408,-1.1839330414661757,-0.015620609228609717,-1.2810574435486735,-2.2422318433441673,-1.1931085566160113,0.6014167670256413,-0.9777477409918889,-0.3890799074315736,0
0.47139168665022824,-0.06556468168733408,-0.030704704472457878,-0.015620609228609717,-0.2997919427633623,0.43067156102974796,-1.1931085566160113,-1.6627404735414788,-0.7858890739016593,-0.5010493760978059,0
-0.15366669700730792,1.4373506578504092,-1.1839330414661757,-1.1215044484222225,-0.7904246931560178,-0.784284531867486,-1.1931085566160113,0.6014167670256413,1.2286269305457505,0.058797967233355536,1
1.0964500703077644,-0.06556468168733408,1.12252363252126,1.090263229965003,1.2947644960127682,0.673662779609194,0.8381467004446593,0.6014167670256413,-0.21031307263097082,0.618645310564517,1
0.9401854743933811,1.4373506578504092,1.12252363252126,-1.1215044484222225,1.0494481208164406,1.159645216768088,0.8381467004446593,0.6014167670256413,0.7489802628201767,0.7306147792307492,0
1.0964500703077644,-1.5684800212250773,1.12252363252126,1.090263229965003,1.2947644960127682,1.159645216768088,0.8381467004446593,0.6014167670256413,1.3245562640908652,1.1784926538956784,1
0.0025978989070768233,-0.06556468168733408,-0.030704704472457878,-1.1215044484222225,0.19084080762929329,-1.0272757504469332,0.8381467004446593,0.6014167670256413,0.5571215957299472,0.2827369045658201,0
0.47139168665022824,1.4373506578504092,-1.1839330414661757,-1.1215044484222225,0.31349899522745717,0.673662779609194,0.8381467004446593,0.6014167670256413,-0.7858890739016593,0.5066758418982846,1
0.15886249482146017,-0.06556468168733408,-1.1839330414661757,-0.015620609228609717,-0.1771337551651984,0.43067156102974796,-1.1931085566160113,0.6014167670256413,0.8449095963652915,-0.948927250762735,0
0.15886249482146017,1.4373506578504092,1.12252363252126,1.090263229965003,1.2947644960127682,1.159645216768088,0.8381467004446593,0.6014167670256413,0.4611922621848325,1.5144010598943751,1
0.0025978989070768233,-1.5684800212250773,1.12252363252126,1.090263229965003,0.8041317456201127,0.916653998188642,-1.1931085566160113,0.6014167670256413,0.9408389299104063,-0.8369577820965027,0
-1.247518868407994,-1.5684800212250773,-1.1839330414661757,-0.015620609228609717,-1.771690193941329,-0.5412933132880401,0.8381467004446593,0.6014167670256413,0.07747492800437346,-1.5087745940938964,1
-0.7787250806648427,-0.06556468168733408,-1.1839330414661757,-0.015620609228609717,-1.2810574435486735,-0.055310876129146085,-1.1931085566160113,-1.6627404735414788,-1.0736770745370037,-1.396805125427664,0
0.9401854743933811,-1.5684800212250773,1.12252363252126,1.090263229965003,0.5588153704237849,-0.055310876129146085,-1.1931085566160113,-1.6627404735414788,1.1326975970006357,0.8425842478969815,0
-0.15366669700730792,-0.06556468168733408,-0.030704704472457878,-1.1215044484222225,0.8041317456201127,-0.784284531867486,0.8381467004446593,0.6014167670256413,-0.6899597403565446,-0.5010493760978059,0
-0.4661958888360746,1.4373506578504092,1.12252363252126,1.090263229965003,-0.5451083179596901,-0.29830209470859204,-1.1931085566160113,0.6014167670256413,1.036768263455521,-0.948927250762735,0
0.7839208784789949,1.4373506578504092,1.12252363252126,-0.015620609228609717,0.43615718282562105,-0.055310876129146085,-1.1931085566160113,0.6014167670256413,-1.1696064080821185,-1.396805125427664,1
-0.15366669700730792,-0.06556468168733408,-0.030704704472457878,-1.1215044484222225,-2.3849811319321486,-1.0272757504469332,-1.1931085566160113,-1.6627404735414788,-1.3614650751723478,-1.2848356567614319,0
-0.30993129292169125,-0.06556468168733408,1.12252363252126,1.090263229965003,1.0494481208164406,0.43067156102974796,0.8381467004446593,0.6014167670256413,0.07747492800437346,1.0665231852294461,1
1.0964500703077644,-0.06556468168733408,1.12252363252126,1.090263229965003,1.2947644960127682,1.159645216768088,0.8381467004446593,0.6014167670256413,1.6123442647262096,1.1784926538956784,1
0.9401854743933811,1.4373506578504092,1.12252363252126,1.090263229965003,0.5588153704237849,0.18768034245030202,0.8381467004446593,0.6014167670256413,1.3245562640908652,1.0665231852294461,1
0.3151270907358449,-0.06556468168733408,-1.1839330414661757,-1.1215044484222225,0.31349899522745717,-1.513258187605826,-1.1931085566160113,-1.6627404735414788,-1.3614650751723478,-0.2771104387653413,0
1.5652438580509145,-0.06556468168733408,-0.030704704472457878,1.090263229965003,0.5588153704237849,1.159645216768088,0.8381467004446593,0.6014167670256413,1.42048559763598,0.2827369045658201,1
0.0025978989070768233,1.4373506578504092,1.12252363252126,-1.1215044484222225,-1.0357410683523456,-1.2702669690263801,-1.1931085566160113,-1.6627404735414788,0.3652629286397177,-0.05317150143287675,0
0.7839208784789949,1.4373506578504092,1.12252363252126,1.090263229965003,1.2947644960127682,1.159645216768088,0.8381467004446593,0.6014167670256413,1.1326975970006357,1.5144010598943751,1
-1.8725772520655304,-0.06556468168733408,-1.1839330414661757,-1.1215044484222225,-0.0544755675670345,-1.7562494061852731,-1.1931085566160113,0.6014167670256413,-1.3614650751723478,-1.1728661880951996,0
-1.5600480602367621,-1.5684800212250773,-0.030704704472457878,-1.1215044484222225,-1.6490320063431652,-1.0272757504469332,-1.1931085566160113,-1.6627404735414788,-1.0736770745370037,-0.7249883134302705,0
1.5652438580509145,-0.06556468168733408,1.12252363252126,-1.1215044484222225,0.8041317456201127,0.43067156102974796,0.8381467004446593,0.6014167670256413,0.7489802628201767,0.7306147792307492,1
0.0025978989070768233,-1.5684800212250773,-1.1839330414661757,-0.015620609228609717,0.9267899332182766,-1.0272757504469332,0.8381467004446593,-1.6627404735414788,0.5571215957299472,0.8425842478969815,0
1.2527146662221478,-0.06556468168733408,1.12252363252126,1.090263229965003,1.2947644960127682,1.159645216768088,0.8381467004446593,0.6014167670256413,1.3245562640908652,1.0665231852294461,1
-0.6224604847504593,-1.5684800212250773,-1.1839330414661757,-1.1215044484222225,-0.5451083179596901,-1.0272757504469332,-1.1931085566160113,0.6014167670256413,-1.1696064080821185,-1.2848356567614319,0
-1.4037834643223788,-1.5684800212250773,-0.030704704472457878,-0.015620609228609717,-0.667766505557854,-1.513258187605826,0.8381467004446593,0.6014167670256413,-0.7858890739016593,-1.0608967194289673,0
0.6276562825646116,-0.06556468168733408,-0.030704704472457878,-1.1215044484222225,-0.1771337551651984,-0.055310876129146085,0.8381467004446593,0.6014167670256413,0.1734042615494882,0.9545537165632137,0
-0.30993129292169125,-1.5684800212250773,1.12252363252126,1.090263229965003,-0.9130828807541818,0.916653998188642,0.8381467004446593,0.6014167670256413,0.269333595094603,0.8425842478969815,1
1.5652438580509145,-0.06556468168733408,1.12252363252126,2.1961470691586156,1.0494481208164406,-1.2702669690263801,0.8381467004446593,0.6014167670256413,-0.11438373908585606,0.8425842478969815,0
-1.716312656151147,-0.06556468168733408,-1.1839330414661757,1.090263229965003,-0.9130828807541818,1.159645216768088,-1.1931085566160113,-1.6627404735414788,-0.4021717397212003,-0.948927250762735,0
-1.8725772520655304,-0.06556468168733408,-1.1839330414661757,-1.1215044484222225,0.6814735580219489,-1.513258187605826,-1.1931085566160113,-1.6627404735414788,-0.8818184074467741,-0.05317150143287675,0
0.6276562825646116,-0.06556468168733408,1.12252363252126,1.090263229965003,1.2947644960127682,0.916653998188642,0.8381467004446593,-1.6627404735414788,0.269333595094603,1.4024315912281429,1
1.2527146662221478,-0.06556468168733408,-1.1839330414661757,1.090263229965003,1.2947644960127682,0.916653998188642,0.8381467004446593,0.6014167670256413,0.5571215957299472,1.5144010598943751,1
-1.8725772520655304,-0.06556468168733408,-1.1839330414661757,-1.1215044484222225,-1.6490320063431652,-1.0272757504469332,-1.1931085566160113,-1.6627404735414788,-1.3614650751723478,-0.16514097009910902,0
-1.8725772520655304,1.4373506578504092,-0.030704704472457878,1.090263229965003,-0.0544755675670345,0.43067156102974796,0.8381467004446593,0.6014167670256413,1.3245562640908652,1.4024315912281429,1
-1.4037834643223788,-0.06556468168733408,-1.1839330414661757,-0.015620609228609717,0.5588153704237849,-0.29830209470859204,-1.1931085566160113,-1.6627404735414788,-1.3614650751723478,-0.6130188447640381,0
0.9401854743933811,-0.06556468168733408,1.12252363252126,-0.015620609228609717,-0.7904246931560178,0.916653998188642,0.8381467004446593,-1.6627404735414788,0.1734042615494882,-1.0608967194289673,0
1.0964500703077644,-0.06556468168733408,-1.1839330414661757,2.1961470691586156,0.43615718282562105,0.673662779609194,0.8381467004446593,-1.6627404735414788,0.4611922621848325,-1.396805125427664,0
0.7839208784789949,-0.06556468168733408,-1.1839330414661757,-1.1215044484222225,-0.2997919427633623,-0.5412933132880401,0.8381467004446593,0.6014167670256413,0.9408389299104063,-1.0608967194289673,0
0.7839208784789949,-0.06556468168733408,-0.030704704472457878,1.090263229965003,0.19084080762929329,1.159645216768088,0.8381467004446593,0.6014167670256413,0.5571215957299472,1.4024315912281429,1
-1.8725772520655304,-0.06556468168733408,-1.1839330414661757,-1.1215044484222225,-0.2997919427633623,-1.0272757504469332,0.8381467004446593,0.6014167670256413,0.8449095963652915,-0.8369577820965027,0
-0.30993129292169125,1.4373506578504092,1.12252363252126,-1.1215044484222225,0.19084080762929329,-1.0272757504469332,0.8381467004446593,0.6014167670256413,-0.4021717397212003,-1.0608967194289673,0
-0.4661958888360746,-0.06556468168733408,-0.030704704472457878,-0.015620609228609717,-1.526373818745001,-1.7562494061852731,-1.1931085566160113,0.6014167670256413,-1.0736770745370037,-0.8369577820965027,0
0.0025978989070768233,1.4373506578504092,1.12252363252126,-1.1215044484222225,0.43615718282562105,0.673662779609194,0.8381467004446593,-1.6627404735414788,1.036768263455521,0.058797967233355536,0
-1.4037834643223788,-1.5684800212250773,-1.1839330414661757,-1.1215044484222225,-0.2997919427633623,-2.485223061923614,-1.1931085566160113,-1.6627404735414788,-0.4981010732663151,-0.6130188447640381,0
-0.7787250806648427,-1.5684800212250773,-1.1839330414661757,-1.1215044484222225,-0.7904246931560178,-0.5412933132880401,0.8381467004446593,0.6014167670256413,0.269333595094603,0.9545537165632137,1
-1.8725772520655304,1.4373506578504092,1.12252363252126,-1.1215044484222225,-0.0544755675670345,-1.513258187605826,0.8381467004446593,0.6014167670256413,-0.11438373908585606,1.2904621225619106,0
0.47139168665022824,1.4373506578504092,1.12252363252126,1.090263229965003,1.2947644960127682,0.673662779609194,0.8381467004446593,0.6014167670256413,0.3652629286397177,1.1784926538956784,1
0.9401854743933811,-0.06556468168733408,-0.030704704472457878,-0.015620609228609717,0.6814735580219489,1.159645216768088,0.8381467004446593,0.6014167670256413,-0.21031307263097082,0.8425842478969815,1
1.7215084539653005,-1.5684800212250773,1.12252363252126,1.090263229965003,-0.2997919427633623,0.43067156102974796,0.8381467004446593,0.6014167670256413,1.3245562640908652,0.8425842478969815,1
1.5652438580509145,1.4373506578504092,1.12252363252126,-1.1215044484222225,0.5588153704237849,-0.5412933132880401,0.8381467004446593,-1.6627404735414788,0.9408389299104063,0.9545537165632137,0
-0.30993129292169125,-1.5684800212250773,-0.030704704472457878,-1.1215044484222225,0.19084080762929329,-0.055310876129146085,0.8381467004446593,0.6014167670256413,-0.5940304068114298,-1.5087745940938964,0
-1.5600480602367621,-1.5684800212250773,-0.030704704472457878,-0.015620609228609717,-0.0544755675670345,-0.5412933132880401,-1.1931085566160113,-1.6627404735414788,0.8449095963652915,-0.8369577820965027,0
-1.0912542724936107,-0.06556468168733408,-0.030704704472457878,-1.1215044484222225,-1.526373818745001,-1.99924062476472,-1.1931085566160113,0.6014167670256413,-1.3614650751723478,-1.2848356567614319,0
0.0025978989070768233,-1.5684800212250773,-1.1839330414661757,-1.1215044484222225,1.1721063084146044,-0.29830209470859204,-1.1931085566160113,-1.6627404735414788,-1.3614650751723478,-0.5010493760978059,0
-1.8725772520655304,-0.06556468168733408,1.12252363252126,1.090263229965003,-0.5451083179596901,-1.2702669690263801,0.8381467004446593,0.6014167670256413,0.9408389299104063,-0.8369577820965027,0
-0.6224604847504593,-0.06556468168733408,-1.1839330414661757,1.090263229965003,-0.5451083179596901,-1.99924062476472,-1.1931085566160113,0.6014167670256413,0.5571215957299472,-1.5087745940938964,0
0.47139168665022824,1.4373506578504092,1.12252363252126,1.090263229965003,0.8041317456201127,1.159645216768088,0.8381467004446593,0.6014167670256413,0.8449095963652915,1.1784926538956784,1
-0.30993129292169125,-0.06556468168733408,-0.030704704472457878,-1.1215044484222225,-2.1396647567358205,0.18768034245030202,-1.1931085566160113,-1.6627404735414788,-0.8818184074467741,-0.3890799074315736,0
0.9401854743933811,-1.5684800212250773,-0.030704704472457878,1.090263229965003,0.19084080762929329,0.18768034245030202,0.8381467004446593,-1.6627404735414788,-0.11438373908585606,1.4024315912281429,1
0.6276562825646116,1.4373506578504092,1.12252363252126,-0.015620609228609717,-1.526373818745001,0.18768034245030202,0.8381467004446593,0.6014167670256413,-0.9777477409918889,0.8425842478969815,0
0.7839208784789949,1.4373506578504092,1.12252363252126,1.090263229965003,1.2947644960127682,1.159645216768088,0.8381467004446593,0.6014167670256413,0.07747492800437346,1.0665231852294461,1
0.9401854743933811,-0.06556468168733408,1.12252363252126,1.090263229965003,0.5588153704237849,0.18768034245030202,0.8381467004446593,0.6014167670256413,0.9408389299104063,1.5144010598943751,1
-0.6224604847504593,-1.5684800212250773,1.12252363252126,1.090263229965003,1.1721063084146044,0.43067156102974796,0.8381467004446593,0.6014167670256413,1.036768263455521,1.2904621225619106,1
-0.30993129292169125,1.4373506578504092,1.12252363252126,1.090263229965003,-0.0544755675670345,-0.5412933132880401,0.8381467004446593,0.6014167670256413,0.5571215957299472,-0.5010493760978059,1
1.4089792621365311,1.4373506578504092,1.12252363252126,1.090263229965003,1.2947644960127682,0.916653998188642,0.8381467004446593,0.6014167670256413,0.5571215957299472,1.5144010598943751,1
1.7215084539653005,1.4373506578504092,-0.030704704472457878,1.090263229965003,1.1721063084146044,1.159645216768088,0.8381467004446593,0.6014167670256413,1.6123442647262096,1.1784926538956784,0
-0.15366669700730792,-0.06556468168733408,-1.1839330414661757,-1.1215044484222225,-0.0544755675670345,-0.29830209470859204,0.8381467004446593,-1.6627404735414788,-1.1696064080821185,-1.5087745940938964,0
0.3151270907358449,-1.5684800212250773,-0.030704704472457878,-1.1215044484222225,0.9267899332182766,0.18768034245030202,0.8381467004446593,0.6014167670256413,0.4611922621848325,-0.5010493760978059,1
-0.4661958888360746,-0.06556468168733408,-0.030704704472457878,-1.1215044484222225,-0.5451083179596901,-1.0272757504469332,-1.1931085566160113,0.6014167670256413,-0.0184544055407413,-0.5010493760978059,1
-1.5600480602367621,-0.06556468168733408,1.12252363252126,-1.1215044484222225,0.9267899332182766,0.18768034245030202,0.8381467004446593,0.6014167670256413,-0.0184544055407413,-0.8369577820965027,0
1.8777730498796839,-0.06556468168733408,-0.030704704472457878,-1.1215044484222225,-0.2997919427633623,0.43067156102974796,0.8381467004446593,0.6014167670256413,0.1734042615494882,1.2904621225619106,0
-0.6224604847504593,-1.5684800212250773,-0.030704704472457878,-0.015620609228609717,-1.2810574435486735,-0.5412933132880401,-1.1931085566160113,0.6014167670256413,-0.5940304068114298,-0.8369577820965027,0
-0.15366669700730792,-0.06556468168733408,-1.1839330414661757,-0.015620609228609717,-0.4224501303615262,-0.784284531867486,-1.1931085566160113,0.6014167670256413,1.3245562640908652,-0.7249883134302705,0
-1.5600480602367621,-1.5684800212250773,-0.030704704472457878,-1.1215044484222225,-0.667766505557854,-1.7562494061852731,-1.1931085566160113,0.6014167670256413,1.2286269305457505,-0.6130188447640381,1
-1.8725772520655304,-0.06556468168733408,-1.1839330414661757,-0.015620609228609717,-1.4037156311468373,-0.5412933132880401,-1.1931085566160113,-1.6627404735414788,-1.3614650751723478,-1.0608967194289673,0
0.7839208784789949,1.4373506578504092,1.12252363252126,1.090263229965003,1.2947644960127682,1.159645216768088,0.8381467004446593,0.6014167670256413,1.6123442647262096,1.2904621225619106,1
1.5652438580509145,-0.06556468168733408,1.12252363252126,1.090263229965003,-0.0544755675670345,0.673662779609194,0.8381467004446593,0.6014167670256413,0.653050929275062,1.5144010598943751,0
0.6276562825646116,1.4373506578504092,1.12252363252126,1.090263229965003,1.0494481208164406,1.159645216768088,0.8381467004446593,0.6014167670256413,0.4611922621848325,0.7306147792307492,1
0.6276562825646116,-0.06556468168733408,1.12252363252126,-1.1215044484222225,0.31349899522745717,0.18768034245030202,0.8381467004446593,0.6014167670256413,-0.0184544055407413,0.9545537165632137,0
-0.15366669700730792,-0.06556468168733408,-0.030704704472457878,-0.015620609228609717,0.31349899522745717,0.916653998188642,0.8381467004446593,0.6014167670256413,1.6123442647262096,-1.0608967194289673,0
0.7839208784789949,1.4373506578504092,1.12252363252126,1.090263229965003,1.2947644960127682,1.159645216768088,0.8381467004446593,0.6014167670256413,1.1326975970006357,0.8425842478969815,1
1.2527146662221478,1.4373506578504092,1.12252363252126,1.090263229965003,1.0494481208164406,0.916653998188642,0.8381467004446593,0.6014167670256413,0.1734042615494882,1.0665231852294461,1
-0.4661958888360746,-1.5684800212250773,-0.030704704472457878,-1.1215044484222225,1.0494481208164406,-1.7562494061852731,-1.1931085566160113,-1.6627404735414788,0.5571215957299472,-0.7249883134302705,0
0.7839208784789949,-0.06556468168733408,-1.1839330414661757,-0.015620609228609717,-1.2810574435486735,-0.29830209470859204,-1.1931085566160113,0.6014167670256413,0.653050929275062,-1.0608967194289673,0
1.4089792621365311,1.4373506578504092,1.12252363252126,1.090263229965003,0.9267899332182766,1.159645216768088,0.8381467004446593,0.6014167670256413,1.1326975970006357,1.5144010598943751,1
0.47139168665022824,-1.5684800212250773,1.12252363252126,1.090263229965003,-0.4224501303615262,0.916653998188642,0.8381467004446593,0.6014167670256413,0.7489802628201767,0.8425842478969815,1
0.3151270907358449,1.4373506578504092,-1.1839330414661757,-0.015620609228609717,0.06818262003112939,0.916653998188642,0.8381467004446593,0.6014167670256413,1.5164149311810948,1.0665231852294461,1
0.7839208784789949,1.4373506578504092,1.12252363252126,1.090263229965003,1.0494481208164406,1.159645216768088,0.8381467004446593,0.6014167670256413,0.9408389299104063,1.2904621225619106,1
-1.5600480602367621,-1.5684800212250773,-1.1839330414661757,-1.1215044484222225,-2.017006569137657,-2.2422318433441673,-1.1931085566160113,-1.6627404735414788,-0.0184544055407413,-0.6130188447640381,0
-0.15366669700730792,-0.06556468168733408,-1.1839330414661757,-0.015620609228609717,-1.0357410683523456,-0.29830209470859204,0.8381467004446593,0.6014167670256413,-0.5940304068114298,-1.2848356567614319,0
-0.15366669700730792,-0.06556468168733408,-1.1839330414661757,-0.015620609228609717,-1.6490320063431652,0.43067156102974796,-1.1931085566160113,0.6014167670256413,-1.3614650751723478,-0.7249883134302705,0
1.0964500703077644,1.4373506578504092,1.12252363252126,1.090263229965003,1.2947644960127682,1.159645216768088,0.8381467004446593,0.6014167670256413,1.036768263455521,1.1784926538956784,1
-1.8725772520655304,-0.06556468168733408,-0.030704704472457878,-0.015620609228609717,0.43615718282562105,-0.5412933132880401,-1.1931085566160113,0.6014167670256413,0.7489802628201767,-0.2771104387653413,0
1.4089792621365311,-0.06556468168733408,1.12252363252126,1.090263229965003,1.2947644960127682,0.673662779609194,0.8381467004446593,0.6014167670256413,1.5164149311810948,0.7306147792307492,1
0.15886249482146017,-0.06556468168733408,1.12252363252126,1.090263229965003,1.2947644960127682,1.159645216768088,0.8381467004446593,0.6014167670256413,1.6123442647262096,-0.5010493760978059,1
-0.4661958888360746,-1.5684800212250773,-1.1839330414661757,-1.1215044484222225,-1.4037156311468373,-0.5412933132880401,-1.1931085566160113,0.6014167670256413,1.1326975970006357,-0.16514097009910902,0
-1.8725772520655304,1.4373506578504092,1.12252363252126,-1.1215044484222225,-0.4224501303615262,-1.2702669690263801,-1.1931085566160113,0.6014167670256413,1.6123442647262096,-0.5010493760978059,0
0.6276562825646116,1.4373506578504092,1.12252363252126,-0.015620609228609717,-0.0544755675670345,-1.0272757504469332,0.8381467004446593,0.6014167670256413,1.2286269305457505,0.618645310564517,1
0.6276562825646116,-1.5684800212250773,1.12252363252126,1.090263229965003,1.2947644960127682,-0.29830209470859204,0.8381467004446593,0.6014167670256413,-0.0184544055407413,1.5144010598943751,1
0.47139168665022824,-1.5684800212250773,1.12252363252126,-0.015620609228609717,0.31349899522745717,1.159645216768088,0.8381467004446593,0.6014167670256413,0.07747492800437346,1.1784926538956784,0
-1.716312656151147,-0.06556468168733408,-0.030704704472457878,-0.015620609228609717,-1.2810574435486735,-1.7562494061852731,-1.1931085566160113,0.6014167670256413,-1.3614650751723478,-0.5010493760978059,0
-0.6224604847504593,-0.06556468168733408,-0.030704704472457878,-0.015620609228609717,-1.526373818745001,0.673662779609194,-1.1931085566160113,-1.6627404735414788,-0.9777477409918889,0.618645310564517,0
0.47139168665022824,-0.06556468168733408,1.12252363252126,-1.1215044484222225,-0.0544755675670345,1.159645216768088,0.8381467004446593,0.6014167670256413,0.7489802628201767,-0.05317150143287675,0
-0.15366669700730792,-0.06556468168733408,-0.030704704472457878,-1.1215044484222225,-1.0357410683523456,-1.99924062476472,-1.1931085566160113,0.6014167670256413,0.5571215957299472,-0.5010493760978059,0
0.0025978989070768233,-0.06556468168733408,1.12252363252126,1.090263229965003,-0.4224501303615262,0.18768034245030202,0.8381467004446593,0.6014167670256413,-0.7858890739016593,0.9545537165632137,0
-1.0912542724936107,-0.06556468168733408,-1.1839330414661757,-0.015620609228609717,-0.7904246931560178,0.673662779609194,-1.1931085566160113,-1.6627404735414788,-1.265535741627233,-1.396805125427664,0
0.3151270907358449,-0.06556468168733408,1.12252363252126,1.090263229965003,1.0494481208164406,1.159645216768088,0.8381467004446593,0.6014167670256413,0.7489802628201767,1.5144010598943751,0
-0.15366669700730792,-0.06556468168733408,-0.030704704472457878,-1.1215044484222225,0.5588153704237849,0.18768034245030202,0.8381467004446593,0.6014167670256413,0.269333595094603,1.2904621225619106,1
0.9401854743933811,-0.06556468168733408,1.12252363252126,2.1961470691586156,1.2947644960127682,1.159645216768088,0.8381467004446593,0.6014167670256413,-0.21031307263097082,1.1784926538956784,1
-0.4661958888360746,-1.5684800212250773,-1.1839330414661757,-0.015620609228609717,-0.9130828807541818,-1.99924062476472,-1.1931085566160113,0.6014167670256413,-0.30624240617608556,-1.5087745940938964,0
-1.0912542724936107,-1.5684800212250773,-0.030704704472457878,-0.015620609228609717,-1.526373818745001,-1.2702669690263801,0.8381467004446593,-1.6627404735414788,0.5571215957299472,-0.8369577820965027,0
0.9401854743933811,-0.06556468168733408,1.12252363252126,-1.1215044484222225,0.5588153704237849,0.18768034245030202,0.8381467004446593,0.6014167670256413,1.2286269305457505,0.618645310564517,1
1.0964500703077644,-0.06556468168733408,1.12252363252126,-1.1215044484222225,0.6814735580219489,0.673662779609194,0.8381467004446593,0.6014167670256413,1.2286269305457505,0.618645310564517,1
-1.247518868407994,-1.5684800212250773,-0.030704704472457878,-1.1215044484222225,-0.2997919427633623,-0.29830209470859204,-1.1931085566160113,-1.6627404735414788,0.07747492800437346,-0.7249883134302705,0
1.4089792621365311,-0.06556468168733408,1.12252363252126,1.090263229965003,0.6814735580219489,1.159645216768088,0.8381467004446593,0.6014167670256413,1.2286269305457505,1.0665231852294461,1
0.9401854743933811,1.4373506578504092,-0.030704704472457878,-1.1215044484222225,-0.667766505557854,1.159645216768088,0.8381467004446593,0.6014167670256413,-1.1696064080821185,-0.7249883134302705,1
1.0964500703077644,-0.06556468168733408,-0.030704704472457878,1.090263229965003,0.5588153704237849,0.18768034245030202,0.8381467004446593,0.6014167670256413,0.9408389299104063,0.9545537165632137,1
1.4089792621365311,1.4373506578504092,1.12252363252126,1.090263229965003,1.2947644960127682,1.159645216768088,0.8381467004446593,0.6014167670256413,1.2286269305457505,1.2904621225619106,1
0.0025978989070768233,-0.06556468168733408,1.12252363252126,1.090263229965003,0.9267899332182766,1.159645216768088,0.8381467004446593,0.6014167670256413,0.8449095963652915,1.2904621225619106,1
0.9401854743933811,1.4373506578504092,-1.1839330414661757,1.090263229965003,-0.9130828807541818,-0.784284531867486,0.8381467004446593,0.6014167670256413,0.653050929275062,-0.5010493760978059,0
0.7839208784789949,1.4373506578504092,1.12252363252126,1.090263229965003,1.2947644960127682,0.673662779609194,0.8381467004446593,0.6014167670256413,0.5571215957299472,0.9545537165632137,1
-1.8725772520655304,-1.5684800212250773,-1.1839330414661757,-0.015620609228609717,-0.5451083179596901,-2.2422318433441673,-1.1931085566160113,-1.6627404735414788,-1.0736770745370037,-1.396805125427664,0
1.4089792621365311,1.4373506578504092,1.12252363252126,1.090263229965003,1.0494481208164406,0.916653998188642,0.8381467004446593,0.6014167670256413,0.3652629286397177,1.0665231852294461,0
-0.4661958888360746,-0.06556468168733408,-0.030704704472457878,-0.015620609228609717,0.31349899522745717,-0.784284531867486,-1.1931085566160113,-1.6627404735414788,-1.0736770745370037,-1.396805125427664,0
-1.716312656151147,-0.06556468168733408,-1.1839330414661757,-1.1215044484222225,-0.7904246931560178,0.43067156102974796,0.8381467004446593,-1.6627404735414788,0.269333595094603,-0.948927250762735,0
0.7839208784789949,1.4373506578504092,1.12252363252126,2.1961470691586156,1.0494481208164406,0.43067156102974796,-1.1931085566160113,0.6014167670256413,0.4611922621848325,1.1784926538956784,0
-0.6224604847504593,-0.06556468168733408,-0.030704704472457878,-0.015620609228609717,0.06818262003112939,-0.055310876129146085,0.8381467004446593,0.6014167670256413,-1.3614650751723478,-0.2771104387653413,1
1.4089792621365311,1.4373506578504092,1.12252363252126,1.090263229965003,1.2947644960127682,0.916653998188642,0.8381467004446593,0.6014167670256413,1.036768263455521,1.5144010598943751,1
0.9401854743933811,1.4373506578504092,1.12252363252126,1.090263229965003,0.9267899332182766,1.159645216768088,0.8381467004446593,0.6014167670256413,1.2286269305457505,1.0665231852294461,1
0.0025978989070768233,-0.06556468168733408,-0.030704704472457878,-1.1215044484222225,0.19084080762929329,0.18768034245030202,0.8381467004446593,0.6014167670256413,-1.3614650751723478,0.8425842478969815,1
-0.7787250806648427,-0.06556468168733408,-1.1839330414661757,-0.015620609228609717,-1.6490320063431652,-1.99924062476472,-1.1931085566160113,-1.6627404735414788,-1.3614650751723478,-0.05317150143287675,0
-1.5600480602367621,-1.5684800212250773,-1.1839330414661757,1.090263229965003,-1.2810574435486735,0.18768034245030202,0.8381467004446593,-1.6627404735414788,1.1326975970006357,-1.732713531426361,0
-0.4661958888360746,-1.5684800212250773,-1.1839330414661757,-0.015620609228609717,-0.7904246931560178,0.18768034245030202,-1.1931085566160113,-1.6627404735414788,-1.3614650751723478,-1.9566524687588256,0
-0.15366669700730792,-1.5684800212250773,-1.1839330414661757,-0.015620609228609717,0.5588153704237849,-0.055310876129146085,-1.1931085566160113,-1.6627404735414788,-1.3614650751723478,-0.7249883134302705,0
1.2527146662221478,1.4373506578504092,-0.030704704472457878,-1.1215044484222225,0.8041317456201127,-0.055310876129146085,0.8381467004446593,0.6014167670256413,1.036768263455521,1.2904621225619106,1
0.15886249482146017,1.4373506578504092,-0.030704704472457878,1.090263229965003,0.06818262003112939,0.673662779609194,-1.1931085566160113,0.6014167670256413,-0.9777477409918889,-0.05317150143287675,1
1.5652438580509145,1.4373506578504092,1.12252363252126,1.090263229965003,1.2947644960127682,1.159645216768088,0.8381467004446593,0.6014167670256413,0.9408389299104063,1.1784926538956784,1
0.47139168665022824,1.4373506578504092,-0.030704704472457878,1.090263229965003,0.8041317456201127,0.43067156102974796,0.8381467004446593,0.6014167670256413,0.653050929275062,1.1784926538956784,1
-0.15366669700730792,-1.5684800212250773,-1.1839330414661757,-1.1215044484222225,0.19084080762929329,-1.0272757504469332,0.8381467004446593,0.6014167670256413,-0.7858890739016593,0.9545537165632137,1
-1.8725772520655304,-1.5684800212250773,1.12252363252126,-0.015620609228609717,-1.1583992559505094,-2.485223061923614,0.8381467004446593,0.6014167670256413,-0.11438373908585606,-0.948927250762735,1
-0.4661958888360746,-0.06556468168733408,-0.030704704472457878,-0.015620609228609717,-0.1771337551651984,0.18768034245030202,-1.1931085566160113,0.6014167670256413,1.1326975970006357,-0.7249883134302705,0
0.3151270907358449,-0.06556468168733408,-0.030704704472457878,-1.1215044484222225,-1.4037156311468373,-1.513258187605826,-1.1931085566160113,-1.6627404735414788,-1.3614650751723478,-1.732713531426361,0
0.47139168665022824,-0.06556468168733408,-0.030704704472457878,-0.015620609228609717,-0.1771337551651984,-1.7562494061852731,0.8381467004446593,0.6014167670256413,0.9408389299104063,0.9545537165632137,0
1.0964500703077644,-0.06556468168733408,1.12252363252126,-1.1215044484222225,-0.7904246931560178,0.43067156102974796,0.8381467004446593,0.6014167670256413,1.2286269305457505,0.9545537165632137,0
0.6276562825646116,-0.06556468168733408,1.12252363252126,1.090263229965003,-0.1771337551651984,-1.513258187605826,0.8381467004446593,0.6014167670256413,0.3652629286397177,0.9545537165632137,1
-1.716312656151147,-0.06556468168733408,-1.1839330414661757,-1.1215044484222225,-0.667766505557854,-1.7562494061852731,-1.1931085566160113,-1.6627404735414788,-1.3614650751723478,-0.8369577820965027,0
-1.0912542724936107,-0.06556468168733408,-0.030704704472457878,-0.015620609228609717,-0.1771337551651984,-0.784284531867486,-1.1931085566160113,-1.6627404735414788,-1.3614650751723478,-0.3890799074315736,0
-0.15366669700730792,-0.06556468168733408,1.12252363252126,-0.015620609228609717,-0.2997919427633623,0.673662779609194,0.8381467004446593,0.6014167670256413,0.3652629286397177,0.5066758418982846,0
0.0025978989070768233,-0.06556468168733408,-1.1839330414661757,-1.1215044484222225,-0.5451083179596901,-1.7562494061852731,-1.1931085566160113,0.6014167670256413,-0.9777477409918889,-0.3890799074315736,0
0.0025978989070768233,-0.06556468168733408,-1.1839330414661757,-1.1215044484222225,-1.1583992559505094,-1.0272757504469332,-1.1931085566160113,0.6014167670256413,-1.3614650751723478,-0.8369577820965027,0
-1.716312656151147,-0.06556468168733408,-1.1839330414661757,-1.1215044484222225,-0.9130828807541818,-0.5412933132880401,0.8381467004446593,-1.6627404735414788,-1.0736770745370037,-1.1728661880951996,1
1.5652438580509145,-0.06556468168733408,-0.030704704472457878,1.090263229965003,-0.667766505557854,-0.5412933132880401,0.8381467004446593,0.6014167670256413,0.5571215957299472,1.4024315912281429,1
1.7215084539653005,1.4373506578504092,1.12252363252126,1.090263229965003,1.2947644960127682,1.159645216768088,0.8381467004446593,0.6014167670256413,0.269333595094603,1.5144010598943751,1
1.4089792621365311,-1.5684800212250773,1.12252363252126,1.090263229965003,1.2947644960127682,1.159645216768088,0.8381467004446593,-1.6627404735414788,1.1326975970006357,1.1784926538956784,1
-1.5600480602367621,-1.5684800212250773,-1.1839330414661757,-1.1215044484222225,-1.4037156311468373,-1.99924062476472,-1.1931085566160113,-1.6627404735414788,-0.5940304068114298,-0.7249883134302705,0
0.9401854743933811,-0.06556468168733408,1.12252363252126,-0.015620609228609717,1.0494481208164406,1.159645216768088,0.8381467004446593,0.6014167670256413,1.1326975970006357,1.1784926538956784,1
-1.8725772520655304,-1.5684800212250773,-0.030704704472457878,-0.015620609228609717,-0.9130828807541818,-3.214196717661954,-1.1931085566160113,0.6014167670256413,-0.9777477409918889,0.17076743589958782,0
0.9401854743933811,1.4373506578504092,-0.030704704472457878,-1.1215044484222225,-0.0544755675670345,0.43067156102974796,0.8381467004446593,0.6014167670256413,1.2286269305457505,-0.948927250762735,1
-0.15366669700730792,-0.06556468168733408,-0.030704704472457878,-0.015620609228609717,-1.526373818745001,0.43067156102974796,0.8381467004446593,-1.6627404735414788,-0.7858890739016593,-0.948927250762735,0
-1.716312656151147,-0.06556468168733408,-0.030704704472457878,-0.015620609228609717,-0.667766505557854,-1.513258187605826,-1.1931085566160113,-1.6627404735414788,-1.3614650751723478,-0.948927250762735,0
1.2527146662221478,-0.06556468168733408,1.12252363252126,2.1961470691586156,1.0494481208164406,0.18768034245030202,0.8381467004446593,0.6014167670256413,0.5571215957299472,0.9545537165632137,1
-1.8725772520655304,-1.5684800212250773,-1.1839330414661757,-0.015620609228609717,-1.6490320063431652,-0.5412933132880401,-1.1931085566160113,-1.6627404735414788,-0.21031307263097082,-0.8369577820965027,0
1.7215084539653005,-0.06556468168733408,1.12252363252126,1.090263229965003,1.2947644960127682,1.159645216768088,0.8381467004446593,0.6014167670256413,1.1326975970006357,1.0665231852294461,1
0.0025978989070768233,-0.06556468168733408,-1.1839330414661757,-1.1215044484222225,-1.1583992559505094,0.18768034245030202,0.8381467004446593,0.6014167670256413,-0.4021717397212003,-0.5010493760978059,0
0.15886249482146017,-0.06556468168733408,-0.030704704472457878,-1.1215044484222225,0.06818262003112939,-1.2702669690263801,-1.1931085566160113,0.6014167670256413,-0.4981010732663151,-1.6207440627601286,1
-0.4661958888360746,-0.06556468168733408,-0.030704704472457878,-1.1215044484222225,-0.7904246931560178,-0.29830209470859204,-1.1931085566160113,-1.6627404735414788,-1.3614650751723478,-1.5087745940938964,0
1.4089792621365311,1.4373506578504092,1.12252363252126,1.090263229965003,1.2947644960127682,0.673662779609194,0.8381467004446593,0.6014167670256413,0.653050929275062,1.1784926538956784,1
-1.8725772520655304,1.4373506578504092,1.12252363252126,-1.1215044484222225,-0.2997919427633623,-0.055310876129146085,-1.1931085566160113,0.6014167670256413,1.7082735982713242,-0.8369577820965027,0
-1.4037834643223788,-1.5684800212250773,-1.1839330414661757,-0.015620609228609717,-0.0544755675670345,-0.29830209470859204,0.8381467004446593,0.6014167670256413,-0.8818184074467741,0.8425842478969815,0
0.15886249482146017,-1.5684800212250773,1.12252363252126,-0.015620609228609717,0.9267899332182766,0.18768034245030202,0.8381467004446593,0.6014167670256413,0.1734042615494882,-0.5010493760978059,0
0.9401854743933811,-0.06556468168733408,1.12252363252126,-0.015620609228609717,1.0494481208164406,1.159645216768088,0.8381467004446593,0.6014167670256413,0.9408389299104063,1.2904621225619106,1
-0.4661958888360746,-0.06556468168733408,-0.030704704472457878,1.090263229965003,0.43615718282562105,0.18768034245030202,0.8381467004446593,0.6014167670256413,-1.265535741627233,-1.1728661880951996,1
0.9401854743933811,1.4373506578504092,1.12252363252126,-0.015620609228609717,-0.0544755675670345,0.18768034245030202,0.8381467004446593,0.6014167670256413,0.5571215957299472,1.1784926538956784,0
0.47139168665022824,1.4373506578504092,-0.030704704472457878,1.090263229965003,0.43615718282562105,0.43067156102974796,0.8381467004446593,0.6014167670256413,0.269333595094603,1.5144010598943751,0
0.9401854743933811,-0.06556468168733408,1.12252363252126,-1.1215044484222225,-1.4037156311468373,0.673662779609194,0.8381467004446593,0.6014167670256413,0.8449095963652915,-0.16514097009910902,1
0.9401854743933811,-0.06556468168733408,1.12252363252126,-1.1215044484222225,-0.5451083179596901,-1.0272757504469332,0.8381467004446593,0.6014167670256413,0.653050929275062,0.7306147792307492,1
-0.30993129292169125,-0.06556468168733408,-1.1839330414661757,-1.1215044484222225,0.19084080762929329,-0.29830209470859204,-1.1931085566160113,0.6014167670256413,-1.3614650751723478,-1.732713531426361,0
-1.8725772520655304,-0.06556468168733408,-1.1839330414661757,1.090263229965003,0.19084080762929329,-1.2702669690263801,-1.1931085566160113,-1.6627404735414788,-0.7858890739016593,-1.2848356567614319,0
1.0964500703077644,1.4373506578504092,1.12252363252126,1.090263229965003,1.2947644960127682,1.159645216768088,0.8381467004446593,0.6014167670256413,1.5164149311810948,0.7306147792307492,1
-1.716312656151147,1.4373506578504092,1.12252363252126,-1.1215044484222225,-0.5451083179596901,-1.0272757504469332,0.8381467004446593,0.6014167670256413,-1.3614650751723478,0.7306147792307492,0
1.5652438580509145,1.4373506578504092,1.12252363252126,1.090263229965003,1.2947644960127682,1.159645216768088,0.8381467004446593,0.6014167670256413,0.3652629286397177,1.0665231852294461,1
0.9401854743933811,-0.06556468168733408,1.12252363252126,1.090263229965003,0.43615718282562105,0.673662779609194,0.8381467004446593,-1.6627404735414788,-0.0184544055407413,1.4024315912281429,1
1.2527146662221478,1.4373506578504092,-1.1839330414661757,1.090263229965003,0.8041317456201127,0.18768034245030202,0.8381467004446593,0.6014167670256413,0.1734042615494882,1.0665231852294461,1
1.2527146662221478,-0.06556468168733408,-0.030704704472457878,-0.015620609228609717,-2.3849811319321486,1.159645216768088,-1.1931085566160113,-1.6627404735414788,-0.30624240617608556,-0.8369577820965027,0
-0.4661958888360746,-1.5684800212250773,-1.1839330414661757,-1.1215044484222225,-1.771690193941329,-2.2422318433441673,-1.1931085566160113,-1.6627404735414788,-1.3614650751723478,-1.396805125427664,0
-0.30993129292169125,-0.06556468168733408,-1.1839330414661757,-0.015620609228609717,-0.2997919427633623,-1.2702669690263801,-1.1931085566160113,0.6014167670256413,-0.5940304068114298,-1.0608967194289673,0
-0.7787250806648427,-1.5684800212250773,-0.030704704472457878,1.090263229965003,1.2947644960127682,1.159645216768088,0.8381467004446593,0.6014167670256413,1.2286269305457505,0.058797967233355536,1
1.4089792621365311,-0.06556468168733408,1.12252363252126,1.090263229965003,0.9267899332182766,1.159645216768088,0.8381467004446593,0.6014167670256413,1.2286269305457505,1.5144010598943751,1
-1.8725772520655304,1.4373506578504092,1.12252363252126,-1.1215044484222225,1.2947644960127682,0.673662779609194,0.8381467004446593,0.6014167670256413,0.5571215957299472,-0.8369577820965027,1
-1.247518868407994,-0.06556468168733408,-1.1839330414661757,-1.1215044484222225,-0.1771337551651984,-1.0272757504469332,0.8381467004446593,0.6014167670256413,0.3652629286397177,-1.396805125427664,0
0.9401854743933811,1.4373506578504092,1.12252363252126,1.090263229965003,1.1721063084146044,1.159645216768088,0.8381467004446593,0.6014167670256413,-0.11438373908585606,1.4024315912281429,1
-0.4661958888360746,-0.06556468168733408,-1.1839330414661757,-0.015620609228609717,-1.2810574435486735,-1.0272757504469332,-1.1931085566160113,-1.6627404735414788,-1.3614650751723478,-0.948927250762735,0
1.7215084539653005,1.4373506578504092,1.12252363252126,1.090263229965003,1.2947644960127682,1.159645216768088,0.8381467004446593,0.6014167670256413,1.42048559763598,0.9545537165632137,1
-1.8725772520655304,-0.06556468168733408,-0.030704704472457878,-0.015620609228609717,-0.7904246931560178,-0.5412933132880401,-1.1931085566160113,0.6014167670256413,-0.4021717397212003,-0.7249883134302705,0
1.7215084539653005,-0.06556468168733408,1.12252363252126,-1.1215044484222225,0.8041317456201127,0.673662779609194,-1.1931085566160113,0.6014167670256413,-0.0184544055407413,-0.2771104387653413,1
0.3151270907358449,-0.06556468168733408,1.12252363252126,-1.1215044484222225,1.1721063084146044,0.43067156102974796,0.8381467004446593,0.6014167670256413,-0.9777477409918889,1.0665231852294461,1
-1.716312656151147,-0.06556468168733408,1.12252363252126,1.090263229965003,-0.0544755675670345,0.673662779609194,0.8381467004446593,0.6014167670256413,0.8449095963652915,0.058797967233355536,1
-0.15366669700730792,-0.06556468168733408,-0.030704704472457878,-1.1215044484222225,-1.0357410683523456,0.673662779609194,-1.1931085566160113,0.6014167670256413,-1.3614650751723478,-0.7249883134302705,0
-0.15366669700730792,1.4373506578504092,-1.1839330414661757,-0.015620609228609717,-2.017006569137657,1.159645216768088,-1.1931085566160113,0.6014167670256413,0.8449095963652915,-0.3890799074315736,1
0.15886249482146017,-1.5684800212250773,1.12252363252126,2.1961470691586156,0.6814735580219489,1.159645216768088,0.8381467004446593,0.6014167670256413,1.036768263455521,0.7306147792307492,1
-1.716312656151147,-0.06556468168733408,-1.1839330414661757,1.090263229965003,-1.526373818745001,-0.784284531867486,-1.1931085566160113,-1.6627404735414788,-1.3614650751723478,-0.8369577820965027,0
0.9401854743933811,-0.06556468168733408,-1.1839330414661757,-1.1215044484222225,-1.2810574435486735,0.43067156102974796,-1.1931085566160113,0.6014167670256413,-1.3614650751723478,-1.0608967194289673,0
-0.30993129292169125,-1.5684800212250773,-1.1839330414661757,-1.1215044484222225,-0.9130828807541818,-1.513258187605826,-1.1931085566160113,0.6014167670256413,-1.1696064080821185,-1.0608967194289673,0
0.7839208784789949,-0.06556468168733408,1.12252363252126,1.090263229965003,1.2947644960127682,1.159645216768088,0.8381467004446593,0.6014167670256413,1.5164149311810948,1.0665231852294461,1
-0.6224604847504593,-0.06556468168733408,-1.1839330414661757,-1.1215044484222225,-1.6490320063431652,-0.055310876129146085,-1.1931085566160113,0.6014167670256413,-1.3614650751723478,-0.7249883134302705,0
0.9401854743933811,-0.06556468168733408,-1.1839330414661757,-1.1215044484222225,0.06818262003112939,-1.7562494061852731,-1.1931085566160113,0.6014167670256413,1.036768263455521,0.058797967233355536,0
0.9401854743933811,1.4373506578504092,1.12252363252126,1.090263229965003,0.6814735580219489,0.43067156102974796,0.8381467004446593,0.6014167670256413,1.7082735982713242,0.618645310564517,1
-1.8725772520655304,-0.06556468168733408,-1.1839330414661757,-0.015620609228609717,-2.3849811319321486,-0.29830209470859204,-1.1931085566160113,-1.6627404735414788,-1.1696064080821185,-1.6207440627601286,0
-1.5600480602367621,-0.06556468168733408,-0.030704704472457878,-0.015620609228609717,-1.8943483815394928,-2.971205499082507,-1.1931085566160113,0.6014167670256413,-1.3614650751723478,-0.7249883134302705,0
-0.15366669700730792,-0.06556468168733408,-1.1839330414661757,-1.1215044484222225,-2.017006569137657,-2.485223061923614,-1.1931085566160113,-1.6627404735414788,-0.5940304068114298,-0.2771104387653413,0
0.6276562825646116,1.4373506578504092,1.12252363252126,1.090263229965003,0.9267899332182766,1.159645216768088,0.8381467004446593,-1.6627404735414788,1.42048559763598,1.2904621225619106,1
1.0964500703077644,-0.06556468168733408,-0.030704704472457878,-0.015620609228609717,0.43615718282562105,-1.513258187605826,-1.1931085566160113,0.6014167670256413,-1.3614650751723478,-0.948927250762735,0
0.7839208784789949,-0.06556468168733408,-1.1839330414661757,-1.1215044484222225,-0.7904246931560178,0.43067156102974796,-1.1931085566160113,0.6014167670256413,-1.3614650751723478,-0.7249883134302705,0
-1.8725772520655304,-1.5684800212250773,1.12252363252126,1.090263229965003,0.8041317456201127,0.673662779609194,0.8381467004446593,0.6014167670256413,0.653050929275062,0.9545537165632137,0
-0.4661958888360746,1.4373506578504092,1.12252363252126,1.090263229965003,0.06818262003112939,1.159645216768088,0.8381467004446593,0.6014167670256413,0.07747492800437346,-0.8369577820965027,0
-1.247518868407994,-0.06556468168733408,1.12252363252126,-1.1215044484222225,1.2947644960127682,-1.2702669690263801,0.8381467004446593,0.6014167670256413,1.036768263455521,0.3947063732320524,1
1.0964500703077644,1.4373506578504092,1.12252363252126,1.090263229965003,1.2947644960127682,0.916653998188642,0.8381467004446593,0.6014167670256413,0.9408389299104063,1.4024315912281429,1
-1.5600480602367621,-0.06556468168733408,-1.1839330414661757,-1.1215044484222225,-0.4224501303615262,-0.29830209470859204,-1.1931085566160113,0.6014167670256413,-1.3614650751723478,-0.948927250762735,0
0.15886249482146017,-1.5684800212250773,1.12252363252126,1.090263229965003,1.2947644960127682,0.916653998188642,0.8381467004446593,0.6014167670256413,1.1326975970006357,0.8425842478969815,1
0.7839208784789949,-1.5684800212250773,1.12252363252126,-0.015620609228609717,-0.1771337551651984,-0.29830209470859204,-1.1931085566160113,-1.6627404735414788,0.653050929275062,0.3947063732320524,0
1.4089792621365311,1.4373506578504092,1.12252363252126,1.090263229965003,1.2947644960127682,1.159645216768088,0.8381467004446593,0.6014167670256413,1.804202931816439,1.2904621225619106,1
-0.4661958888360746,-0.06556468168733408,-1.1839330414661757,-0.015620609228609717,0.5588153704237849,-0.5412933132880401,-1.1931085566160113,0.6014167670256413,-1.3614650751723478,-0.5010493760978059,0
0.0025978989070768233,-0.06556468168733408,-1.1839330414661757,-1.1215044484222225,0.6814735580219489,-1.0272757504469332,-1.1931085566160113,-1.6627404735414788,-1.1696064080821185,-1.732713531426361,1
-0.15366669700730792,-1.5684800212250773,-1.1839330414661757,-1.1215044484222225,0.43615718282562105,-0.784284531867486,-1.1931085566160113,0.6014167670256413,0.9408389299104063,1.2904621225619106,0
-1.8725772520655304,-1.5684800212250773,1.12252363252126,1.090263229965003,0.9267899332182766,1.159645216768088,0.8381467004446593,-1.6627404735414788,0.9408389299104063,-1.1728661880951996,0
0.7839208784789949,1.4373506578504092,-1.1839330414661757,1.090263229965003,-0.667766505557854,-1.0272757504469332,-1.1931085566160113,-1.6627404735414788,0.9408389299104063,-1.1728661880951996,0
1.8777730498796839,1.4373506578504092,1.12252363252126,-0.015620609228609717,1.2947644960127682,-0.055310876129146085,0.8381467004446593,0.6014167670256413,-0.7858890739016593,0.9545537165632137,1
1.2527146662221478,1.4373506578504092,-0.030704704472457878,1.090263229965003,1.2947644960127682,0.916653998188642,0.8381467004446593,0.6014167670256413,0.3652629286397177,-0.6130188447640381,0
0.9401854743933811,-0.06556468168733408,1.12252363252126,-1.1215044484222225,0.5588153704237849,0.18768034245030202,0.8381467004446593,0.6014167670256413,0.3652629286397177,1.0665231852294461,0
1.4089792621365311,1.4373506578504092,1.12252363252126,-1.1215044484222225,-1.0357410683523456,-0.29830209470859204,0.8381467004446593,0.6014167670256413,0.9408389299104063,1.2904621225619106,1
-0.4661958888360746,-0.06556468168733408,-0.030704704472457878,-1.1215044484222225,-0.4224501303615262,0.43067156102974796,-1.1931085566160113,0.6014167670256413,-1.3614650751723478,-0.2771104387653413,0
-0.6224604847504593,-1.5684800212250773,-0.030704704472457878,1.090263229965003,0.8041317456201127,1.159645216768088,0.8381467004446593,0.6014167670256413,0.4611922621848325,1.2904621225619106,1
0.0025978989070768233,-0.06556468168733408,1.12252363252126,1.090263229965003,0.19084080762929329,0.916653998188642,0.8381467004446593,0.6014167670256413,0.3652629286397177,-0.948927250762735,0
-1.8725772520655304,-0.06556468168733408,-1.1839330414661757,-1.1215044484222225,-1.526373818745001,0.673662779609194,-1.1931085566160113,0.6014167670256413,-1.3614650751723478,-0.05317150143287675,0
1.4089792621365311,-0.06556468168733408,-0.030704704472457878,1.090263229965003,0.06818262003112939,1.159645216768088,0.8381467004446593,0.6014167670256413,0.3652629286397177,0.618645310564517,0
-1.8725772520655304,-1.5684800212250773,-1.1839330414661757,-1.1215044484222225,-1.2810574435486735,0.18768034245030202,-1.1931085566160113,-1.6627404735414788,-1.1696064080821185,-0.948927250762735,0
0.7839208784789949,1.4373506578504092,1.12252363252126,1.090263229965003,1.2947644960127682,0.916653998188642,0.8381467004446593,0.6014167670256413,1.9001322653615538,0.3947063732320524,1
0.6276562825646116,-0.06556468168733408,1.12252363252126,-1.1215044484222225,1.2947644960127682,1.159645216768088,0.8381467004446593,0.6014167670256413,1.3245562640908652,0.9545537165632137,0
0.9401854743933811,-0.06556468168733408,-0.030704704472457878,-1.1215044484222225,0.31349899522745717,0.673662779609194,0.8381467004446593,0.6014167670256413,1.5164149311810948,1.2904621225619106,1
0.6276562825646116,-1.5684800212250773,1.12252363252126,1.090263229965003,0.31349899522745717,1.159645216768088,0.8381467004446593,-1.6627404735414788,1.2286269305457505,0.9545537165632137,1
0.15886249482146017,-0.06556468168733408,-1.1839330414661757,1.090263229965003,-1.771690193941329,-0.5412933132880401,-1.1931085566160113,-1.6627404735414788,-1.3614650751723478,-0.948927250762735,0
-1.716312656151147,-0.06556468168733408,-0.030704704472457878,-0.015620609228609717,-2.1396647567358205,-2.2422318433441673,-1.1931085566160113,0.6014167670256413,-1.0736770745370037,-1.396805125427664,0
1.0964500703077644,1.4373506578504092,1.12252363252126,1.090263229965003,0.6814735580219489,0.916653998188642,0.8381467004446593,0.6014167670256413,1.7082735982713242,1.1784926538956784,0
-0.6224604847504593,-0.06556468168733408,-0.030704704472457878,-0.015620609228609717,-1.2810574435486735,-0.055310876129146085,0.8381467004446593,-1.6627404735414788,-1.3614650751723478,-0.2771104387653413,0
-0.15366669700730792,-0.06556468168733408,1.12252363252126,-1.1215044484222225,0.31349899522745717,1.159645216768088,0.8381467004446593,0.6014167670256413,-0.7858890739016593,0.058797967233355536,1
1.7215084539653005,1.4373506578504092,1.12252363252126,1.090263229965003,0.6814735580219489,0.916653998188642,0.8381467004446593,-1.6627404735414788,1.6123442647262096,1.2904621225619106,1
-1.716312656151147,1.4373506578504092,-0.030704704472457878,-1.1215044484222225,-0.7904246931560178,-0.5412933132880401,-1.1931085566160113,-1.6627404735414788,-0.9777477409918889,-0.7249883134302705,0
-0.15366669700730792,1.4373506578504092,1.12252363252126,-0.015620609228609717,1.1721063084146044,0.43067156102974796,0.8381467004446593,-1.6627404735414788,0.269333595094603,1.0665231852294461,1
-0.30993129292169125,-0.06556468168733408,-1.1839330414661757,-0.015620609228609717,0.19084080762929329,-0.784284531867486,-1.1931085566160113,0.6014167670256413,0.5571215957299472,-1.5087745940938964,0
-0.30993129292169125,-0.06556468168733408,-1.1839330414661757,-1.1215044484222225,-0.4224501303615262,-0.784284531867486,-1.1931085566160113,-1.6627404735414788,-0.11438373908585606,-1.0608967194289673,0
0.6276562825646116,1.4373506578504092,1.12252363252126,1.090263229965003,0.8041317456201127,1.159645216768088,0.8381467004446593,0.6014167670256413,0.5571215957299472,1.2904621225619106,1
-0.4661958888360746,-0.06556468168733408,-0.030704704472457878,-0.015620609228609717,-1.4037156311468373,-0.29830209470859204,0.8381467004446593,0.6014167670256413,0.269333595094603,-0.948927250762735,0
0.3151270907358449,-0.06556468168733408,-0.030704704472457878,1.090263229965003,-0.4224501303615262,0.43067156102974796,0.8381467004446593,0.6014167670256413,-1.3614650751723478,-1.8446830000925933,0
1.5652438580509145,-0.06556468168733408,1.12252363252126,1.090263229965003,1.2947644960127682,1.159645216768088,0.8381467004446593,0.6014167670256413,1.036768263455521,0.9545537165632137,1
-0.6224604847504593,-0.06556468168733408,-1.1839330414661757,-0.015620609228609717,-1.6490320063431652,-1.7562494061852731,-1.1931085566160113,0.6014167670256413,-1.3614650751723478,-1.0608967194289673,0
-0.30993129292169125,-0.06556468168733408,-0.030704704472457878,-1.1215044484222225,-1.0357410683523456,0.916653998188642,-1.1931085566160113,-1.6627404735414788,-1.1696064080821185,1.4024315912281429,0
-1.8725772520655304,-1.5684800212250773,-1.1839330414661757,-0.015620609228609717,-0.0544755675670345,-1.0272757504469332,-1.1931085566160113,-1.6627404735414788,-1.3614650751723478,-0.948927250762735,0
-1.716312656151147,-0.06556468168733408,-0.030704704472457878,-1.1215044484222225,-0.2997919427633623,-0.5412933132880401,-1.1931085566160113,0.6014167670256413,0.269333595094603,-0.6130188447640381,0
0.6276562825646116,-0.06556468168733408,-0.030704704472457878,-1.1215044484222225,-1.4037156311468373,0.916653998188642,-1.1931085566160113,0.6014167670256413,-0.21031307263097082,1.4024315912281429,1
0.47139168665022824,-1.5684800212250773,1.12252363252126,-1.1215044484222225,1.0494481208164406,0.673662779609194,0.8381467004446593,0.6014167670256413,1.42048559763598,-0.5010493760978059,1
0.7839208784789949,1.4373506578504092,-1.1839330414661757,2.1961470691586156,1.0494481208164406,-0.29830209470859204,0.8381467004446593,0.6014167670256413,-0.7858890739016593,1.2904621225619106,1
1.7215084539653005,-0.06556468168733408,1.12252363252126,1.090263229965003,1.2947644960127682,1.159645216768088,0.8381467004446593,0.6014167670256413,1.5164149311810948,0.9545537165632137,1
0.9401854743933811,-0.06556468168733408,-2.3371613784598937,-1.1215044484222225,-0.7904246931560178,0.673662779609194,0.8381467004446593,0.6014167670256413,0.07747492800437346,1.1784926538956784,1
0.0025978989070768233,-0.06556468168733408,1.12252363252126,1.090263229965003,1.2947644960127682,0.916653998188642,0.8381467004446593,0.6014167670256413,1.2286269305457505,-0.16514097009910902,1
-1.4037834643223788,-0.06556468168733408,-0.030704704472457878,-1.1215044484222225,-1.526373818745001,-2.7282142805030603,-1.1931085566160113,-1.6627404735414788,-1.3614650751723478,-0.7249883134302705,0
1.0964500703077644,-0.06556468168733408,1.12252363252126,1.090263229965003,1.2947644960127682,1.159645216768088,0.8381467004446593,0.6014167670256413,0.653050929275062,1.0665231852294461,1
0.9401854743933811,-0.06556468168733408,-0.030704704472457878,-0.015620609228609717,0.19084080762929329,0.673662779609194,0.8381467004446593,0.6014167670256413,-0.11438373908585606,-0.948927250762735,1
-1.8725772520655304,-0.06556468168733408,-0.030704704472457878,-1.1215044484222225,-2.2623229443339845,0.43067156102974796,-1.1931085566160113,-1.6627404735414788,0.5571215957299472,-0.7249883134302705,0
0.7839208784789949,-0.06556468168733408,-1.1839330414661757,-0.015620609228609717,-1.2810574435486735,-0.29830209470859204,-1.1931085566160113,-1.6627404735414788,-1.0736770745370037,-1.396805125427664,0
0.7839208784789949,1.4373506578504092,1.12252363252126,1.090263229965003,1.2947644960127682,1.159645216768088,0.8381467004446593,0.6014167670256413,1.5164149311810948,0.618645310564517,1
0.9401854743933811,-0.06556468168733408,1.12252363252126,-0.015620609228609717,0.8041317456201127,-0.055310876129146085,-1.1931085566160113,0.6014167670256413,0.07747492800437346,-0.5010493760978059,1
0.9401854743933811,-0.06556468168733408,1.12252363252126,1.090263229965003,1.2947644960127682,1.159645216768088,0.8381467004446593,0.6014167670256413,1.5164149311810948,1.2904621225619106,1
0.47139168665022824,-0.06556468168733408,1.12252363252126,1.090263229965003,1.1721063084146044,1.159645216768088,0.8381467004446593,0.6014167670256413,0.07747492800437346,0.7306147792307492,0
-1.8725772520655304,-0.06556468168733408,-0.030704704472457878,-1.1215044484222225,-0.4224501303615262,0.43067156102974796,0.8381467004446593,0.6014167670256413,0.5571215957299472,0.8425842478969815,0
-0.15366669700730792,-0.06556468168733408,-1.1839330414661757,-0.015620609228609717,-1.526373818745001,0.43067156102974796,-1.1931085566160113,-1.6627404735414788,-1.3614650751723478,-0.05317150143287675,0
0.6276562825646116,1.4373506578504092,1.12252363252126,1.090263229965003,1.2947644960127682,0.916653998188642,0.8381467004446593,0.6014167670256413,0.653050929275062,1.5144010598943751,1
0.9401854743933811,1.4373506578504092,1.12252363252126,1.090263229965003,1.2947644960127682,1.159645216768088,0.8381467004446593,0.6014167670256413,1.7082735982713242,0.7306147792307492,0
0.0025978989070768233,-0.06556468168733408,-1.1839330414661757,-0.015620609228609717,-1.4037156311468373,0.673662779609194,0.8381467004446593,-1.6627404735414788,-0.4021717397212003,-1.0608967194289673,0
0.9401854743933811,1.4373506578504092,1.12252363252126,-0.015620609228609717,1.2947644960127682,1.159645216768088,0.8381467004446593,0.6014167670256413,-0.0184544055407413,0.9545537165632137,1
-1.247518868407994,-0.06556468168733408,-1.1839330414661757,-0.015620609228609717,-0.7904246931560178,-1.7562494061852731,-1.1931085566160113,-1.6627404735414788,0.1734042615494882,-1.9566524687588256,0
-0.30993129292169125,1.4373506578504092,-0.030704704472457878,1.090263229965003,-0.1771337551651984,-0.29830209470859204,-1.1931085566160113,-1.6627404735414788,-0.9777477409918889,-0.3890799074315736,0
-1.716312656151147,-0.06556468168733408,1.12252363252126,-1.1215044484222225,0.9267899332182766,0.916653998188642,0.8381467004446593,0.6014167670256413,1.3245562640908652,1.0665231852294461,1
1.5652438580509145,-1.5684800212250773,1.12252363252126,1.090263229965003,1.2947644960127682,1.159645216768088,0.8381467004446593,0.6014167670256413,0.1734042615494882,0.9545537165632137,1
-0.7787250806648427,1.4373506578504092,1.12252363252126,-1.1215044484222225,0.8041317456201127,1.159645216768088,0.8381467004446593,0.6014167670256413,1.1326975970006357,0.8425842478969815,1
-1.8725772520655304,-0.06556468168733408,-0.030704704472457878,-1.1215044484222225,-0.2997919427633623,-1.99924062476472,-1.1931085566160113,0.6014167670256413,-1.1696064080821185,-0.7249883134302705,1
-0.15366669700730792,-0.06556468168733408,-1.1839330414661757,1.090263229965003,-0.5451083179596901,1.159645216768088,-1.1931085566160113,0.6014167670256413,-0.8818184074467741,-0.7249883134302705,0
-0.30993129292169125,-0.06556468168733408,-1.1839330414661757,-0.015620609228609717,-2.017006569137657,-1.513258187605826,-1.1931085566160113,0.6014167670256413,-1.1696064080821185,-0.948927250762735,0
-0.30993129292169125,-0.06556468168733408,-0.030704704472457878,-0.015620609228609717,-0.9130828807541818,-0.055310876129146085,-1.1931085566160113,0.6014167670256413,-1.1696064080821185,-0.8369577820965027,0
-0.4661958888360746,1.4373506578504092,-1.1839330414661757,-1.1215044484222225,-0.7904246931560178,-0.5412933132880401,0.8381467004446593,0.6014167670256413,0.8449095963652915,0.5066758418982846,0
0.3151270907358449,-1.5684800212250773,-0.030704704472457878,1.090263229965003,0.19084080762929329,-0.055310876129146085,0.8381467004446593,-1.6627404735414788,1.42048559763598,-1.5087745940938964,0
-0.30993129292169125,-0.06556468168733408,-0.030704704472457878,-0.015620609228609717,-0.7904246931560178,-0.29830209470859204,0.8381467004446593,0.6014167670256413,0.269333595094603,-1.1728661880951996,0
1.2527146662221478,-0.06556468168733408,-1.1839330414661757,1.090263229965003,1.0494481208164406,0.43067156102974796,0.8381467004446593,0.6014167670256413,0.653050929275062,0.5066758418982846,1
1.5652438580509145,-0.06556468168733408,-0.030704704472457878,-1.1215044484222225,-0.1771337551651984,0.18768034245030202,0.8381467004446593,0.6014167670256413,0.1734042615494882,0.618645310564517,1
-1.0912542724936107,-0.06556468168733408,1.12252363252126,-1.1215044484222225,0.31349899522745717,0.916653998188642,0.8381467004446593,0.6014167670256413,-0.8818184074467741,-0.8369577820965027,1
0.7839208784789949,1.4373506578504092,-0.030704704472457878,1.090263229965003,-0.1771337551651984,-0.784284531867486,-1.1931085566160113,-1.6627404735414788,-0.4021717397212003,-1.2848356567614319,0
1.0964500703077644,1.4373506578504092,-0.030704704472457878,1.090263229965003,0.5588153704237849,0.916653998188642,0.8381467004446593,0.6014167670256413,1.5164149311810948,0.8425842478969815,1
-0.15366669700730792,-0.06556468168733408,-1.1839330414661757,-1.1215044484222225,1.0494481208164406,-0.29830209470859204,0.8381467004446593,0.6014167670256413,-1.3614650751723478,-1.9566524687588256,1
-1.8725772520655304,-1.5684800212250773,1.12252363252126,-1.1215044484222225,-1.0357410683523456,-1.7562494061852731,-1.1931085566160113,0.6014167670256413,-1.1696064080821185,-0.05317150143287675,0
0.7839208784789949,-1.5684800212250773,-0.030704704472457878,-0.015620609228609717,0.31349899522745717,0.43067156102974796,0.8381467004446593,0.6014167670256413,0.8449095963652915,1.4024315912281429,1
1.4089792621365311,-0.06556468168733408,1.12252363252126,1.090263229965003,-1.1583992559505094,-0.055310876129146085,0.8381467004446593,0.6014167670256413,1.036768263455521,1.4024315912281429,1
0.47139168665022824,1.4373506578504092,-1.1839330414661757,1.090263229965003,1.1721063084146044,-0.29830209470859204,-1.1931085566160113,0.6014167670256413,-0.11438373908585606,0.8425842478969815,0
-0.30993129292169125,-0.06556468168733408,-0.030704704472457878,-0.015620609228609717,1.2947644960127682,-1.2702669690263801,0.8381467004446593,0.6014167670256413,1.2286269305457505,1.2904621225619106,1
1.0964500703077644,-0.06556468168733408,-1.1839330414661757,-0.015620609228609717,-1.1583992559505094,-0.29830209470859204,-1.1931085566160113,-1.6627404735414788,-0.6899597403565446,-0.7249883134302705,0
0.47139168665022824,-0.06556468168733408,-0.030704704472457878,-1.1215044484222225,-2.2623229443339845,-1.7562494061852731,0.8381467004446593,-1.6627404735414788,-0.9777477409918889,-1.1728661880951996,0
-1.8725772520655304,-0.06556468168733408,-1.1839330414661757,-1.1215044484222225,-0.5451083179596901,0.43067156102974796,-1.1931085566160113,-1.6627404735414788,-0.9777477409918889,-0.948927250762735,0
1.0964500703077644,-0.06556468168733408,-0.030704704472457878,-1.1215044484222225,-0.0544755675670345,-2.2422318433441673,0.8381467004446593,0.6014167670256413,0.269333595094603,1.5144010598943751,1
-0.15366669700730792,-1.5684800212250773,-1.1839330414661757,-1.1215044484222225,-1.0357410683523456,-0.784284531867486,-1.1931085566160113,0.6014167670256413,-1.0736770745370037,-0.948927250762735,0
0.0025978989070768233,1.4373506578504092,-0.030704704472457878,1.090263229965003,0.06818262003112939,0.18768034245030202,-1.1931085566160113,0.6014167670256413,0.1734042615494882,-0.16514097009910902,1
-1.0912542724936107,-1.5684800212250773,1.12252363252126,-1.1215044484222225,-0.5451083179596901,-1.0272757504469332,-1.1931085566160113,-1.6627404735414788,-1.265535741627233,-0.5010493760978059,1
-1.5600480602367621,-1.5684800212250773,-1.1839330414661757,-0.015620609228609717,-1.0357410683523456,-0.29830209470859204,-1.1931085566160113,-1.6627404735414788,-1.3614650751723478,-0.6130188447640381,0
-1.4037834643223788,-0.06556468168733408,-1.1839330414661757,-1.1215044484222225,-0.667766505557854,-0.055310876129146085,-1.1931085566160113,0.6014167670256413,-0.7858890739016593,-0.7249883134302705,0
0.9401854743933811,-0.06556468168733408,1.12252363252126,1.090263229965003,0.9267899332182766,1.159645216768088,0.8381467004446593,0.6014167670256413,0.3652629286397177,1.1784926538956784,1
-0.30993129292169125,-0.06556468168733408,-1.1839330414661757,-0.015620609228609717,-1.8943483815394928,-0.055310876129146085,-1.1931085566160113,-1.6627404735414788,-1.3614650751723478,-0.3890799074315736,0
-1.5600480602367621,-0.06556468168733408,-1.1839330414661757,-1.1215044484222225,-0.7904246931560178,0.673662779609194,0.8381467004446593,-1.6627404735414788,-0.21031307263097082,-0.7249883134302705,0
0.7839208784789949,1.4373506578504092,1.12252363252126,1.090263229965003,1.2947644960127682,0.673662779609194,0.8381467004446593,0.6014167670256413,1.5164149311810948,1.1784926538956784,1
-1.8725772520655304,-0.06556468168733408,-1.1839330414661757,-1.1215044484222225,-0.667766505557854,-0.29830209470859204,-1.1931085566160113,0.6014167670256413,-1.1696064080821185,-0.3890799074315736,0
1.0964500703077644,1.4373506578504092,1.12252363252126,1.090263229965003,1.2947644960127682,1.159645216768088,0.8381467004446593,0.6014167670256413,1.7082735982713242,0.618645310564517,1
-0.15366669700730792,-0.06556468168733408,-0.030704704472457878,-0.015620609228609717,0.19084080762929329,-1.0272757504469332,-1.1931085566160113,-1.6627404735414788,0.4611922621848325,-0.948927250762735,0
-1.716312656151147,-0.06556468168733408,-1.1839330414661757,-1.1215044484222225,-1.6490320063431652,-1.99924062476472,-1.1931085566160113,-1.6627404735414788,-0.30624240617608556,-0.2771104387653413,0
-0.15366669700730792,-0.06556468168733408,-0.030704704472457878,-0.015620609228609717,-1.771690193941329,-0.29830209470859204,-1.1931085566160113,0.6014167670256413,-0.6899597403565446,-1.396805125427664,0
1.0964500703077644,-1.5684800212250773,1.12252363252126,-1.1215044484222225,0.43615718282562105,0.43067156102974796,0.8381467004446593,0.6014167670256413,1.5164149311810948,-0.8369577820965027,1
0.6276562825646116,1.4373506578504092,1.12252363252126,1.090263229965003,1.2947644960127682,1.159645216768088,0.8381467004446593,0.6014167670256413,0.1734042615494882,1.2904621225619106,1
-1.8725772520655304,-1.5684800212250773,1.12252363252126,1.090263229965003,1.2947644960127682,1.159645216768088,0.8381467004446593,0.6014167670256413,1.2286269305457505,1.2904621225619106,1
0.9401854743933811,-0.06556468168733408,-0.030704704472457878,-0.015620609228609717,0.06818262003112939,-0.055310876129146085,0.8381467004446593,0.6014167670256413,0.1734042615494882,1.0665231852294461,1
2.034037645794067,1.4373506578504092,1.12252363252126,1.090263229965003,1.2947644960127682,1.159645216768088,0.8381467004446593,0.6014167670256413,0.653050929275062,0.9545537165632137,1
1.0964500703077644,-1.5684800212250773,-0.030704704472457878,1.090263229965003,0.8041317456201127,0.916653998188642,0.8381467004446593,0.6014167670256413,-0.30624240617608556,1.4024315912281429,0
-1.8725772520655304,-1.5684800212250773,-1.1839330414661757,-0.015620609228609717,0.06818262003112939,-1.7562494061852731,-1.1931085566160113,0.6014167670256413,-0.11438373908585606,-1.0608967194289673,0
0.47139168665022824,-1.5684800212250773,-1.1839330414661757,-1.1215044484222225,0.19084080762929329,-2.971205499082507,-1.1931085566160113,-1.6627404735414788,-0.4021717397212003,-1.732713531426361,0
0.9401854743933811,1.4373506578504092,1.12252363252126,1.090263229965003,1.2947644960127682,1.159645216768088,0.8381467004446593,0.6014167670256413,0.9408389299104063,1.0665231852294461,1
-0.15366669700730792,-1.5684800212250773,-0.030704704472457878,-0.015620609228609717,-2.3849811319321486,-0.055310876129146085,-1.1931085566160113,0.6014167670256413,-1.3614650751723478,-1.6207440627601286,0
0.7839208784789949,1.4373506578504092,1.12252363252126,1.090263229965003,0.8041317456201127,0.916653998188642,0.8381467004446593,0.6014167670256413,1.42048559763598,1.5144010598943751,1
1.0964500703077644,-0.06556468168733408,1.12252363252126,-0.015620609228609717,-0.0544755675670345,-0.784284531867486,0.8381467004446593,0.6014167670256413,1.036768263455521,0.9545537165632137,0
-0.15366669700730792,-1.5684800212250773,-1.1839330414661757,1.090263229965003,-0.5451083179596901,-0.29830209470859204,0.8381467004446593,-1.6627404735414788,0.7489802628201767,0.9545537165632137,0
-1.716312656151147,-0.06556468168733408,-1.1839330414661757,-1.1215044484222225,-0.667766505557854,-1.2702669690263801,-1.1931085566160113,0.6014167670256413,-0.4981010732663151,0.17076743589958782,1
0.0025978989070768233,-0.06556468168733408,1.12252363252126,-1.1215044484222225,0.06818262003112939,1.159645216768088,0.8381467004446593,0.6014167670256413,0.3652629286397177,0.8425842478969815,0
-1.8725772520655304,-0.06556468168733408,-1.1839330414661757,-1.1215044484222225,-1.1583992559505094,-1.2702669690263801,-1.1931085566160113,0.6014167670256413,-0.9777477409918889,-0.7249883134302705,1
0.47139168665022824,1.4373506578504092,1.12252363252126,1.090263229965003,1.2947644960127682,1.159645216768088,0.8381467004446593,0.6014167670256413,0.5571215957299472,1.5144010598943751,1
-1.716312656151147,-0.06556468168733408,-1.1839330414661757,-1.1215044484222225,-1.2810574435486735,-1.0272757504469332,-1.1931085566160113,0.6014167670256413,-0.4021717397212003,-0.948927250762735,0
0.7839208784789949,1.4373506578504092,1.12252363252126,-1.1215044484222225,0.19084080762929329,0.916653998188642,0.8381467004446593,-1.6627404735414788,0.9408389299104063,-1.5087745940938964,0
-1.8725772520655304,-0.06556468168733408,-0.030704704472457878,-0.015620609228609717,0.06818262003112939,0.43067156102974796,0.8381467004446593,0.6014167670256413,0.269333595094603,-0.8369577820965027,0
1.0964500703077644,-1.5684800212250773,-0.030704704472457878,-0.015620609228609717,0.9267899332182766,0.18768034245030202,-1.1931085566160113,0.6014167670256413,0.269333595094603,-0.7249883134302705,1
0.15886249482146017,-0.06556468168733408,1.12252363252126,-0.015620609228609717,-1.1583992559505094,-0.055310876129146085,-1.1931085566160113,-1.6627404735414788,-0.4021717397212003,-1.5087745940938964,0
-1.716312656151147,1.4373506578504092,-1.1839330414661757,-0.015620609228609717,-0.2997919427633623,-2.2422318433441673,-1.1931085566160113,-1.6627404735414788,-0.30624240617608556,-0.948927250762735,0
0.6276562825646116,-0.06556468168733408,1.12252363252126,1.090263229965003,-0.5451083179596901,0.916653998188642,0.8381467004446593,0.6014167670256413,0.653050929275062,-0.7249883134302705,0
1.5652438580509145,-1.5684800212250773,1.12252363252126,1.090263229965003,0.6814735580219489,0.43067156102974796,0.8381467004446593,-1.6627404735414788,0.1734042615494882,0.9545537165632137,0
-0.15366669700730792,1.4373506578504092,1.12252363252126,2.1961470691586156,-0.9130828807541818,-0.784284531867486,0.8381467004446593,-1.6627404735414788,0.4611922621848325,0.2827369045658201,0
-1.8725772520655304,1.4373506578504092,-1.1839330414661757,-1.1215044484222225,-1.771690193941329,-2.485223061923614,-1.1931085566160113,-1.6627404735414788,-1.3614650751723478,-0.5010493760978059,0
-1.716312656151147,-1.5684800212250773,-1.1839330414661757,-0.015620609228609717,-1.2810574435486735,-0.29830209470859204,-1.1931085566160113,-1.6627404735414788,-1.3614650751723478,-0.7249883134302705,0
0.0025978989070768233,-0.06556468168733408,-1.1839330414661757,-1.1215044484222225,-0.0544755675670345,-1.0272757504469332,-1.1931085566160113,0.6014167670256413,-1.3614650751723478,-0.2771104387653413,0
-0.4661958888360746,-0.06556468168733408,-0.030704704472457878,-1.1215044484222225,-1.2810574435486735,-0.5412933132880401,-1.1931085566160113,-1.6627404735414788,-1.0736770745370037,-0.3890799074315736,0
-0.15366669700730792,-0.06556468168733408,-1.1839330414661757,-1.1215044484222225,-0.4224501303615262,-1.0272757504469332,-1.1931085566160113,0.6014167670256413,-1.1696064080821185,-0.7249883134302705,1
-1.0912542724936107,-0.06556468168733408,-1.1839330414661757,-1.1215044484222225,-1.771690193941329,-1.2702669690263801,-1.1931085566160113,-1.6627404735414788,-0.6899597403565446,-1.2848356567614319,0
-0.15366669700730792,-1.5684800212250773,1.12252363252126,1.090263229965003,0.6814735580219489,-1.513258187605826,0.8381467004446593,0.6014167670256413,1.036768263455521,0.9545537165632137,0
2.034037645794067,-1.5684800212250773,1.12252363252126,1.090263229965003,0.8041317456201127,1.159645216768088,0.8381467004446593,0.6014167670256413,0.9408389299104063,1.2904621225619106,1
0.0025978989070768233,-1.5684800212250773,-1.1839330414661757,-0.015620609228609717,-0.5451083179596901,-1.7562494061852731,0.8381467004446593,0.6014167670256413,-1.265535741627233,-1.0608967194289673,0
0.47139168665022824,-1.5684800212250773,-1.1839330414661757,-0.015620609228609717,0.19084080762929329,-0.784284531867486,-1.1931085566160113,-1.6627404735414788,-1.3614650751723478,-0.16514097009910902,0
0.3151270907358449,-0.06556468168733408,1.12252363252126,1.090263229965003,0.31349899522745717,0.18768034245030202,0.8381467004446593,0.6014167670256413,0.07747492800437346,1.2904621225619106,0
0.7839208784789949,-0.06556468168733408,1.12252363252126,-1.1215044484222225,0.31349899522745717,0.916653998188642,0.8381467004446593,0.6014167670256413,0.8449095963652915,1.1784926538956784,1
0.3151270907358449,1.4373506578504092,-0.030704704472457878,1.090263229965003,1.0494481208164406,1.159645216768088,0.8381467004446593,0.6014167670256413,1.1326975970006357,1.1784926538956784,1
0.3151270907358449,-0.06556468168733408,-1.1839330414661757,-1.1215044484222225,-1.6490320063431652,0.43067156102974796,-1.1931085566160113,-1.6627404735414788,-0.5940304068114298,-1.396805125427664,0
0.15886249482146017,1.4373506578504092,1.12252363252126,-1.1215044484222225,0.43615718282562105,0.673662779609194,0.8381467004446593,0.6014167670256413,0.9408389299104063,-0.6130188447640381,1
-1.8725772520655304,-0.06556468168733408,-1.1839330414661757,-1.1215044484222225,1.0494481208164406,-0.784284531867486,0.8381467004446593,0.6014167670256413,-1.0736770745370037,-0.5010493760978059,1
-1.8725772520655304,-1.5684800212250773,-0.030704704472457878,-1.1215044484222225,-1.1583992559505094,0.18768034245030202,0.8381467004446593,0.6014167670256413,-1.3614650751723478,-0.3890799074315736,0
-0.4661958888360746,-0.06556468168733408,-2.3371613784598937,-0.015620609228609717,-1.526373818745001,-1.7562494061852731,-1.1931085566160113,-1.6627404735414788,-1.3614650751723478,-1.2848356567614319,0
0.7839208784789949,1.4373506578504092,-0.030704704472457878,1.090263229965003,0.9267899332182766,0.18768034245030202,0.8381467004446593,0.6014167670256413,0.8449095963652915,0.9545537165632137,1
1.4089792621365311,1.4373506578504092,1.12252363252126,1.090263229965003,1.0494481208164406,0.916653998188642,0.8381467004446593,0.6014167670256413,1.036768263455521,1.4024315912281429,1
1.0964500703077644,-0.06556468168733408,-1.1839330414661757,1.090263229965003,-1.2810574435486735,0.18768034245030202,-1.1931085566160113,-1.6627404735414788,0.653050929275062,-1.0608967194289673,0
-0.15366669700730792,-0.06556468168733408,-1.1839330414661757,-1.1215044484222225,-0.667766505557854,0.18768034245030202,0.8381467004446593,0.6014167670256413,-1.3614650751723478,-0.7249883134302705,1
1.4089792621365311,-0.06556468168733408,-0.030704704472457878,-1.1215044484222225,0.9267899332182766,-0.055310876129146085,0.8381467004446593,0.6014167670256413,-0.0184544055407413,-0.6130188447640381,0
-0.6224604847504593,-1.5684800212250773,-1.1839330414661757,-0.015620609228609717,0.06818262003112939,-0.5412933132880401,-1.1931085566160113,-1.6627404735414788,-1.3614650751723478,-0.5010493760978059,0
0.6276562825646116,-0.06556468168733408,-1.1839330414661757,2.1961470691586156,-0.5451083179596901,-0.784284531867486,-1.1931085566160113,-1.6627404735414788,-1.3614650751723478,-0.948927250762735,0
-1.4037834643223788,-0.06556468168733408,-1.1839330414661757,-0.015620609228609717,1.1721063084146044,0.673662779609194,-1.1931085566160113,0.6014167670256413,-1.265535741627233,-0.5010493760978059,0
-0.30993129292169125,-1.5684800212250773,-1.1839330414661757,-1.1215044484222225,-1.526373818745001,0.43067156102974796,-1.1931085566160113,-1.6627404735414788,1.7082735982713242,-0.5010493760978059,0
0.6276562825646116,-1.5684800212250773,-1.1839330414661757,-1.1215044484222225,0.43615718282562105,-0.29830209470859204,0.8381467004446593,0.6014167670256413,0.1734042615494882,0.9545537165632137,0
-0.15366669700730792,-0.06556468168733408,-0.030704704472457878,-1.1215044484222225,-0.0544755675670345,-0.055310876129146085,-1.1931085566160113,0.6014167670256413,-1.0736770745370037,-0.8369577820965027,0
0.15886249482146017,-0.06556468168733408,1.12252363252126,2.1961470691586156,0.5588153704237849,-1.0272757504469332,0.8381467004446593,0.6014167670256413,-0.4981010732663151,-0.2771104387653413,0
1.7215084539653005,1.4373506578504092,1.12252363252126,1.090263229965003,0.5588153704237849,-0.055310876129146085,0.8381467004446593,0.6014167670256413,1.2286269305457505,0.7306147792307492,1
0.9401854743933811,-0.06556468168733408,1.12252363252126,-1.1215044484222225,0.31349899522745717,0.673662779609194,0.8381467004446593,0.6014167670256413,0.3652629286397177,1.5144010598943751,0
-0.30993129292169125,-0.06556468168733408,-1.1839330414661757,-0.015620609228609717,-1.1583992559505094,-0.5412933132880401,0.8381467004446593,0.6014167670256413,-1.265535741627233,-1.2848356567614319,0
-1.247518868407994,-1.5684800212250773,1.12252363252126,-1.1215044484222225,-0.4224501303615262,-1.2702669690263801,-1.1931085566160113,0.6014167670256413,1.1326975970006357,-0.16514097009910902,0
-0.6224604847504593,-0.06556468168733408,-1.1839330414661757,-0.015620609228609717,1.0494481208164406,-0.5412933132880401,-1.1931085566160113,-1.6627404735414788,-1.3614650751723478,-0.7249883134302705,0
-0.4661958888360746,-0.06556468168733408,1.12252363252126,-0.015620609228609717,-1.4037156311468373,-2.2422318433441673,0.8381467004446593,0.6014167670256413,-0.8818184074467741,-0.05317150143287675,0
-1.8725772520655304,1.4373506578504092,-1.1839330414661757,1.090263229965003,0.6814735580219489,0.916653998188642,-1.1931085566160113,0.6014167670256413,-0.30624240617608556,1.1784926538956784,0
-1.8725772520655304,-0.06556468168733408,-1.1839330414661757,-1.1215044484222225,-1.4037156311468373,-0.5412933132880401,-1.1931085566160113,0.6014167670256413,-1.3614650751723478,-1.1728661880951996,0
0.0025978989070768233,-0.06556468168733408,1.12252363252126,1.090263229965003,1.2947644960127682,0.43067156102974796,-1.1931085566160113,0.6014167670256413,0.269333595094603,1.5144010598943751,1
0.7839208784789949,1.4373506578504092,1.12252363252126,1.090263229965003,1.2947644960127682,1.159645216768088,0.8381467004446593,0.6014167670256413,0.3652629286397177,0.9545537165632137,1
-1.8725772520655304,-0.06556468168733408,-0.030704704472457878,-0.015620609228609717,-2.017006569137657,-0.784284531867486,0.8381467004446593,-1.6627404735414788,-1.265535741627233,-0.948927250762735,0
0.9401854743933811,-0.06556468168733408,-0.030704704472457878,-1.1215044484222225,-0.5451083179596901,-1.2702669690263801,-1.1931085566160113,0.6014167670256413,-1.3614650751723478,-0.8369577820965027,0
-0.30993129292169125,-0.06556468168733408,-1.1839330414661757,-0.015620609228609717,-1.2810574435486735,-1.513258187605826,-1.1931085566160113,-1.6627404735414788,-1.3614650751723478,-1.2848356567614319,0
-0.4661958888360746,-0.06556468168733408,-0.030704704472457878,-1.1215044484222225,-1.771690193941329,0.673662779609194,-1.1931085566160113,-1.6627404735414788,0.9408389299104063,-0.7249883134302705,0
-0.30993129292169125,-0.06556468168733408,-0.030704704472457878,-1.1215044484222225,1.1721063084146044,0.916653998188642,0.8381467004446593,0.6014167670256413,1.5164149311810948,1.0665231852294461,1
-0.6224604847504593,-0.06556468168733408,-0.030704704472457878,1.090263229965003,0.31349899522745717,1.159645216768088,0.8381467004446593,-1.6627404735414788,0.9408389299104063,0.618645310564517,0
-0.30993129292169125,-1.5684800212250773,-0.030704704472457878,-0.015620609228609717,-0.7904246931560178,-1.7562494061852731,-1.1931085566160113,-1.6627404735414788,-1.265535741627233,-0.3890799074315736,0
-0.30993129292169125,-0.06556468168733408,1.12252363252126,1.090263229965003,0.06818262003112939,0.673662779609194,-1.1931085566160113,-1.6627404735414788,0.3652629286397177,0.618645310564517,1
0.15886249482146017,-1.5684800212250773,-0.030704704472457878,-1.1215044484222225,-0.0544755675670345,-0.5412933132880401,-1.1931085566160113,0.6014167670256413,-1.1696064080821185,-1.2848356567614319,0
0.0025978989070768233,-1.5684800212250773,-1.1839330414661757,-0.015620609228609717,-1.526373818745001,-2.2422318433441673,-1.1931085566160113,-1.6627404735414788,-0.4021717397212003,-1.1728661880951996,0
0.47139168665022824,-1.5684800212250773,-1.1839330414661757,-0.015620609228609717,-0.5451083179596901,-0.5412933132880401,0.8381467004446593,-1.6627404735414788,1.3245562640908652,-1.1728661880951996,0
0.0025978989070768233,1.4373506578504092,-1.1839330414661757,-1.1215044484222225,-0.5451083179596901,0.18768034245030202,0.8381467004446593,-1.6627404735414788,1.1326975970006357,0.8425842478969815,0
0.9401854743933811,1.4373506578504092,1.12252363252126,1.090263229965003,1.2947644960127682,0.673662779609194,0.8381467004446593,-1.6627404735414788,0.4611922621848325,1.0665231852294461,1
0.47139168665022824,-1.5684800212250773,-0.030704704472457878,-0.015620609228609717,-0.667766505557854,-0.5412933132880401,0.8381467004446593,0.6014167670256413,-1.1696064080821185,1.4024315912281429,1
0.3151270907358449,-0.06556468168733408,-0.030704704472457878,1.090263229965003,0.9267899332182766,-1.7562494061852731,0.8381467004446593,-1.6627404735414788,1.036768263455521,1.5144010598943751,1
-0.30993129292169125,-0.06556468168733408,-0.030704704472457878,1.090263229965003,0.9267899332182766,-1.0272757504469332,0.8381467004446593,0.6014167670256413,1.1326975970006357,-0.5010493760978059,0
-0.4661958888360746,-0.06556468168733408,-1.1839330414661757,-1.1215044484222225,-1.4037156311468373,-1.99924062476472,-1.1931085566160113,-1.6627404735414788,-0.7858890739016593,-0.5010493760978059,0
-1.8725772520655304,-0.06556468168733408,-0.030704704472457878,-0.015620609228609717,-0.4224501303615262,-0.5412933132880401,0.8381467004446593,-1.6627404735414788,-1.265535741627233,-0.5010493760978059,0
0.3151270907358449,1.4373506578504092,1.12252363252126,1.090263229965003,1.2947644960127682,1.159645216768088,0.8381467004446593,0.6014167670256413,1.2286269305457505,1.0665231852294461,1
0.6276562825646116,1.4373506578504092,1.12252363252126,1.090263229965003,-0.1771337551651984,-2.2422318433441673,0.8381467004446593,0.6014167670256413,1.3245562640908652,0.7306147792307492,1
1.4089792621365311,-0.06556468168733408,1.12252363252126,-0.015620609228609717,1.0494481208164406,1.159645216768088,0.8381467004446593,0.6014167670256413,0.1734042615494882,0.618645310564517,0
1.0964500703077644,1.4373506578504092,1.12252363252126,1.090263229965003,0.43615718282562105,0.673662779609194,0.8381467004446593,0.6014167670256413,1.1326975970006357,1.4024315912281429,1
0.9401854743933811,-0.06556468168733408,-0.030704704472457878,-1.1215044484222225,-0.4224501303615262,0.18768034245030202,0.8381467004446593,0.6014167670256413,1.2286269305457505,1.0665231852294461,1
1.4089792621365311,-0.06556468168733408,1.12252363252126,1.090263229965003,1.2947644960127682,0.673662779609194,0.8381467004446593,0.6014167670256413,1.804202931816439,1.1784926538956784,1
0.9401854743933811,1.4373506578504092,1.12252363252126,-1.1215044484222225,0.6814735580219489,1.159645216768088,0.8381467004446593,0.6014167670256413,0.5571215957299472,0.9545537165632137,1
-0.15366669700730792,1.4373506578504092,1.12252363252126,1.090263229965003,1.2947644960127682,0.916653998188642,0.8381467004446593,0.6014167670256413,1.9001322653615538,0.8425842478969815,1
-0.15366669700730792,-0.06556468168733408,1.12252363252126,-0.015620609228609717,0.06818262003112939,-0.055310876129146085,-1.1931085566160113,0.6014167670256413,-1.3614650751723478,0.9545537165632137,0
-1.8725772520655304,-0.06556468168733408,-1.1839330414661757,-1.1215044484222225,-0.9130828807541818,-0.784284531867486,-1.1931085566160113,0.6014167670256413,-1.265535741627233,-0.3890799074315736,0
0.7839208784789949,1.4373506578504092,1.12252363252126,1.090263229965003,1.2947644960127682,1.159645216768088,0.8381467004446593,0.6014167670256413,1.3245562640908652,0.8425842478969815,1
1.2527146662221478,-0.06556468168733408,1.12252363252126,1.090263229965003,0.06818262003112939,0.673662779609194,0.8381467004446593,0.6014167670256413,0.4611922621848325,-0.7249883134302705,1
-0.15366669700730792,-0.06556468168733408,1.12252363252126,-1.1215044484222225,0.43615718282562105,-0.055310876129146085,0.8381467004446593,0.6014167670256413,1.1326975970006357,0.7306147792307492,1
-0.30993129292169125,-1.5684800212250773,-1.1839330414661757,-0.015620609228609717,-0.0544755675670345,0.18768034245030202,-1.1931085566160113,0.6014167670256413,0.653050929275062,-0.3890799074315736,0
-0.15366669700730792,-0.06556468168733408,1.12252363252126,-1.1215044484222225,0.06818262003112939,0.916653998188642,0.8381467004446593,0.6014167670256413,0.7489802628201767,1.0665231852294461,1
0.3151270907358449,-0.06556468168733408,1.12252363252126,1.090263229965003,1.2947644960127682,1.159645216768088,0.8381467004446593,0.6014167670256413,1.2286269305457505,0.618645310564517,1
-0.30993129292169125,-0.06556468168733408,-1.1839330414661757,1.090263229965003,-1.4037156311468373,-1.0272757504469332,0.8381467004446593,0.6014167670256413,1.036768263455521,0.3947063732320524,0
-1.8725772520655304,-0.06556468168733408,-0.030704704472457878,-0.015620609228609717,-1.2810574435486735,-0.5412933132880401,0.8381467004446593,-1.6627404735414788,-1.3614650751723478,-0.7249883134302705,0
-1.247518868407994,-1.5684800212250773,-1.1839330414661757,-1.1215044484222225,0.19084080762929329,-0.784284531867486,-1.1931085566160113,0.6014167670256413,0.4611922621848325,-0.3890799074315736,0
0.3151270907358449,-0.06556468168733408,-0.030704704472457878,-0.015620609228609717,0.19084080762929329,1.159645216768088,-1.1931085566160113,0.6014167670256413,0.4611922621848325,-1.0608967194289673,0
-1.4037834643223788,-0.06556468168733408,-1.1839330414661757,-1.1215044484222225,-1.2810574435486735,-2.485223061923614,-1.1931085566160113,-1.6627404735414788,-0.5940304068114298,-1.2848356567614319,0
-1.4037834643223788,-0.06556468168733408,-1.1839330414661757,-1.1215044484222225,-0.4224501303615262,-0.784284531867486,-1.1931085566160113,-1.6627404735414788,-0.8818184074467741,-1.8446830000925933,0
0.6276562825646116,1.4373506578504092,1.12252363252126,1.090263229965003,1.2947644960127682,1.159645216768088,0.8381467004446593,0.6014167670256413,1.1326975970006357,1.2904621225619106,1
0.15886249482146017,-0.06556468168733408,1.12252363252126,1.090263229965003,0.5588153704237849,0.673662779609194,0.8381467004446593,0.6014167670256413,-0.30624240617608556,1.0665231852294461,1
0.0025978989070768233,-1.5684800212250773,-0.030704704472457878,-1.1215044484222225,-0.4224501303615262,0.916653998188642,0.8381467004446593,-1.6627404735414788,-0.21031307263097082,0.7306147792307492,1
1.2527146662221478,1.4373506578504092,1.12252363252126,1.090263229965003,1.2947644960127682,0.673662779609194,0.8381467004446593,0.6014167670256413,1.1326975970006357,0.17076743589958782,1
-0.9349896765792275,-0.06556468168733408,-0.030704704472457878,-1.1215044484222225,0.06818262003112939,-1.99924062476472,-1.1931085566160113,-1.6627404735414788,-1.3614650751723478,-0.948927250762735,0
0.15886249482146017,-1.5684800212250773,-0.030704704472457878,-1.1215044484222225,0.8041317456201127,-1.99924062476472,-1.1931085566160113,0.6014167670256413,0.269333595094603,1.1784926538956784,0
1.2527146662221478,-1.5684800212250773,1.12252363252126,-1.1215044484222225,0.5588153704237849,0.43067156102974796,0.8381467004446593,0.6014167670256413,0.3652629286397177,-1.0608967194289673,1
0.9401854743933811,-0.06556468168733408,-1.1839330414661757,-0.015620609228609717,-1.0357410683523456,-1.0272757504469332,0.8381467004446593,-1.6627404735414788,-1.3614650751723478,-1.732713531426361,0
0.0025978989070768233,-0.06556468168733408,-1.1839330414661757,-0.015620609228609717,-0.1771337551651984,1.159645216768088,-1.1931085566160113,-1.6627404735414788,-0.4021717397212003,-0.2771104387653413,0
0.7839208784789949,-1.5684800212250773,1.12252363252126,1.090263229965003,1.2947644960127682,0.916653998188642,0.8381467004446593,0.6014167670256413,0.653050929275062,1.1784926538956784,1
0.9401854743933811,1.4373506578504092,1.12252363252126,1.090263229965003,-0.0544755675670345,0.916653998188642,0.8381467004446593,0.6014167670256413,0.269333595094603,-0.6130188447640381,1
0.0025978989070768233,-0.06556468168733408,-0.030704704472457878,-0.015620609228609717,-1.2810574435486735,-0.29830209470859204,-1.1931085566160113,-1.6627404735414788,-0.9777477409918889,-1.732713531426361,0
1.8777730498796839,-0.06556468168733408,1.12252363252126,1.090263229965003,1.2947644960127682,-0.055310876129146085,0.8381467004446593,0.6014167670256413,-0.30624240617608556,0.9545537165632137,1
-1.8725772520655304,-0.06556468168733408,-1.1839330414661757,-0.015620609228609717,-0.2997919427633623,-0.29830209470859204,-1.1931085566160113,0.6014167670256413,-1.3614650751723478,-0.3890799074315736,0
0.6276562825646116,1.4373506578504092,1.12252363252126,1.090263229965003,1.2947644960127682,0.673662779609194,0.8381467004446593,0.6014167670256413,1.2286269305457505,1.5144010598943751,1
0.3151270907358449,-0.06556468168733408,-0.030704704472457878,1.090263229965003,-0.1771337551651984,-1.0272757504469332,0.8381467004446593,0.6014167670256413,0.5571215957299472,-0.5010493760978059,0
-0.15366669700730792,-0.06556468168733408,-0.030704704472457878,-0.015620609228609717,0.8041317456201127,0.18768034245030202,0.8381467004446593,0.6014167670256413,1.9960615989066686,0.5066758418982846,0
-0.4661958888360746,-1.5684800212250773,-0.030704704472457878,1.090263229965003,0.31349899522745717,1.159645216768088,0.8381467004446593,0.6014167670256413,1.804202931816439,-0.948927250762735,1
-1.5600480602367621,1.4373506578504092,-1.1839330414661757,1.090263229965003,-0.9130828807541818,0.43067156102974796,-1.1931085566160113,0.6014167670256413,0.7489802628201767,-0.6130188447640381,0
1.0964500703077644,1.4373506578504092,1.12252363252126,-0.015620609228609717,-0.4224501303615262,-0.5412933132880401,0.8381467004446593,0.6014167670256413,-0.11438373908585606,-1.1728661880951996,0
0.7839208784789949,-0.06556468168733408,1.12252363252126,-0.015620609228609717,-1.2810574435486735,-1.2702669690263801,-1.1931085566160113,0.6014167670256413,-1.3614650751723478,1.1784926538956784,0
-1.4037834643223788,-1.5684800212250773,1.12252363252126,-1.1215044484222225,-1.1583992559505094,-1.0272757504469332,0.8381467004446593,0.6014167670256413,-0.7858890739016593,-0.8369577820965027,0
1.0964500703077644,1.4373506578504092,1.12252363252126,1.090263229965003,0.06818262003112939,0.916653998188642,0.8381467004446593,0.6014167670256413,0.7489802628201767,0.7306147792307492,1
-0.30993129292169125,-0.06556468168733408,-0.030704704472457878,-1.1215044484222225,-0.2997919427633623,-0.29830209470859204,0.8381467004446593,0.6014167670256413,-1.0736770745370037,-1.2848356567614319,0
0.3151270907358449,-0.06556468168733408,-0.030704704472457878,-0.015620609228609717,0.31349899522745717,0.43067156102974796,0.8381467004446593,0.6014167670256413,-0.21031307263097082,-1.2848356567614319,0
1.0964500703077644,-0.06556468168733408,1.12252363252126,-1.1215044484222225,0.31349899522745717,0.43067156102974796,0.8381467004446593,0.6014167670256413,1.036768263455521,-1.1728661880951996,1
0.3151270907358449,-0.06556468168733408,1.12252363252126,1.090263229965003,1.2947644960127682,0.18768034245030202,0.8381467004446593,0.6014167670256413,1.036768263455521,1.0665231852294461,1
0.7839208784789949,-0.06556468168733408,-0.030704704472457878,1.090263229965003,1.2947644960127682,1.159645216768088,0.8381467004446593,0.6014167670256413,0.1734042615494882,1.5144010598943751,1
-0.30993129292169125,-0.06556468168733408,-0.030704704472457878,-0.015620609228609717,-1.771690193941329,-0.5412933132880401,-1.1931085566160113,-1.6627404735414788,-0.11438373908585606,-0.16514097009910902,0
0.7839208784789949,-1.5684800212250773,-0.030704704472457878,-1.1215044484222225,-0.1771337551651984,1.159645216768088,0.8381467004446593,0.6014167670256413,0.1734042615494882,-0.5010493760978059,1
1.0964500703077644,-0.06556468168733408,-0.030704704472457878,-0.015620609228609717,-0.7904246931560178,-0.784284531867486,0.8381467004446593,-1.6627404735414788,1.1326975970006357,-1.2848356567614319,0
-0.30993129292169125,-1.5684800212250773,-1.1839330414661757,-1.1215044484222225,-0.4224501303615262,0.18768034245030202,-1.1931085566160113,0.6014167670256413,-1.3614650751723478,-1.0608967194289673,0
-1.8725772520655304,1.4373506578504092,-1.1839330414661757,-0.015620609228609717,-0.7904246931560178,-0.055310876129146085,0.8381467004446593,-1.6627404735414788,1.6123442647262096,0.7306147792307492,0
1.2527146662221478,1.4373506578504092,1.12252363252126,-0.015620609228609717,1.2947644960127682,0.916653998188642,0.8381467004446593,0.6014167670256413,0.269333595094603,0.2827369045658201,1
-1.4037834643223788,-1.5684800212250773,-1.1839330414661757,1.090263229965003,-1.0357410683523456,-0.29830209470859204,-1.1931085566160113,-1.6627404735414788,0.07747492800437346,-1.396805125427664,0
-0.30993129292169125,-1.5684800212250773,-1.1839330414661757,-1.1215044484222225,0.06818262003112939,-1.0272757504469332,-1.1931085566160113,0.6014167670256413,-0.7858890739016593,-1.396805125427664,0
1.0964500703077644,-0.06556468168733408,1.12252363252126,-1.1215044484222225,0.8041317456201127,0.916653998188642,0.8381467004446593,0.6014167670256413,1.036768263455521,-0.5010493760978059,1
0.3151270907358449,-1.5684800212250773,-1.1839330414661757,-1.1215044484222225,-0.1771337551651984,0.18768034245030202,0.8381467004446593,0.6014167670256413,0.7489802628201767,-0.16514097009910902,0
1.2527146662221478,-0.06556468168733408,-1.1839330414661757,-1.1215044484222225,0.06818262003112939,0.673662779609194,-1.1931085566160113,-1.6627404735414788,-0.7858890739016593,-0.6130188447640381,0
1.2527146662221478,1.4373506578504092,1.12252363252126,1.090263229965003,1.2947644960127682,1.159645216768088,0.8381467004446593,0.6014167670256413,1.036768263455521,0.5066758418982846,1
-1.8725772520655304,-0.06556468168733408,-0.030704704472457878,-0.015620609228609717,-0.4224501303615262,-0.29830209470859204,0.8381467004446593,0.6014167670256413,-0.9777477409918889,1.0665231852294461,0
0.15886249482146017,-0.06556468168733408,-1.1839330414661757,-1.1215044484222225,-1.1583992559505094,-0.29830209470859204,-1.1931085566160113,0.6014167670256413,-0.5940304068114298,-1.0608967194289673,0
-1.4037834643223788,-0.06556468168733408,-1.1839330414661757,1.090263229965003,0.5588153704237849,0.43067156102974796,0.8381467004446593,0.6014167670256413,-0.0184544055407413,1.5144010598943751,0
0.15886249482146017,-0.06556468168733408,-1.1839330414661757,-0.015620609228609717,-1.1583992559505094,-0.5412933132880401,-1.1931085566160113,0.6014167670256413,0.9408389299104063,-0.948927250762735,0
0.3151270907358449,-1.5684800212250773,-1.1839330414661757,-1.1215044484222225,-0.0544755675670345,-0.29830209470859204,-1.1931085566160113,-1.6627404735414788,-1.3614650751723478,-1.396805125427664,0
-0.4661958888360746,-0.06556468168733408,-0.030704704472457878,-1.1215044484222225,0.31349899522745717,-0.055310876129146085,-1.1931085566160113,0.6014167670256413,-0.8818184074467741,-0.948927250762735,0
0.0025978989070768233,-1.5684800212250773,-1.1839330414661757,-1.1215044484222225,-1.526373818745001,-1.99924062476472,-1.1931085566160113,-1.6627404735414788,-1.3614650751723478,-1.5087745940938964,0
-0.30993129292169125,1.4373506578504092,-1.1839330414661757,-0.015620609228609717,-0.1771337551651984,-0.055310876129146085,-1.1931085566160113,0.6014167670256413,-1.3614650751723478,-0.3890799074315736,0
-1.4037834643223788,-0.06556468168733408,-1.1839330414661757,-1.1215044484222225,-0.667766505557854,-0.055310876129146085,-1.1931085566160113,0.6014167670256413,-0.9777477409918889,-0.8369577820965027,1
0.9401854743933811,-1.5684800212250773,-1.1839330414661757,-1.1215044484222225,-0.7904246931560178,-1.2702669690263801,0.8381467004446593,0.6014167670256413,0.269333595094603,0.618645310564517,0
0.15886249482146017,-0.06556468168733408,-0.030704704472457878,-0.015620609228609717,0.06818262003112939,-0.29830209470859204,0.8381467004446593,0.6014167670256413,-1.1696064080821185,0.8425842478969815,0
0.47139168665022824,-0.06556468168733408,1.12252363252126,1.090263229965003,-0.2997919427633623,0.43067156102974796,0.8381467004446593,0.6014167670256413,0.9408389299104063,-0.3890799074315736,0
-0.7787250806648427,-1.5684800212250773,-0.030704704472457878,-0.015620609228609717,0.8041317456201127,-0.29830209470859204,0.8381467004446593,0.6014167670256413,-1.3614650751723478,-0.5010493760978059,0
0.3151270907358449,-1.5684800212250773,-0.030704704472457878,-1.1215044484222225,-1.1583992559505094,0.916653998188642,0.8381467004446593,0.6014167670256413,0.7489802628201767,1.1784926538956784,1
-1.5600480602367621,-1.5684800212250773,-1.1839330414661757,-0.015620609228609717,-1.4037156311468373,-0.055310876129146085,-1.1931085566160113,-1.6627404735414788,-0.11438373908585606,-1.396805125427664,0
1.0964500703077644,-1.5684800212250773,1.12252363252126,-1.1215044484222225,0.06818262003112939,-0.055310876129146085,0.8381467004446593,0.6014167670256413,1.2286269305457505,0.9545537165632137,0
-0.4661958888360746,-0.06556468168733408,-1.1839330414661757,-1.1215044484222225,-1.1583992559505094,-0.784284531867486,-1.1931085566160113,0.6014167670256413,-1.3614650751723478,-0.8369577820965027,0
0.7839208784789949,-0.06556468168733408,1.12252363252126,-1.1215044484222225,1.0494481208164406,-0.29830209470859204,0.8381467004446593,0.6014167670256413,-0.30624240617608556,1.5144010598943751,1
1.0964500703077644,-1.5684800212250773,1.12252363252126,-1.1215044484222225,1.2947644960127682,1.159645216768088,0.8381467004446593,0.6014167670256413,0.7489802628201767,1.0665231852294461,1
0.3151270907358449,-0.06556468168733408,-1.1839330414661757,-0.015620609228609717,-2.1396647567358205,0.673662779609194,0.8381467004446593,0.6014167670256413,1.7082735982713242,0.8425842478969815,0
-1.5600480602367621,-0.06556468168733408,-1.1839330414661757,-1.1215044484222225,-0.1771337551651984,-1.513258187605826,-1.1931085566160113,0.6014167670256413,0.7489802628201767,0.9545537165632137,0
1.0964500703077644,1.4373506578504092,1.12252363252126,1.090263229965003,1.2947644960127682,0.43067156102974796,0.8381467004446593,-1.6627404735414788,0.5571215957299472,1.2904621225619106,1
0.47139168665022824,1.4373506578504092,1.12252363252126,-1.1215044484222225,1.2947644960127682,0.18768034245030202,0.8381467004446593,0.6014167670256413,0.269333595094603,1.1784926538956784,1
0.9401854743933811,1.4373506578504092,1.12252363252126,-1.1215044484222225,1.2947644960127682,0.673662779609194,0.8381467004446593,0.6014167670256413,0.5571215957299472,-0.3890799074315736,0
-0.4661958888360746,-0.06556468168733408,-0.030704704472457878,-0.015620609228609717,-1.0357410683523456,0.916653998188642,-1.1931085566160113,0.6014167670256413,0.4611922621848325,-1.2848356567614319,0
1.2527146662221478,1.4373506578504092,1.12252363252126,1.090263229965003,1.2947644960127682,1.159645216768088,0.8381467004446593,0.6014167670256413,0.269333595094603,0.9545537165632137,1
0.47139168665022824,-0.06556468168733408,1.12252363252126,2.1961470691586156,0.6814735580219489,0.916653998188642,0.8381467004446593,0.6014167670256413,0.9408389299104063,1.0665231852294461,0
0.9401854743933811,-1.5684800212250773,1.12252363252126,2.1961470691586156,1.1721063084146044,1.159645216768088,0.8381467004446593,0.6014167670256413,0.4611922621848325,-0.05317150143287675,1
-1.5600480602367621,1.4373506578504092,-1.1839330414661757,1.090263229965003,-0.4224501303615262,1.159645216768088,0.8381467004446593,-1.6627404735414788,-1.3614650751723478,0.3947063732320524,0
1.0964500703077644,-0.06556468168733408,-1.1839330414661757,1.090263229965003,0.8041317456201127,0.916653998188642,0.8381467004446593,-1.6627404735414788,-0.0184544055407413,-0.3890799074315736,0
-1.716312656151147,-0.06556468168733408,1.12252363252126,1.090263229965003,1.1721063084146044,0.43067156102974796,0.8381467004446593,0.6014167670256413,0.1734042615494882,1.5144010598943751,1
0.9401854743933811,1.4373506578504092,1.12252363252126,1.090263229965003,1.2947644960127682,0.916653998188642,0.8381467004446593,0.6014167670256413,1.42048559763598,0.9545537165632137,1
-0.30993129292169125,-1.5684800212250773,-0.030704704472457878,-1.1215044484222225,-1.0357410683523456,-2.2422318433441673,-1.1931085566160113,-1.6627404735414788,-1.3614650751723478,-1.396805125427664,0
0.9401854743933811,-0.06556468168733408,1.12252363252126,-0.015620609228609717,0.19084080762929329,1.159645216768088,0.8381467004446593,0.6014167670256413,-0.4021717397212003,0.9545537165632137,0
0.6276562825646116,-0.06556468168733408,1.12252363252126,1.090263229965003,1.2947644960127682,0.673662779609194,0.8381467004446593,0.6014167670256413,0.9408389299104063,1.5144010598943751,1
-0.30993129292169125,-0.06556468168733408,-1.1839330414661757,-0.015620609228609717,-0.9130828807541818,-1.2702669690263801,-1.1931085566160113,0.6014167670256413,-1.3614650751723478,-0.7249883134302705,0
-0.4661958888360746,-0.06556468168733408,-0.030704704472457878,1.090263229965003,0.31349899522745717,-0.055310876129146085,0.8381467004446593,0.6014167670256413,0.7489802628201767,-0.2771104387653413,0
0.47139168665022824,1.4373506578504092,1.12252363252126,1.090263229965003,1.2947644960127682,1.159645216768088,0.8381467004446593,0.6014167670256413,0.7489802628201767,0.8425842478969815,1
-0.9349896765792275,-0.06556468168733408,-1.1839330414661757,-0.015620609228609717,-0.9130828807541818,-1.0272757504469332,-1.1931085566160113,-1.6627404735414788,-1.1696064080821185,-1.9566524687588256,0
0.7839208784789949,-0.06556468168733408,1.12252363252126,-1.1215044484222225,1.2947644960127682,0.18768034245030202,-1.1931085566160113,0.6014167670256413,0.07747492800437346,1.0665231852294461,0
0.15886249482146017,1.4373506578504092,-0.030704704472457878,-0.015620609228609717,-0.0544755675670345,0.673662779609194,0.8381467004446593,-1.6627404735414788,0.9408389299104063,-0.3890799074315736,0
1.0964500703077644,-0.06556468168733408,1.12252363252126,1.090263229965003,1.2947644960127682,0.673662779609194,0.8381467004446593,0.6014167670256413,1.2286269305457505,1.5144010598943751,1
0.15886249482146017,1.4373506578504092,1.12252363252126,1.090263229965003,0.8041317456201127,-0.29830209470859204,0.8381467004446593,-1.6627404735414788,1.3245562640908652,0.7306147792307492,1
0.7839208784789949,1.4373506578504092,-0.030704704472457878,-1.1215044484222225,0.8041317456201127,0.43067156102974796,0.8381467004446593,0.6014167670256413,-1.3614650751723478,0.9545537165632137,1
-0.30993129292169125,-0.06556468168733408,-1.1839330414661757,-1.1215044484222225,-0.4224501303615262,-0.29830209470859204,-1.1931085566160113,-1.6627404735414788,-0.5940304068114298,-0.16514097009910902,0
-1.8725772520655304,-0.06556468168733408,1.12252363252126,-0.015620609228609717,0.8041317456201127,0.43067156102974796,0.8381467004446593,0.6014167670256413,1.2286269305457505,0.8425842478969815,1
-0.6224604847504593,-0.06556468168733408,-1.1839330414661757,-0.015620609228609717,-0.9130828807541818,-0.5412933132880401,-1.1931085566160113,0.6014167670256413,-0.7858890739016593,-0.5010493760978059,0
0.6276562825646116,1.4373506578504092,1.12252363252126,1.090263229965003,1.2947644960127682,1.159645216768088,0.8381467004446593,0.6014167670256413,1.9001322653615538,1.0665231852294461,1
-1.5600480602367621,-0.06556468168733408,-1.1839330414661757,-1.1215044484222225,0.8041317456201127,1.159645216768088,-1.1931085566160113,0.6014167670256413,-1.3614650751723478,-1.1728661880951996,1
-0.7787250806648427,-0.06556468168733408,-1.1839330414661757,-0.015620609228609717,-0.667766505557854,-1.0272757504469332,-1.1931085566160113,0.6014167670256413,-1.1696064080821185,-0.6130188447640381,0
-0.7787250806648427,-0.06556468168733408,-1.1839330414661757,-0.015620609228609717,-0.0544755675670345,-0.055310876129146085,-1.1931085566160113,-1.6627404735414788,-1.3614650751723478,0.058797967233355536,0
0.6276562825646116,-1.5684800212250773,-0.030704704472457878,-0.015620609228609717,0.6814735580219489,1.159645216768088,0.8381467004446593,-1.6627404735414788,1.7082735982713242,0.618645310564517,0
1.7215084539653005,1.4373506578504092,1.12252363252126,1.090263229965003,1.2947644960127682,0.916653998188642,0.8381467004446593,0.6014167670256413,0.4611922621848325,1.2904621225619106,1
0.0025978989070768233,-0.06556468168733408,-1.1839330414661757,-1.1215044484222225,-1.526373818745001,-1.7562494061852731,-1.1931085566160113,-1.6627404735414788,-1.1696064080821185,-1.1728661880951996,0
-0.30993129292169125,1.4373506578504092,1.12252363252126,1.090263229965003,0.6814735580219489,-0.055310876129146085,0.8381467004446593,-1.6627404735414788,0.8449095963652915,0.7306147792307492,0
0.6276562825646116,-1.5684800212250773,-0.030704704472457878,-0.015620609228609717,0.5588153704237849,-1.2702669690263801,-1.1931085566160113,-1.6627404735414788,0.1734042615494882,-0.7249883134302705,0
0.47139168665022824,1.4373506578504092,-1.1839330414661757,-1.1215044484222225,-0.2997919427633623,0.43067156102974796,-1.1931085566160113,0.6014167670256413,-0.9777477409918889,-1.0608967194289673,0
-0.7787250806648427,-0.06556468168733408,-0.030704704472457878,2.1961470691586156,-0.1771337551651984,0.43067156102974796,0.8381467004446593,0.6014167670256413,0.07747492800437346,-0.05317150143287675,0
-1.8725772520655304,-0.06556468168733408,-1.1839330414661757,-0.015620609228609717,0.06818262003112939,-1.7562494061852731,-1.1931085566160113,-1.6627404735414788,-1.1696064080821185,-0.8369577820965027,0
0.9401854743933811,1.4373506578504092,1.12252363252126,-1.1215044484222225,1.2947644960127682,1.159645216768088,0.8381467004446593,0.6014167670256413,0.5571215957299472,1.2904621225619106,1
0.0025978989070768233,-0.06556468168733408,-1.1839330414661757,-1.1215044484222225,-0.7904246931560178,-0.784284531867486,0.8381467004446593,0.6014167670256413,-0.4021717397212003,0.058797967233355536,1
1.0964500703077644,-1.5684800212250773,-0.030704704472457878,2.1961470691586156,1.2947644960127682,-0.055310876129146085,0.8381467004446593,0.6014167670256413,0.5571215957299472,1.0665231852294461,1
-1.247518868407994,-0.06556468168733408,-1.1839330414661757,-1.1215044484222225,-1.1583992559505094,0.673662779609194,0.8381467004446593,0.6014167670256413,-0.4021717397212003,0.8425842478969815,1
0.7839208784789949,1.4373506578504092,1.12252363252126,1.090263229965003,1.2947644960127682,0.18768034245030202,0.8381467004446593,0.6014167670256413,1.9960615989066686,0.7306147792307492,1
0.6276562825646116,1.4373506578504092,-0.030704704472457878,-0.015620609228609717,-0.4224501303615262,1.159645216768088,0.8381467004446593,0.6014167670256413,0.1734042615494882,0.7306147792307492,0
1.2527146662221478,1.4373506578504092,1.12252363252126,-1.1215044484222225,1.1721063084146044,1.159645216768088,0.8381467004446593,0.6014167670256413,1.2286269305457505,-0.5010493760978059,1
-1.5600480602367621,-0.06556468168733408,-1.1839330414661757,1.090263229965003,1.2947644960127682,-0.29830209470859204,0.8381467004446593,-1.6627404735414788,0.9408389299104063,1.5144010598943751,0
-1.0912542724936107,-1.5684800212250773,-0.030704704472457878,-0.015620609228609717,-0.7904246931560178,-1.0272757504469332,-1.1931085566160113,-1.6627404735414788,-0.4981010732663151,-1.732713531426361,0
0.15886249482146017,-0.06556468168733408,-0.030704704472457878,-1.1215044484222225,0.43615718282562105,-1.99924062476472,-1.1931085566160113,-1.6627404735414788,-1.1696064080821185,-1.2848356567614319,0
-0.6224604847504593,-1.5684800212250773,-0.030704704472457878,-0.015620609228609717,-0.1771337551651984,1.159645216768088,-1.1931085566160113,0.6014167670256413,1.3245562640908652,-0.2771104387653413,0
-1.716312656151147,-0.06556468168733408,-1.1839330414661757,-1.1215044484222225,0.43615718282562105,0.18768034245030202,-1.1931085566160113,-1.6627404735414788,-1.3614650751723478,-1.396805125427664,0
2.034037645794067,-0.06556468168733408,1.12252363252126,1.090263229965003,1.2947644960127682,1.159645216768088,0.8381467004446593,0.6014167670256413,0.7489802628201767,0.3947063732320524,1
0.3151270907358449,-0.06556468168733408,-2.3371613784598937,2.1961470691586156,1.2947644960127682,1.159645216768088,0.8381467004446593,0.6014167670256413,-0.11438373908585606,1.5144010598943751,0
-0.15366669700730792,-0.06556468168733408,1.12252363252126,1.090263229965003,1.2947644960127682,1.159645216768088,0.8381467004446593,0.6014167670256413,0.269333595094603,-0.3890799074315736,1
-0.4661958888360746,-0.06556468168733408,-0.030704704472457878,-0.015620609228609717,-0.0544755675670345,-0.5412933132880401,-1.1931085566160113,0.6014167670256413,-0.7858890739016593,0.8425842478969815,0
0.3151270907358449,-0.06556468168733408,1.12252363252126,1.090263229965003,0.43615718282562105,1.159645216768088,0.8381467004446593,0.6014167670256413,-1.0736770745370037,0.7306147792307492,0
-1.8725772520655304,-1.5684800212250773,-0.030704704472457878,-1.1215044484222225,0.43615718282562105,0.673662779609194,0.8381467004446593,0.6014167670256413,-1.3614650751723478,-1.0608967194289673,0
-0.15366669700730792,-0.06556468168733408,-0.030704704472457878,-0.015620609228609717,0.19084080762929329,0.18768034245030202,0.8381467004446593,0.6014167670256413,0.5571215957299472,1.5144010598943751,1
-0.4661958888360746,1.4373506578504092,-0.030704704472457878,-0.015620609228609717,-0.1771337551651984,-0.055310876129146085,0.8381467004446593,-1.6627404735414788,-0.11438373908585606,-0.6130188447640381,0
-0.15366669700730792,-0.06556468168733408,-0.030704704472457878,-1.1215044484222225,-0.5451083179596901,-1.99924062476472,-1.1931085566160113,0.6014167670256413,-0.7858890739016593,0.17076743589958782,0
1.4089792621365311,-0.06556468168733408,-0.030704704472457878,1.090263229965003,0.6814735580219489,-1.513258187605826,0.8381467004446593,0.6014167670256413,1.1326975970006357,0.9545537165632137,0
1.0964500703077644,-0.06556468168733408,-1.1839330414661757,1.090263229965003,0.9267899332182766,-0.5412933132880401,-1.1931085566160113,-1.6627404735414788,0.8449095963652915,-0.5010493760978059,0
-1.716312656151147,-0.06556468168733408,-1.1839330414661757,-1.1215044484222225,-1.0357410683523456,-2.971205499082507,-1.1931085566160113,0.6014167670256413,-0.4981010732663151,-0.8369577820965027,0
-0.4661958888360746,-0.06556468168733408,-1.1839330414661757,-0.015620609228609717,-2.3849811319321486,-0.055310876129146085,0.8381467004446593,0.6014167670256413,1.036768263455521,0.058797967233355536,0
0.0025978989070768233,-0.06556468168733408,-1.1839330414661757,-1.1215044484222225,-1.0357410683523456,-0.055310876129146085,-1.1931085566160113,0.6014167670256413,-1.3614650751723478,-0.948927250762735,0
-0.15366669700730792,-0.06556468168733408,-1.1839330414661757,-1.1215044484222225,-1.1583992559505094,-0.784284531867486,-1.1931085566160113,0.6014167670256413,-1.3614650751723478,-1.9566524687588256,0
0.6276562825646116,1.4373506578504092,-1.1839330414661757,1.090263229965003,-0.9130828807541818,-0.5412933132880401,0.8381467004446593,-1.6627404735414788,-0.9777477409918889,-0.6130188447640381,0
0.9401854743933811,1.4373506578504092,1.12252363252126,1.090263229965003,1.2947644960127682,1.159645216768088,0.8381467004446593,0.6014167670256413,1.2286269305457505,1.0665231852294461,1
-0.30993129292169125,-0.06556468168733408,1.12252363252126,-1.1215044484222225,0.43615718282562105,1.159645216768088,0.8381467004446593,0.6014167670256413,0.3652629286397177,1.4024315912281429,1
-0.7787250806648427,-0.06556468168733408,-1.1839330414661757,-0.015620609228609717,-0.9130828807541818,-1.513258187605826,-1.1931085566160113,-1.6627404735414788,-1.1696064080821185,-1.0608967194289673,0
-0.15366669700730792,-1.5684800212250773,-1.1839330414661757,-0.015620609228609717,0.06818262003112939,-1.0272757504469332,-1.1931085566160113,-1.6627404735414788,-1.3614650751723478,-0.948927250762735,0
1.2527146662221478,1.4373506578504092,1.12252363252126,1.090263229965003,1.0494481208164406,0.673662779609194,0.8381467004446593,0.6014167670256413,1.5164149311810948,1.0665231852294461,1
1.0964500703077644,1.4373506578504092,-1.1839330414661757,-0.015620609228609717,0.43615718282562105,-1.99924062476472,0.8381467004446593,0.6014167670256413,-1.265535741627233,0.7306147792307492,1
0.9401854743933811,-0.06556468168733408,1.12252363252126,1.090263229965003,1.2947644960127682,0.916653998188642,0.8381467004446593,0.6014167670256413,1.6123442647262096,1.2904621225619106,1
-1.716312656151147,-0.06556468168733408,-1.1839330414661757,-0.015620609228609717,0.06818262003112939,-1.0272757504469332,0.8381467004446593,0.6014167670256413,1.42048559763598,0.7306147792307492,0
-1.8725772520655304,-0.06556468168733408,-0.030704704472457878,-1.1215044484222225,-0.0544755675670345,0.43067156102974796,-1.1931085566160113,-1.6627404735414788,-0.7858890739016593,-1.9566524687588256,0
1.5652438580509145,1.4373506578504092,1.12252363252126,1.090263229965003,0.19084080762929329,0.916653998188642,0.8381467004446593,0.6014167670256413,1.5164149311810948,0.5066758418982846,1
0.0025978989070768233,-1.5684800212250773,-1.1839330414661757,-0.015620609228609717,-0.2997919427633623,-2.485223061923614,-1.1931085566160113,-1.6627404735414788,-1.265535741627233,-0.7249883134302705,0
0.7839208784789949,1.4373506578504092,1.12252363252126,1.090263229965003,0.5588153704237849,1.159645216768088,0.8381467004446593,0.6014167670256413,0.1734042615494882,0.9545537165632137,1
1.5652438580509145,1.4373506578504092,1.12252363252126,1.090263229965003,0.8041317456201127,1.159645216768088,0.8381467004446593,0.6014167670256413,1.1326975970006357,1.0665231852294461,1
0.9401854743933811,1.4373506578504092,1.12252363252126,-1.1215044484222225,0.31349899522745717,0.43067156102974796,0.8381467004446593,0.6014167670256413,0.4611922621848325,-0.5010493760978059,0
0.9401854743933811,1.4373506578504092,-0.030704704472457878,-1.1215044484222225,-0.4224501303615262,-1.0272757504469332,-1.1931085566160113,-1.6627404735414788,1.3245562640908652,0.618645310564517,0
0.0025978989070768233,-1.5684800212250773,-0.030704704472457878,1.090263229965003,0.43615718282562105,0.43067156102974796,0.8381467004446593,0.6014167670256413,-0.5940304068114298,0.8425842478969815,1
0.47139168665022824,1.4373506578504092,1.12252363252126,-1.1215044484222225,0.5588153704237849,0.673662779609194,0.8381467004446593,0.6014167670256413,1.804202931816439,0.7306147792307492,0
-0.30993129292169125,-0.06556468168733408,-1.1839330414661757,-1.1215044484222225,-2.017006569137657,0.43067156102974796,-1.1931085566160113,0.6014167670256413,-0.9777477409918889,-1.8446830000925933,0
0.0025978989070768233,-0.06556468168733408,-0.030704704472457878,-0.015620609228609717,-1.4037156311468373,0.43067156102974796,-1.1931085566160113,0.6014167670256413,-1.265535741627233,-1.2848356567614319,0
0.47139168665022824,-1.5684800212250773,-1.1839330414661757,-1.1215044484222225,-2.3849811319321486,-0.784284531867486,-1.1931085566160113,-1.6627404735414788,-1.1696064080821185,-0.5010493760978059,0
-0.4661958888360746,-0.06556468168733408,-1.1839330414661757,-0.015620609228609717,-0.7904246931560178,1.159645216768088,0.8381467004446593,0.6014167670256413,-0.7858890739016593,-0.6130188447640381,0
0.6276562825646116,1.4373506578504092,1.12252363252126,1.090263229965003,1.2947644960127682,1.159645216768088,0.8381467004446593,0.6014167670256413,0.5571215957299472,1.5144010598943751,1
-0.15366669700730792,-1.5684800212250773,-1.1839330414661757,-0.015620609228609717,0.31349899522745717,-0.5412933132880401,-1.1931085566160113,-1.6627404735414788,-0.7858890739016593,-0.6130188447640381,0
0.0025978989070768233,-0.06556468168733408,-0.030704704472457878,-0.015620609228609717,-0.0544755675670345,0.673662779609194,0.8381467004446593,0.6014167670256413,-0.11438373908585606,-0.5010493760978059,0
1.0964500703077644,-0.06556468168733408,1.12252363252126,1.090263229965003,1.2947644960127682,1.159645216768088,0.8381467004446593,0.6014167670256413,1.7082735982713242,0.9545537165632137,1
-0.7787250806648427,-0.06556468168733408,-0.030704704472457878,-1.1215044484222225,-0.667766505557854,-0.5412933132880401,-1.1931085566160113,-1.6627404735414788,0.07747492800437346,-1.0608967194289673,0
1.0964500703077644,-0.06556468168733408,1.12252363252126,1.090263229965003,1.2947644960127682,1.159645216768088,0.8381467004446593,0.6014167670256413,-0.0184544055407413,0.8425842478969815,1
-1.5600480602367621,-0.06556468168733408,-1.1839330414661757,-0.015620609228609717,-1.526373818745001,-0.055310876129146085,-1.1931085566160113,-1.6627404735414788,-1.1696064080821185,-1.6207440627601286,0
-0.15366669700730792,-0.06556468168733408,1.12252363252126,-1.1215044484222225,-1.2810574435486735,-0.055310876129146085,-1.1931085566160113,0.6014167670256413,0.3652629286397177,-0.2771104387653413,1
-0.30993129292169125,-0.06556468168733408,-1.1839330414661757,-1.1215044484222225,-1.4037156311468373,-1.7562494061852731,-1.1931085566160113,0.6014167670256413,-0.21031307263097082,-0.948927250762735,0
0.3151270907358449,1.4373506578504092,1.12252363252126,1.090263229965003,0.06818262003112939,-0.055310876129146085,0.8381467004446593,0.6014167670256413,0.8449095963652915,-1.0608967194289673,1
1.5652438580509145,-0.06556468168733408,1.12252363252126,1.090263229965003,0.06818262003112939,-0.5412933132880401,0.8381467004446593,0.6014167670256413,0.07747492800437346,1.5144010598943751,1
-1.8725772520655304,-0.06556468168733408,-1.1839330414661757,-0.015620609228609717,-2.3849811319321486,-1.2702669690263801,-1.1931085566160113,-1.6627404735414788,-1.265535741627233,-1.396805125427664,0
0.9401854743933811,1.4373506578504092,1.12252363252126,1.090263229965003,1.2947644960127682,0.18768034245030202,0.8381467004446593,0.6014167670256413,0.8449095963652915,1.4024315912281429,1
-1.5600480602367621,-1.5684800212250773,-1.1839330414661757,-0.015620609228609717,-1.6490320063431652,-1.0272757504469332,-1.1931085566160113,0.6014167670256413,-1.3614650751723478,-1.5087745940938964,0
-1.0912542724936107,-0.06556468168733408,-1.1839330414661757,-0.015620609228609717,-2.017006569137657,-1.513258187605826,0.8381467004446593,0.6014167670256413,-1.3614650751723478,-0.16514097009910902,0
0.7839208784789949,1.4373506578504092,1.12252363252126,1.090263229965003,1.2947644960127682,1.159645216768088,0.8381467004446593,0.6014167670256413,1.9001322653615538,1.4024315912281429,1
-0.6224604847504593,-1.5684800212250773,-1.1839330414661757,-1.1215044484222225,0.6814735580219489,-0.29830209470859204,-1.1931085566160113,0.6014167670256413,0.3652629286397177,-0.7249883134302705,0
-0.30993129292169125,-0.06556468168733408,-0.030704704472457878,-0.015620609228609717,-0.2997919427633623,0.673662779609194,0.8381467004446593,0.6014167670256413,1.42048559763598,-1.0608967194289673,0
-1.5600480602367621,-0.06556468168733408,-1.1839330414661757,-0.015620609228609717,-1.8943483815394928,-0.29830209470859204,-1.1931085566160113,0.6014167670256413,-0.0184544055407413,-0.7249883134302705,0
0.6276562825646116,-0.06556468168733408,1.12252363252126,-0.015620609228609717,-1.4037156311468373,0.916653998188642,-1.1931085566160113,0.6014167670256413,-0.9777477409918889,-0.7249883134302705,0
-0.15366669700730792,-0.06556468168733408,-1.1839330414661757,-1.1215044484222225,-0.9130828807541818,-0.784284531867486,-1.1931085566160113,0.6014167670256413,-1.3614650751723478,-0.8369577820965027,0
-0.15366669700730792,-0.06556468168733408,-0.030704704472457878,1.090263229965003,0.31349899522745717,1.159645216768088,0.8381467004446593,0.6014167670256413,-0.4981010732663151,0.618645310564517,0
1.2527146662221478,1.4373506578504092,1.12252363252126,1.090263229965003,1.2947644960127682,0.43067156102974796,0.8381467004446593,0.6014167670256413,1.5164149311810948,1.5144010598943751,1
0.6276562825646116,-0.06556468168733408,-0.030704704472457878,-1.1215044484222225,0.43615718282562105,-0.5412933132880401,0.8381467004446593,-1.6627404735414788,-0.30624240617608556,-0.948927250762735,0
-0.15366669700730792,-1.5684800212250773,-1.1839330414661757,-1.1215044484222225,0.43615718282562105,-1.2702669690263801,-1.1931085566160113,0.6014167670256413,-1.265535741627233,-0.948927250762735,0
0.0025978989070768233,-0.06556468168733408,-0.030704704472457878,-1.1215044484222225,0.31349899522745717,-0.055310876129146085,-1.1931085566160113,0.6014167670256413,0.7489802628201767,-0.8369577820965027,0
1.2527146662221478,1.4373506578504092,-0.030704704472457878,1.090263229965003,0.5588153704237849,0.43067156102974796,0.8381467004446593,0.6014167670256413,1.1326975970006357,1.0665231852294461,1
-0.9349896765792275,-0.06556468168733408,-1.1839330414661757,1.090263229965003,-0.1771337551651984,0.673662779609194,0.8381467004446593,0.6014167670256413,0.269333595094603,0.8425842478969815,1
1.2527146662221478,1.4373506578504092,1.12252363252126,-1.1215044484222225,1.1721063084146044,1.159645216768088,0.8381467004446593,0.6014167670256413,0.9408389299104063,0.618645310564517,1
-0.9349896765792275,-0.06556468168733408,1.12252363252126,-1.1215044484222225,0.19084080762929329,-0.29830209470859204,0.8381467004446593,0.6014167670256413,-0.6899597403565446,1.5144010598943751,1
0.47139168665022824,1.4373506578504092,-0.030704704472457878,1.090263229965003,0.43615718282562105,-2.485223061923614,0.8381467004446593,0.6014167670256413,-0.4021717397212003,-0.6130188447640381,0
0.15886249482146017,-0.06556468168733408,-0.030704704472457878,-1.1215044484222225,0.8041317456201127,0.673662779609194,-1.1931085566160113,0.6014167670256413,-1.265535741627233,-0.948927250762735,0
-0.15366669700730792,1.4373506578504092,-1.1839330414661757,-1.1215044484222225,-0.2997919427633623,-0.29830209470859204,-1.1931085566160113,0.6014167670256413,0.269333595094603,-0.7249883134302705,1
-0.15366669700730792,-0.06556468168733408,1.12252363252126,1.090263229965003,0.5588153704237849,0.673662779609194,0.8381467004446593,0.6014167670256413,-0.21031307263097082,1.2904621225619106,1
0.6276562825646116,-0.06556468168733408,1.12252363252126,1.090263229965003,0.31349899522745717,-0.29830209470859204,0.8381467004446593,0.6014167670256413,0.269333595094603,-0.8369577820965027,0
0.0025978989070768233,-0.06556468168733408,1.12252363252126,1.090263229965003,0.8041317456201127,0.43067156102974796,-1.1931085566160113,0.6014167670256413,-0.4021717397212003,1.5144010598943751,0
-1.716312656151147,-1.5684800212250773,-0.030704704472457878,-1.1215044484222225,-1.8943483815394928,-1.2702669690263801,-1.1931085566160113,0.6014167670256413,-1.3614650751723478,-0.5010493760978059,0
0.9401854743933811,1.4373506578504092,1.12252363252126,2.1961470691586156,1.0494481208164406,1.159645216768088,0.8381467004446593,0.6014167670256413,0.8449095963652915,1.0665231852294461,1
-1.8725772520655304,-1.5684800212250773,-1.1839330414661757,-1.1215044484222225,-1.771690193941329,0.43067156102974796,-1.1931085566160113,-1.6627404735414788,-0.9777477409918889,-0.6130188447640381,0
1.7215084539653005,-1.5684800212250773,-0.030704704472457878,-0.015620609228609717,-0.7904246931560178,1.159645216768088,0.8381467004446593,-1.6627404735414788,1.1326975970006357,0.9545537165632137,0
1.2527146662221478,-0.06556468168733408,1.12252363252126,1.090263229965003,1.2947644960127682,1.159645216768088,0.8381467004446593,0.6014167670256413,1.2286269305457505,1.5144010598943751,1
0.15886249482146017,1.4373506578504092,1.12252363252126,1.090263229965003,1.2947644960127682,1.159645216768088,0.8381467004446593,0.6014167670256413,1.9960615989066686,0.3947063732320524,1
-1.8725772520655304,-0.06556468168733408,-1.1839330414661757,-0.015620609228609717,-1.526373818745001,-1.7562494061852731,-1.1931085566160113,-1.6627404735414788,-1.0736770745370037,-0.8369577820965027,0
-1.8725772520655304,-1.5684800212250773,1.12252363252126,-0.015620609228609717,0.31349899522745717,0.673662779609194,-1.1931085566160113,-1.6627404735414788,-1.1696064080821185,-0.948927250762735,0
0.47139168665022824,1.4373506578504092,1.12252363252126,1.090263229965003,0.43615718282562105,0.43067156102974796,0.8381467004446593,-1.6627404735414788,0.9408389299104063,0.7306147792307492,0
0.0025978989070768233,-0.06556468168733408,-1.1839330414661757,-0.015620609228609717,-0.7904246931560178,-0.784284531867486,-1.1931085566160113,0.6014167670256413,-1.0736770745370037,-0.8369577820965027,0
1.2527146662221478,-0.06556468168733408,1.12252363252126,1.090263229965003,1.0494481208164406,0.673662779609194,0.8381467004446593,0.6014167670256413,0.3652629286397177,1.0665231852294461,0
-0.30993129292169125,1.4373506578504092,1.12252363252126,-0.015620609228609717,1.2947644960127682,0.18768034245030202,-1.1931085566160113,0.6014167670256413,1.1326975970006357,0.7306147792307492,0
-1.8725772520655304,-0.06556468168733408,-0.030704704472457878,-0.015620609228609717,0.31349899522745717,0.18768034245030202,-1.1931085566160113,0.6014167670256413,-1.3614650751723478,-0.6130188447640381,0
-1.8725772520655304,1.4373506578504092,-1.1839330414661757,1.090263229965003,-0.0544755675670345,0.18768034245030202,-1.1931085566160113,-1.6627404735414788,-1.3614650751723478,-0.948927250762735,0
-1.8725772520655304,-0.06556468168733408,-0.030704704472457878,-0.015620609228609717,-1.6490320063431652,-0.29830209470859204,-1.1931085566160113,-1.6627404735414788,-1.3614650751723478,-0.2771104387653413,0
-0.15366669700730792,-0.06556468168733408,-1.1839330414661757,-0.015620609228609717,-1.6490320063431652,-1.7562494061852731,-1.1931085566160113,0.6014167670256413,-0.21031307263097082,-1.0608967194289673,0
-0.30993129292169125,-0.06556468168733408,1.12252363252126,-0.015620609228609717,0.43615718282562105,0.18768034245030202,0.8381467004446593,0.6014167670256413,0.7489802628201767,1.4024315912281429,1
-1.247518868407994,-0.06556468168733408,-1.1839330414661757,-0.015620609228609717,-0.4224501303615262,1.159645216768088,0.8381467004446593,0.6014167670256413,-1.0736770745370037,-0.948927250762735,0
1.7215084539653005,-1.5684800212250773,1.12252363252126,-1.1215044484222225,1.0494481208164406,0.673662779609194,0.8381467004446593,0.6014167670256413,-0.4021717397212003,1.0665231852294461,1
0.7839208784789949,-0.06556468168733408,-1.1839330414661757,-0.015620609228609717,-0.4224501303615262,-0.5412933132880401,-1.1931085566160113,-1.6627404735414788,-1.0736770745370037,0.618645310564517,0
-0.4661958888360746,-0.06556468168733408,1.12252363252126,-1.1215044484222225,0.6814735580219489,0.673662779609194,-1.1931085566160113,-1.6627404735414788,-0.6899597403565446,-1.0608967194289673,0
0.3151270907358449,-0.06556468168733408,1.12252363252126,1.090263229965003,1.1721063084146044,0.673662779609194,0.8381467004446593,0.6014167670256413,1.3245562640908652,1.2904621225619106,1
-0.30993129292169125,-0.06556468168733408,-0.030704704472457878,-1.1215044484222225,0.31349899522745717,-0.5412933132880401,-1.1931085566160113,-1.6627404735414788,-0.4981010732663151,-1.5087745940938964,0
-1.8725772520655304,-1.5684800212250773,-1.1839330414661757,1.090263229965003,-0.4224501303615262,-0.5412933132880401,0.8381467004446593,0.6014167670256413,0.9408389299104063,-1.0608967194289673,0
1.4089792621365311,-0.06556468168733408,1.12252363252126,1.090263229965003,-0.4224501303615262,-0.784284531867486,-1.1931085566160113,-1.6627404735414788,0.1734042615494882,1.5144010598943751,0
1.2527146662221478,-0.06556468168733408,1.12252363252126,2.1961470691586156,0.5588153704237849,0.673662779609194,0.8381467004446593,0.6014167670256413,-0.0184544055407413,1.5144010598943751,1
1.0964500703077644,1.4373506578504092,1.12252363252126,1.090263229965003,1.2947644960127682,1.159645216768088,0.8381467004446593,0.6014167670256413,1.9960615989066686,1.1784926538956784,1
-0.4661958888360746,-0.06556468168733408,-1.1839330414661757,-0.015620609228609717,-0.2997919427633623,-0.5412933132880401,-1.1931085566160113,-1.6627404735414788,-1.3614650751723478,-1.1728661880951996,0
-0.30993129292169125,-1.5684800212250773,-1.1839330414661757,-1.1215044484222225,-0.9130828807541818,-1.0272757504469332,-1.1931085566160113,0.6014167670256413,-0.4021717397212003,-0.5010493760978059,0
0.15886249482146017,1.4373506578504092,1.12252363252126,1.090263229965003,1.2947644960127682,1.159645216768088,0.8381467004446593,0.6014167670256413,0.9408389299104063,1.4024315912281429,1
-0.15366669700730792,-1.5684800212250773,-1.1839330414661757,1.090263229965003,0.43615718282562105,0.916653998188642,-1.1931085566160113,0.6014167670256413,0.7489802628201767,-0.6130188447640381,1
0.0025978989070768233,-0.06556468168733408,-0.030704704472457878,-1.1215044484222225,0.06818262003112939,0.673662779609194,-1.1931085566160113,0.6014167670256413,-1.1696064080821185,-0.7249883134302705,0
0.7839208784789949,1.4373506578504092,1.12252363252126,1.090263229965003,1.2947644960127682,1.159645216768088,0.8381467004446593,0.6014167670256413,1.036768263455521,1.2904621225619106,1
0.15886249482146017,-0.06556468168733408,-0.030704704472457878,-1.1215044484222225,-0.1771337551651984,-0.784284531867486,0.8381467004446593,0.6014167670256413,-0.21031307263097082,-0.2771104387653413,0
0.9401854743933811,-0.06556468168733408,1.12252363252126,1.090263229965003,1.1721063084146044,1.159645216768088,0.8381467004446593,0.6014167670256413,0.9408389299104063,0.7306147792307492,1
0.3151270907358449,-0.06556468168733408,-0.030704704472457878,-0.015620609228609717,-2.2623229443339845,-0.29830209470859204,0.8381467004446593,0.6014167670256413,1.036768263455521,-0.3890799074315736,0
-0.15366669700730792,-0.06556468168733408,-1.1839330414661757,-0.015620609228609717,-1.4037156311468373,-0.784284531867486,-1.1931085566160113,0.6014167670256413,-0.7858890739016593,-0.7249883134302705,0
0.9401854743933811,-1.5684800212250773,1.12252363252126,1.090263229965003,0.43615718282562105,-0.055310876129146085,0.8381467004446593,0.6014167670256413,0.653050929275062,1.0665231852294461,1
1.2527146662221478,1.4373506578504092,1.12252363252126,1.090263229965003,1.2947644960127682,1.159645216768088,0.8381467004446593,0.6014167670256413,0.8449095963652915,1.4024315912281429,1
-1.8725772520655304,-0.06556468168733408,-0.030704704472457878,-1.1215044484222225,0.5588153704237849,-0.055310876129146085,-1.1931085566160113,0.6014167670256413,1.036768263455521,-0.6130188447640381,0
0.0025978989070768233,-0.06556468168733408,-1.1839330414661757,-1.1215044484222225,-0.5451083179596901,-0.784284531867486,-1.1931085566160113,0.6014167670256413,-0.7858890739016593,-0.3890799074315736,1
0.7839208784789949,-0.06556468168733408,1.12252363252126,-1.1215044484222225,0.8041317456201127,0.916653998188642,0.8381467004446593,0.6014167670256413,1.1326975970006357,1.5144010598943751,1
0.7839208784789949,1.4373506578504092,-0.030704704472457878,-1.1215044484222225,-0.667766505557854,-0.5412933132880401,-1.1931085566160113,-1.6627404735414788,-0.8818184074467741,-0.05317150143287675,0
0.3151270907358449,1.4373506578504092,1.12252363252126,1.090263229965003,1.2947644960127682,1.159645216768088,0.8381467004446593,-1.6627404735414788,1.804202931816439,0.2827369045658201,1
0.47139168665022824,-0.06556468168733408,1.12252363252126,1.090263229965003,-0.0544755675670345,1.159645216768088,0.8381467004446593,0.6014167670256413,1.3245562640908652,1.1784926538956784,1
-1.8725772520655304,-1.5684800212250773,-0.030704704472457878,1.090263229965003,1.0494481208164406,0.673662779609194,-1.1931085566160113,0.6014167670256413,0.1734042615494882,-0.2771104387653413,0
1.0964500703077644,-0.06556468168733408,-1.1839330414661757,1.090263229965003,0.31349899522745717,1.159645216768088,0.8381467004446593,0.6014167670256413,-0.5940304068114298,-0.8369577820965027,1
0.6276562825646116,-0.06556468168733408,-1.1839330414661757,-0.015620609228609717,-1.0357410683523456,-0.29830209470859204,-1.1931085566160113,-1.6627404735414788,-1.3614650751723478,-1.5087745940938964,0
-0.30993129292169125,-1.5684800212250773,-1.1839330414661757,-1.1215044484222225,-1.4037156311468373,-2.2422318433441673,-1.1931085566160113,-1.6627404735414788,-0.7858890739016593,-1.732713531426361,0
0.7839208784789949,1.4373506578504092,-1.1839330414661757,-1.1215044484222225,0.31349899522745717,0.916653998188642,0.8381467004446593,0.6014167670256413,-0.5940304068114298,-0.2771104387653413,1
-0.15366669700730792,-0.06556468168733408,-0.030704704472457878,-0.015620609228609717,-0.5451083179596901,-0.5412933132880401,0.8381467004446593,0.6014167670256413,-0.4981010732663151,-0.8369577820965027,0
-1.247518868407994,-0.06556468168733408,1.12252363252126,-1.1215044484222225,0.19084080762929329,0.673662779609194,0.8381467004446593,0.6014167670256413,-0.6899597403565446,0.17076743589958782,1
1.2527146662221478,-0.06556468168733408,-1.1839330414661757,1.090263229965003,0.31349899522745717,0.18768034245030202,0.8381467004446593,0.6014167670256413,1.2286269305457505,1.1784926538956784,1
-0.30993129292169125,-0.06556468168733408,-0.030704704472457878,1.090263229965003,-0.9130828807541818,-0.5412933132880401,0.8381467004446593,0.6014167670256413,-0.30624240617608556,-0.5010493760978059,0
-1.8725772520655304,-0.06556468168733408,-1.1839330414661757,-1.1215044484222225,-0.2997919427633623,-0.5412933132880401,-1.1931085566160113,-1.6627404735414788,-0.9777477409918889,-1.9566524687588256,0
-1.5600480602367621,-0.06556468168733408,-0.030704704472457878,-1.1215044484222225,-0.7904246931560178,0.43067156102974796,-1.1931085566160113,0.6014167670256413,-1.3614650751723478,-1.0608967194289673,0
-0.15366669700730792,-0.06556468168733408,-1.1839330414661757,-1.1215044484222225,-0.7904246931560178,-0.29830209470859204,-1.1931085566160113,-1.6627404735414788,-1.265535741627233,-0.948927250762735,0
-1.5600480602367621,1.4373506578504092,1.12252363252126,1.090263229965003,0.43615718282562105,-0.784284531867486,-1.1931085566160113,-1.6627404735414788,0.9408389299104063,-0.7249883134302705,1
-0.6224604847504593,-1.5684800212250773,-1.1839330414661757,-1.1215044484222225,-0.1771337551651984,-1.7562494061852731,-1.1931085566160113,-1.6627404735414788,-1.265535741627233,-0.5010493760978059,0
-0.30993129292169125,-1.5684800212250773,-1.1839330414661757,-1.1215044484222225,-1.1583992559505094,-1.2702669690263801,-1.1931085566160113,-1.6627404735414788,-1.265535741627233,-0.6130188447640381,0
0.6276562825646116,-1.5684800212250773,1.12252363252126,-1.1215044484222225,-1.2810574435486735,-0.5412933132880401,0.8381467004446593,-1.6627404735414788,-0.21031307263097082,-1.732713531426361,0
0.7839208784789949,1.4373506578504092,1.12252363252126,1.090263229965003,-0.4224501303615262,0.43067156102974796,0.8381467004446593,0.6014167670256413,0.3652629286397177,0.8425842478969815,0
-0.4661958888360746,-0.06556468168733408,-0.030704704472457878,1.090263229965003,0.6814735580219489,-1.99924062476472,0.8381467004446593,0.6014167670256413,-1.1696064080821185,-0.7249883134302705,1
1.2527146662221478,1.4373506578504092,1.12252363252126,1.090263229965003,1.2947644960127682,0.673662779609194,0.8381467004446593,0.6014167670256413,1.1326975970006357,1.5144010598943751,1
-0.30993129292169125,-0.06556468168733408,-0.030704704472457878,-1.1215044484222225,-1.6490320063431652,-0.29830209470859204,-1.1931085566160113,0.6014167670256413,-1.3614650751723478,-1.0608967194289673,0
0.3151270907358449,-1.5684800212250773,1.12252363252126,1.090263229965003,1.1721063084146044,0.43067156102974796,-1.1931085566160113,0.6014167670256413,0.9408389299104063,0.618645310564517,0
-0.15366669700730792,-0.06556468168733408,-1.1839330414661757,-1.1215044484222225,-0.9130828807541818,0.43067156102974796,-1.1931085566160113,-1.6627404735414788,-1.3614650751723478,-1.9566524687588256,0
-1.8725772520655304,1.4373506578504092,-1.1839330414661757,-0.015620609228609717,0.31349899522745717,1.159645216768088,-1.1931085566160113,0.6014167670256413,0.5571215957299472,-0.3890799074315736,0
1.2527146662221478,-1.5684800212250773,-0.030704704472457878,-1.1215044484222225,0.19084080762929329,-2.7282142805030603,-1.1931085566160113,0.6014167670256413,-1.3614650751723478,-1.2848356567614319,0
0.9401854743933811,1.4373506578504092,1.12252363252126,1.090263229965003,1.2947644960127682,-0.29830209470859204,0.8381467004446593,0.6014167670256413,0.1734042615494882,0.7306147792307492,1
0.9401854743933811,-0.06556468168733408,1.12252363252126,-1.1215044484222225,-0.1771337551651984,0.916653998188642,0.8381467004446593,0.6014167670256413,0.653050929275062,0.8425842478969815,0
1.0964500703077644,1.4373506578504092,1.12252363252126,1.090263229965003,1.2947644960127682,0.673662779609194,0.8381467004446593,0.6014167670256413,0.4611922621848325,1.1784926538956784,1
0.47139168665022824,1.4373506578504092,-1.1839330414661757,-0.015620609228609717,0.6814735580219489,0.43067156102974796,-1.1931085566160113,-1.6627404735414788,-0.30624240617608556,-1.2848356567614319,1
-0.30993129292169125,-0.06556468168733408,-1.1839330414661757,-1.1215044484222225,-1.4037156311468373,-0.5412933132880401,0.8381467004446593,0.6014167670256413,-1.3614650751723478,-0.8369577820965027,0
0.47139168665022824,-1.5684800212250773,-0.030704704472457878,1.090263229965003,-0.0544755675670345,0.18768034245030202,-1.1931085566160113,0.6014167670256413,-1.3614650751723478,-0.7249883134302705,0
-1.0912542724936107,-0.06556468168733408,1.12252363252126,-0.015620609228609717,0.06818262003112939,1.159645216768088,0.8381467004446593,0.6014167670256413,-0.9777477409918889,-0.7249883134302705,1
-1.8725772520655304,-1.5684800212250773,-1.1839330414661757,-0.015620609228609717,1.2947644960127682,-1.513258187605826,-1.1931085566160113,0.6014167670256413,-0.4981010732663151,-0.3890799074315736,0
-1.8725772520655304,1.4373506578504092,-0.030704704472457878,-1.1215044484222225,-1.4037156311468373,-0.784284531867486,0.8381467004446593,-1.6627404735414788,-0.0184544055407413,-0.6130188447640381,0
-0.6224604847504593,-0.06556468168733408,-0.030704704472457878,-0.015620609228609717,0.8041317456201127,-0.055310876129146085,-1.1931085566160113,0.6014167670256413,-0.11438373908585606,-1.1728661880951996,0
0.0025978989070768233,1.4373506578504092,-0.030704704472457878,1.090263229965003,0.6814735580219489,0.916653998188642,0.8381467004446593,0.6014167670256413,1.3245562640908652,0.8425842478969815,1
1.2527146662221478,-1.5684800212250773,-0.030704704472457878,-0.015620609228609717,1.1721063084146044,1.159645216768088,0.8381467004446593,0.6014167670256413,-1.265535741627233,-0.2771104387653413,1
1.2527146662221478,-0.06556468168733408,1.12252363252126,1.090263229965003,-0.1771337551651984,1.159645216768088,0.8381467004446593,0.6014167670256413,0.653050929275062,1.0665231852294461,1
0.6276562825646116,1.4373506578504092,1.12252363252126,-1.1215044484222225,1.2947644960127682,0.18768034245030202,-1.1931085566160113,0.6014167670256413,0.8449095963652915,1.2904621225619106,1
-0.6224604847504593,-0.06556468168733408,-1.1839330414661757,-0.015620609228609717,-1.8943483815394928,-0.5412933132880401,-1.1931085566160113,-1.6627404735414788,-0.9777477409918889,-1.6207440627601286,0
-1.4037834643223788,-0.06556468168733408,-1.1839330414661757,-1.1215044484222225,0.43615718282562105,-1.0272757504469332,-1.1931085566160113,-1.6627404735414788,-1.0736770745370037,-1.5087745940938964,0
-1.0912542724936107,-1.5684800212250773,-1.1839330414661757,-1.1215044484222225,-2.1396647567358205,0.916653998188642,-1.1931085566160113,0.6014167670256413,-1.1696064080821185,-0.2771104387653413,0
-1.4037834643223788,-0.06556468168733408,-1.1839330414661757,-1.1215044484222225,0.31349899522745717,-1.0272757504469332,-1.1931085566160113,-1.6627404735414788,1.2286269305457505,-1.1728661880951996,0
-1.5600480602367621,-0.06556468168733408,-0.030704704472457878,-0.015620609228609717,0.31349899522745717,-0.055310876129146085,0.8381467004446593,0.6014167670256413,0.7489802628201767,0.618645310564517,1
0.47139168665022824,-1.5684800212250773,-1.1839330414661757,2.1961470691586156,1.2947644960127682,1.159645216768088,0.8381467004446593,0.6014167670256413,1.1326975970006357,0.8425842478969815,1
0.9401854743933811,-0.06556468168733408,-1.1839330414661757,1.090263229965003,-0.0544755675670345,-1.513258187605826,0.8381467004446593,0.6014167670256413,1.2286269305457505,0.17076743589958782,1
-0.30993129292169125,-0.06556468168733408,-0.030704704472457878,-0.015620609228609717,-1.6490320063431652,-0.784284531867486,-1.1931085566160113,0.6014167670256413,-1.0736770745370037,0.17076743589958782,0
0.7839208784789949,1.4373506578504092,1.12252363252126,1.090263229965003,1.2947644960127682,1.159645216768088,0.8381467004446593,0.6014167670256413,1.2286269305457505,1.0665231852294461,1
-0.15366669700730792,-0.06556468168733408,-1.1839330414661757,-0.015620609228609717,0.31349899522745717,-1.0272757504469332,-1.1931085566160113,0.6014167670256413,-1.3614650751723478,-0.5010493760978059,0
0.7839208784789949,-1.5684800212250773,1.12252363252126,1.090263229965003,0.43615718282562105,0.916653998188642,0.8381467004446593,0.6014167670256413,0.269333595094603,1.2904621225619106,0
-0.30993129292169125,-1.5684800212250773,-1.1839330414661757,-1.1215044484222225,-1.6490320063431652,-1.513258187605826,-1.1931085566160113,0.6014167670256413,-0.7858890739016593,-0.948927250762735,0
1.0964500703077644,1.4373506578504092,1.12252363252126,1.090263229965003,1.2947644960127682,1.159645216768088,0.8381467004446593,0.6014167670256413,-0.21031307263097082,0.8425842478969815,1
-0.4661958888360746,-0.06556468168733408,1.12252363252126,-1.1215044484222225,-0.1771337551651984,0.673662779609194,0.8381467004446593,0.6014167670256413,0.4611922621848325,0.8425842478969815,0
1.5652438580509145,1.4373506578504092,-0.030704704472457878,1.090263229965003,-0.7904246931560178,-0.5412933132880401,-1.1931085566160113,0.6014167670256413,-1.0736770745370037,-0.948927250762735,0
-1.5600480602367621,-1.5684800212250773,1.12252363252126,-1.1215044484222225,-1.1583992559505094,0.916653998188642,0.8381467004446593,-1.6627404735414788,1.9001322653615538,-0.8369577820965027,0
0.47139168665022824,-0.06556468168733408,1.12252363252126,-1.1215044484222225,0.19084080762929329,-0.055310876129146085,0.8381467004446593,0.6014167670256413,0.269333595094603,-0.3890799074315736,0
0.9401854743933811,-0.06556468168733408,1.12252363252126,1.090263229965003,-0.0544755675670345,0.18768034245030202,0.8381467004446593,0.6014167670256413,0.8449095963652915,0.9545537165632137,1
0.9401854743933811,-0.06556468168733408,1.12252363252126,-1.1215044484222225,-0.2997919427633623,1.159645216768088,0.8381467004446593,0.6014167670256413,0.4611922621848325,-1.9566524687588256,0
0.3151270907358449,-1.5684800212250773,-1.1839330414661757,-1.1215044484222225,-1.2810574435486735,-1.2702669690263801,-1.1931085566160113,0.6014167670256413,-0.30624240617608556,-1.5087745940938964,0
0.47139168665022824,1.4373506578504092,1.12252363252126,1.090263229965003,1.2947644960127682,1.159645216768088,0.8381467004446593,0.6014167670256413,1.9960615989066686,1.4024315912281429,1
-0.4661958888360746,-0.06556468168733408,-0.030704704472457878,-1.1215044484222225,-0.4224501303615262,0.43067156102974796,-1.1931085566160113,-1.6627404735414788,-0.11438373908585606,-0.16514097009910902,0
-1.716312656151147,-0.06556468168733408,-1.1839330414661757,-0.015620609228609717,-2.3849811319321486,-1.0272757504469332,-1.1931085566160113,-1.6627404735414788,-0.7858890739016593,-0.16514097009910902,0
-0.6224604847504593,-1.5684800212250773,-0.030704704472457878,-0.015620609228609717,-1.0357410683523456,0.18768034245030202,-1.1931085566160113,-1.6627404735414788,-0.11438373908585606,-0.6130188447640381,0
-0.30993129292169125,-0.06556468168733408,-1.1839330414661757,-1.1215044484222225,-0.1771337551651984,-1.7562494061852731,-1.1931085566160113,-1.6627404735414788,-1.1696064080821185,-0.7249883134302705,0
-0.15366669700730792,-1.5684800212250773,-0.030704704472457878,1.090263229965003,1.2947644960127682,0.673662779609194,0.8381467004446593,0.6014167670256413,1.5164149311810948,0.2827369045658201,1
-0.30993129292169125,-0.06556468168733408,-1.1839330414661757,-1.1215044484222225,0.06818262003112939,0.916653998188642,-1.1931085566160113,-1.6627404735414788,-1.265535741627233,0.8425842478969815,1
-1.716312656151147,-0.06556468168733408,-0.030704704472457878,-1.1215044484222225,0.19084080762929329,0.43067156102974796,0.8381467004446593,0.6014167670256413,-0.6899597403565446,-1.1728661880951996,1
0.7839208784789949,1.4373506578504092,1.12252363252126,1.090263229965003,0.8041317456201127,0.18768034245030202,0.8381467004446593,0.6014167670256413,0.9408389299104063,1.1784926538956784,1
-0.6224604847504593,-1.5684800212250773,1.12252363252126,-0.015620609228609717,-1.1583992559505094,-1.2702669690263801,0.8381467004446593,-1.6627404735414788,-1.265535741627233,0.17076743589958782,1
0.0025978989070768233,1.4373506578504092,1.12252363252126,-1.1215044484222225,0.19084080762929329,0.916653998188642,0.8381467004446593,0.6014167670256413,-0.30624240617608556,0.618645310564517,1
1.0964500703077644,-1.5684800212250773,1.12252363252126,1.090263229965003,1.2947644960127682,1.159645216768088,0.8381467004446593,0.6014167670256413,1.3245562640908652,0.9545537165632137,1
1.4089792621365311,-1.5684800212250773,1.12252363252126,1.090263229965003,1.2947644960127682,0.916653998188642,0.8381467004446593,0.6014167670256413,0.1734042615494882,1.5144010598943751,1
0.15886249482146017,-1.5684800212250773,1.12252363252126,-0.015620609228609717,1.2947644960127682,0.916653998188642,-1.1931085566160113,-1.6627404735414788,0.5571215957299472,-0.05317150143287675,1
1.4089792621365311,-0.06556468168733408,1.12252363252126,1.090263229965003,0.31349899522745717,1.159645216768088,0.8381467004446593,0.6014167670256413,1.804202931816439,0.7306147792307492,1
1.0964500703077644,-0.06556468168733408,-0.030704704472457878,-0.015620609228609717,0.5588153704237849,-0.055310876129146085,0.8381467004446593,0.6014167670256413,0.269333595094603,-0.8369577820965027,0
-0.15366669700730792,-1.5684800212250773,-1.1839330414661757,1.090263229965003,-1.0357410683523456,-1.0272757504469332,-1.1931085566160113,0.6014167670256413,-0.7858890739016593,-0.8369577820965027,0
-0.15366669700730792,-0.06556468168733408,-0.030704704472457878,1.090263229965003,0.06818262003112939,0.43067156102974796,-1.1931085566160113,0.6014167670256413,-0.11438373908585606,1.2904621225619106,0
-1.8725772520655304,-0.06556468168733408,-1.1839330414661757,-0.015620609228609717,-1.2810574435486735,-1.513258187605826,0.8381467004446593,-1.6627404735414788,-0.6899597403565446,-1.0608967194289673,0
-1.716312656151147,-1.5684800212250773,1.12252363252126,-1.1215044484222225,0.9267899332182766,0.673662779609194,0.8381467004446593,0.6014167670256413,0.7489802628201767,0.2827369045658201,1
-1.8725772520655304,-0.06556468168733408,-1.1839330414661757,-1.1215044484222225,-1.0357410683523456,-0.29830209470859204,0.8381467004446593,0.6014167670256413,-1.3614650751723478,0.058797967233355536,0
-0.15366669700730792,-0.06556468168733408,-1.1839330414661757,-1.1215044484222225,-1.2810574435486735,-2.2422318433441673,0.8381467004446593,0.6014167670256413,0.3652629286397177,-1.732713531426361,0
-1.8725772520655304,-0.06556468168733408,-0.030704704472457878,-1.1215044484222225,-0.1771337551651984,-0.784284531867486,0.8381467004446593,0.6014167670256413,-1.1696064080821185,0.3947063732320524,0
-0.15366669700730792,-0.06556468168733408,-0.030704704472457878,-1.1215044484222225,-0.9130828807541818,1.159645216768088,-1.1931085566160113,0.6014167670256413,-0.5940304068114298,-1.0608967194289673,0
0.7839208784789949,-0.06556468168733408,-0.030704704472457878,-1.1215044484222225,-0.7904246931560178,0.43067156102974796,0.8381467004446593,0.6014167670256413,-0.0184544055407413,-0.16514097009910902,0
0.9401854743933811,1.4373506578504092,1.12252363252126,1.090263229965003,1.2947644960127682,1.159645216768088,0.8381467004446593,0.6014167670256413,0.8449095963652915,0.9545537165632137,1
0.9401854743933811,-1.5684800212250773,1.12252363252126,1.090263229965003,1.2947644960127682,-0.055310876129146085,0.8381467004446593,0.6014167670256413,-0.5940304068114298,1.5144010598943751,1
0.47139168665022824,-1.5684800212250773,1.12252363252126,1.090263229965003,0.9267899332182766,0.43067156102974796,0.8381467004446593,0.6014167670256413,1.3245562640908652,0.7306147792307492,1
-0.30993129292169125,-0.06556468168733408,-0.030704704472457878,-1.1215044484222225,-1.1583992559505094,-2.2422318433441673,-1.1931085566160113,0.6014167670256413,-1.3614650751723478,-0.948927250762735,0
-0.4661958888360746,-1.5684800212250773,-1.1839330414661757,-1.1215044484222225,-0.0544755675670345,-0.055310876129146085,-1.1931085566160113,-1.6627404735414788,-0.5940304068114298,-0.16514097009910902,0
0.0025978989070768233,1.4373506578504092,-0.030704704472457878,2.1961470691586156,0.43615718282562105,-0.055310876129146085,0.8381467004446593,0.6014167670256413,0.5571215957299472,0.618645310564517,0
1.0964500703077644,1.4373506578504092,1.12252363252126,1.090263229965003,1.2947644960127682,1.159645216768088,0.8381467004446593,0.6014167670256413,1.2286269305457505,1.5144010598943751,1
-0.15366669700730792,-1.5684800212250773,-1.1839330414661757,-0.015620609228609717,-2.1396647567358205,-1.0272757504469332,-1.1931085566160113,-1.6627404735414788,-0.4021717397212003,-1.8446830000925933,0
-0.4661958888360746,-1.5684800212250773,-0.030704704472457878,-1.1215044484222225,-0.4224501303615262,0.43067156102974796,-1.1931085566160113,0.6014167670256413,0.269333595094603,1.1784926538956784,0
-0.6224604847504593,-0.06556468168733408,1.12252363252126,-1.1215044484222225,0.31349899522745717,0.18768034245030202,0.8381467004446593,-1.6627404735414788,0.7489802628201767,0.618645310564517,0
-1.8725772520655304,-0.06556468168733408,-1.1839330414661757,-1.1215044484222225,-0.0544755675670345,-0.29830209470859204,-1.1931085566160113,0.6014167670256413,-0.7858890739016593,-1.732713531426361,0
0.47139168665022824,-0.06556468168733408,1.12252363252126,1.090263229965003,1.2947644960127682,0.916653998188642,0.8381467004446593,0.6014167670256413,0.653050929275062,1.5144010598943751,1
1.0964500703077644,-1.5684800212250773,-0.030704704472457878,1.090263229965003,0.06818262003112939,-1.0272757504469332,0.8381467004446593,0.6014167670256413,0.653050929275062,0.618645310564517,1
-1.8725772520655304,-0.06556468168733408,-0.030704704472457878,-1.1215044484222225,-0.2997919427633623,-0.29830209470859204,-1.1931085566160113,-1.6627404735414788,-1.3614650751723478,-1.732713531426361,0
1.0964500703077644,1.4373506578504092,1.12252363252126,1.090263229965003,1.2947644960127682,1.159645216768088,0.8381467004446593,0.6014167670256413,0.1734042615494882,1.1784926538956784,0
-0.15366669700730792,-0.06556468168733408,-1.1839330414661757,-1.1215044484222225,0.31349899522745717,-0.784284531867486,-1.1931085566160113,-1.6627404735414788,-0.4021717397212003,-1.8446830000925933,0
-1.8725772520655304,1.4373506578504092,1.12252363252126,1.090263229965003,0.8041317456201127,0.18768034245030202,0.8381467004446593,0.6014167670256413,0.653050929275062,0.7306147792307492,0
0.0025978989070768233,-0.06556468168733408,-0.030704704472457878,-1.1215044484222225,-0.667766505557854,-1.2702669690263801,0.8381467004446593,-1.6627404735414788,-1.3614650751723478,-0.948927250762735,0
0.6276562825646116,1.4373506578504092,1.12252363252126,1.090263229965003,1.2947644960127682,0.916653998188642,0.8381467004446593,0.6014167670256413,0.5571215957299472,1.2904621225619106,1
-1.8725772520655304,-0.06556468168733408,-1.1839330414661757,-1.1215044484222225,-1.771690193941329,-1.7562494061852731,-1.1931085566160113,0.6014167670256413,-1.265535741627233,-1.2848356567614319,0
-0.4661958888360746,-0.06556468168733408,-1.1839330414661757,-0.015620609228609717,0.19084080762929329,-1.2702669690263801,-1.1931085566160113,0.6014167670256413,-1.3614650751723478,1.0665231852294461,0
-0.4661958888360746,1.4373506578504092,-1.1839330414661757,1.090263229965003,1.2947644960127682,0.916653998188642,0.8381467004446593,0.6014167670256413,1.1326975970006357,1.5144010598943751,0
-0.6224604847504593,-0.06556468168733408,-1.1839330414661757,-0.015620609228609717,-1.2810574435486735,-0.29830209470859204,-1.1931085566160113,-1.6627404735414788,-1.3614650751723478,-1.0608967194289673,0
0.0025978989070768233,-0.06556468168733408,-0.030704704472457878,-1.1215044484222225,0.31349899522745717,-0.5412933132880401,-1.1931085566160113,-1.6627404735414788,-1.3614650751723478,-1.0608967194289673,0
-0.6224604847504593,-1.5684800212250773,-1.1839330414661757,-0.015620609228609717,0.06818262003112939,0.43067156102974796,-1.1931085566160113,0.6014167670256413,-1.3614650751723478,-0.6130188447640381,0
0.47139168665022824,-0.06556468168733408,1.12252363252126,1.090263229965003,1.2947644960127682,1.159645216768088,0.8381467004446593,0.6014167670256413,1.6123442647262096,1.1784926538956784,1
1.8777730498796839,1.4373506578504092,1.12252363252126,1.090263229965003,1.2947644960127682,1.159645216768088,0.8381467004446593,0.6014167670256413,-0.0184544055407413,1.1784926538956784,1
-0.4661958888360746,-0.06556468168733408,-1.1839330414661757,-0.015620609228609717,-0.1771337551651984,-0.055310876129146085,-1.1931085566160113,0.6014167670256413,-1.3614650751723478,-0.948927250762735,0
1.4089792621365311,1.4373506578504092,1.12252363252126,1.090263229965003,1.2947644960127682,1.159645216768088,0.8381467004446593,0.6014167670256413,-0.4021717397212003,0.8425842478969815,1
1.0964500703077644,-1.5684800212250773,-1.1839330414661757,1.090263229965003,-0.4224501303615262,-2.2422318433441673,-1.1931085566160113,0.6014167670256413,0.7489802628201767,1.1784926538956784,1
0.47139168665022824,-0.06556468168733408,-1.1839330414661757,-1.1215044484222225,0.31349899522745717,0.43067156102974796,0.8381467004446593,0.6014167670256413,0.3652629286397177,-0.948927250762735,0
-0.4661958888360746,-0.06556468168733408,-1.1839330414661757,-0.015620609228609717,0.19084080762929329,-0.5412933132880401,0.8381467004446593,-1.6627404735414788,-1.3614650751723478,-1.396805125427664,0
-1.247518868407994,-0.06556468168733408,-1.1839330414661757,-1.1215044484222225,-1.526373818745001,-1.2702669690263801,-1.1931085566160113,-1.6627404735414788,0.07747492800437346,-1.6207440627601286,0
-0.30993129292169125,-0.06556468168733408,-1.1839330414661757,-1.1215044484222225,-0.9130828807541818,-0.055310876129146085,-1.1931085566160113,0.6014167670256413,0.1734042615494882,-0.6130188447640381,0
1.2527146662221478,1.4373506578504092,-0.030704704472457878,-1.1215044484222225,-0.0544755675670345,-1.513258187605826,0.8381467004446593,0.6014167670256413,-1.3614650751723478,0.9545537165632137,0
0.9401854743933811,-0.06556468168733408,1.12252363252126,1.090263229965003,1.2947644960127682,1.159645216768088,0.8381467004446593,0.6014167670256413,0.5571215957299472,0.618645310564517,1
0.9401854743933811,1.4373506578504092,1.12252363252126,-1.1215044484222225,0.5588153704237849,-1.0272757504469332,0.8381467004446593,0.6014167670256413,-1.3614650751723478,1.2904621225619106,1
0.0025978989070768233,-1.5684800212250773,-1.1839330414661757,-1.1215044484222225,-1.6490320063431652,-0.29830209470859204,0.8381467004446593,0.6014167670256413,-1.265535741627233,-0.6130188447640381,0
-1.4037834643223788,-1.5684800212250773,-1.1839330414661757,-1.1215044484222225,-2.3849811319321486,-1.0272757504469332,-1.1931085566160113,-1.6627404735414788,-0.21031307263097082,-1.5087745940938964,0
0.9401854743933811,-1.5684800212250773,1.12252363252126,-1.1215044484222225,0.8041317456201127,0.43067156102974796,0.8381467004446593,0.6014167670256413,-0.0184544055407413,0.3947063732320524,1
-1.5600480602367621,-0.06556468168733408,-1.1839330414661757,-0.015620609228609717,-0.2997919427633623,0.916653998188642,0.8381467004446593,-1.6627404735414788,-0.0184544055407413,-0.5010493760978059,0
0.7839208784789949,-0.06556468168733408,1.12252363252126,1.090263229965003,1.2947644960127682,0.916653998188642,0.8381467004446593,0.6014167670256413,1.3245562640908652,0.8425842478969815,1
0.15886249482146017,1.4373506578504092,1.12252363252126,-0.015620609228609717,1.2947644960127682,-0.784284531867486,0.8381467004446593,0.6014167670256413,1.1326975970006357,1.0665231852294461,0
1.4089792621365311,1.4373506578504092,-0.030704704472457878,1.090263229965003,0.9267899332182766,1.159645216768088,0.8381467004446593,0.6014167670256413,1.036768263455521,0.9545537165632137,1
0.7839208784789949,-0.06556468168733408,1.12252363252126,1.090263229965003,1.2947644960127682,0.673662779609194,0.8381467004446593,0.6014167670256413,1.6123442647262096,1.2904621225619106,1
1.2527146662221478,-1.5684800212250773,1.12252363252126,1.090263229965003,1.2947644960127682,0.916653998188642,0.8381467004446593,-1.6627404735414788,1.42048559763598,-1.6207440627601286,1
1.2527146662221478,1.4373506578504092,1.12252363252126,-1.1215044484222225,1.2947644960127682,-1.2702669690263801,0.8381467004446593,0.6014167670256413,1.7082735982713242,1.0665231852294461,1
-0.30993129292169125,-0.06556468168733408,-1.1839330414661757,2.1961470691586156,-0.1771337551651984,0.43067156102974796,-1.1931085566160113,-1.6627404735414788,-0.0184544055407413,-0.16514097009910902,0
1.4089792621365311,1.4373506578504092,1.12252363252126,1.090263229965003,1.2947644960127682,1.159645216768088,0.8381467004446593,0.6014167670256413,1.1326975970006357,1.4024315912281429,1
-1.716312656151147,-1.5684800212250773,-1.1839330414661757,-1.1215044484222225,-0.0544755675670345,0.18768034245030202,-1.1931085566160113,0.6014167670256413,-1.3614650751723478,-1.1728661880951996,0
0.6276562825646116,1.4373506578504092,1.12252363252126,-1.1215044484222225,0.5588153704237849,1.159645216768088,0.8381467004446593,0.6014167670256413,1.3245562640908652,0.8425842478969815,1
1.4089792621365311,-1.5684800212250773,-0.030704704472457878,-0.015620609228609717,1.2947644960127682,0.673662779609194,0.8381467004446593,0.6014167670256413,-1.265535741627233,1.4024315912281429,1
-0.15366669700730792,-0.06556468168733408,1.12252363252126,1.090263229965003,0.5588153704237849,-0.784284531867486,0.8381467004446593,0.6014167670256413,0.7489802628201767,0.8425842478969815,1
1.0964500703077644,1.4373506578504092,1.12252363252126,1.090263229965003,0.9267899332182766,0.673662779609194,0.8381467004446593,-1.6627404735414788,1.3245562640908652,1.4024315912281429,1
-1.8725772520655304,-0.06556468168733408,-1.1839330414661757,-0.015620609228609717,0.5588153704237849,0.18768034245030202,0.8381467004446593,0.6014167670256413,0.269333595094603,1.4024315912281429,1
-0.6224604847504593,-0.06556468168733408,-0.030704704472457878,-1.1215044484222225,0.31349899522745717,0.673662779609194,0.8381467004446593,0.6014167670256413,0.1734042615494882,-0.5010493760978059,0
0.47139168665022824,-1.5684800212250773,1.12252363252126,-0.015620609228609717,0.8041317456201127,-0.055310876129146085,0.8381467004446593,0.6014167670256413,0.5571215957299472,-0.948927250762735,1
-0.15366669700730792,-0.06556468168733408,-0.030704704472457878,2.1961470691586156,0.19084080762929329,0.673662779609194,0.8381467004446593,0.6014167670256413,0.3652629286397177,0.8425842478969815,0
-0.15366669700730792,-1.5684800212250773,-1.1839330414661757,1.090263229965003,-0.9130828807541818,-1.513258187605826,-1.1931085566160113,-1.6627404735414788,-1.3614650751723478,-1.5087745940938964,0
0.47139168665022824,-0.06556468168733408,-1.1839330414661757,-1.1215044484222225,0.19084080762929329,0.18768034245030202,0.8381467004446593,0.6014167670256413,0.07747492800437346,-0.3890799074315736,0
-0.15366669700730792,-0.06556468168733408,-0.030704704472457878,-1.1215044484222225,-2.3849811319321486,-0.5412933132880401,-1.1931085566160113,0.6014167670256413,-1.1696064080821185,-1.0608967194289673,0
0.9401854743933811,1.4373506578504092,1.12252363252126,1.090263229965003,0.31349899522745717,1.159645216768088,0.8381467004446593,0.6014167670256413,-1.1696064080821185,-0.16514097009910902,1
0.3151270907358449,-0.06556468168733408,1.12252363252126,1.090263229965003,1.2947644960127682,0.916653998188642,0.8381467004446593,0.6014167670256413,1.3245562640908652,0.8425842478969815,1
0.7839208784789949,-0.06556468168733408,1.12252363252126,1.090263229965003,1.2947644960127682,0.43067156102974796,0.8381467004446593,0.6014167670256413,0.3652629286397177,1.4024315912281429,1
0.15886249482146017,-0.06556468168733408,-1.1839330414661757,-1.1215044484222225,-0.7904246931560178,-2.7282142805030603,-1.1931085566160113,0.6014167670256413,-1.1696064080821185,-0.6130188447640381,0
-1.5600480602367621,-0.06556468168733408,-1.1839330414661757,-1.1215044484222225,0.6814735580219489,-0.784284531867486,-1.1931085566160113,0.6014167670256413,-1.0736770745370037,-0.3890799074315736,0
0.15886249482146017,-0.06556468168733408,-1.1839330414661757,1.090263229965003,0.31349899522745717,-0.055310876129146085,0.8381467004446593,0.6014167670256413,-0.9777477409918889,-1.0608967194289673,1
1.2527146662221478,-0.06556468168733408,-1.1839330414661757,1.090263229965003,-0.5451083179596901,1.159645216768088,-1.1931085566160113,0.6014167670256413,0.5571215957299472,-1.396805125427664,1
0.15886249482146017,-0.06556468168733408,-1.1839330414661757,-1.1215044484222225,-1.0357410683523456,-0.784284531867486,-1.1931085566160113,0.6014167670256413,-1.3614650751723478,-1.0608967194289673,0
0.6276562825646116,-0.06556468168733408,1.12252363252126,1.090263229965003,-1.1583992559505094,0.916653998188642,-1.1931085566160113,0.6014167670256413,-0.4021717397212003,0.058797967233355536,1
1.7215084539653005,1.4373506578504092,-1.1839330414661757,1.090263229965003,0.43615718282562105,1.159645216768088,0.8381467004446593,0.6014167670256413,1.42048559763598,0.9545537165632137,1
-0.15366669700730792,-0.06556468168733408,1.12252363252126,1.090263229965003,-0.9130828807541818,1.159645216768088,0.8381467004446593,0.6014167670256413,0.5571215957299472,-0.5010493760978059,0
0.15886249482146017,-0.06556468168733408,1.12252363252126,-1.1215044484222225,-0.4224501303615262,0.18768034245030202,0.8381467004446593,0.6014167670256413,0.4611922621848325,-0.05317150143287675,0
-0.30993129292169125,-0.06556468168733408,-1.1839330414661757,-1.1215044484222225,-1.2810574435486735,0.43067156102974796,-1.1931085566160113,-1.6627404735414788,-0.4981010732663151,-0.948927250762735,0
0.7839208784789949,-1.5684800212250773,1.12252363252126,1.090263229965003,0.31349899522745717,0.916653998188642,-1.1931085566160113,0.6014167670256413,1.1326975970006357,0.8425842478969815,1
0.15886249482146017,-1.5684800212250773,1.12252363252126,-0.015620609228609717,1.0494481208164406,0.673662779609194,0.8381467004446593,0.6014167670256413,-0.4021717397212003,0.9545537165632137,1
0.6276562825646116,-0.06556468168733408,1.12252363252126,1.090263229965003,1.2947644960127682,1.159645216768088,0.8381467004446593,0.6014167670256413,1.6123442647262096,0.618645310564517,1
-0.15366669700730792,-0.06556468168733408,-1.1839330414661757,-0.015620609228609717,-0.9130828807541818,-2.485223061923614,-1.1931085566160113,0.6014167670256413,-1.0736770745370037,-1.5087745940938964,0
-1.5600480602367621,-1.5684800212250773,-1.1839330414661757,-0.015620609228609717,-0.9130828807541818,0.18768034245030202,-1.1931085566160113,-1.6627404735414788,-1.3614650751723478,-1.6207440627601286,0
-0.30993129292169125,-1.5684800212250773,1.12252363252126,-0.015620609228609717,-0.1771337551651984,0.916653998188642,0.8381467004446593,0.6014167670256413,-0.30624240617608556,-0.948927250762735,1
1.0964500703077644,1.4373506578504092,-0.030704704472457878,-1.1215044484222225,-0.4224501303615262,0.18768034245030202,0.8381467004446593,0.6014167670256413,0.7489802628201767,-0.16514097009910902,1
0.0025978989070768233,-0.06556468168733408,-1.1839330414661757,-1.1215044484222225,0.5588153704237849,0.916653998188642,0.8381467004446593,0.6014167670256413,0.1734042615494882,-1.2848356567614319,1
-0.30993129292169125,-0.06556468168733408,-0.030704704472457878,-1.1215044484222225,-0.0544755675670345,0.18768034245030202,0.8381467004446593,-1.6627404735414788,-0.6899597403565446,-0.6130188447640381,0
-1.5600480602367621,-0.06556468168733408,-1.1839330414661757,-1.1215044484222225,1.2947644960127682,-0.055310876129146085,-1.1931085566160113,-1.6627404735414788,1.036768263455521,0.8425842478969815,1
0.7839208784789949,-0.06556468168733408,1.12252363252126,1.090263229965003,1.2947644960127682,1.159645216768088,0.8381467004446593,0.6014167670256413,1.036768263455521,0.7306147792307492,1
-0.9349896765792275,-0.06556468168733408,-1.1839330414661757,-0.015620609228609717,-0.4224501303615262,-0.055310876129146085,-1.1931085566160113,0.6014167670256413,0.8449095963652915,-0.3890799074315736,0
0.6276562825646116,1.4373506578504092,1.12252363252126,2.1961470691586156,1.2947644960127682,0.43067156102974796,0.8381467004446593,0.6014167670256413,1.3245562640908652,1.5144010598943751,1
0.47139168665022824,1.4373506578504092,1.12252363252126,1.090263229965003,1.1721063084146044,1.159645216768088,0.8381467004446593,-1.6627404735414788,1.6123442647262096,0.9545537165632137,1
1.4089792621365311,1.4373506578504092,1.12252363252126,1.090263229965003,1.2947644960127682,1.159645216768088,0.8381467004446593,0.6014167670256413,1.5164149311810948,0.7306147792307492,1
0.47139168665022824,1.4373506578504092,1.12252363252126,1.090263229965003,1.2947644960127682,1.159645216768088,0.8381467004446593,0.6014167670256413,0.8449095963652915,1.2904621225619106,1
1.0964500703077644,1.4373506578504092,1.12252363252126,1.090263229965003,1.2947644960127682,1.159645216768088,0.8381467004446593,0.6014167670256413,0.9408389299104063,1.2904621225619106,1
0.6276562825646116,-1.5684800212250773,1.12252363252126,1.090263229965003,1.2947644960127682,0.916653998188642,0.8381467004446593,0.6014167670256413,1.2286269305457505,1.2904621225619106,1
-1.8725772520655304,-1.5684800212250773,-1.1839330414661757,-1.1215044484222225,-0.7904246931560178,-1.513258187605826,-1.1931085566160113,-1.6627404735414788,-1.1696064080821185,-0.8369577820965027,0
0.15886249482146017,1.4373506578504092,1.12252363252126,1.090263229965003,1.2947644960127682,1.159645216768088,0.8381467004446593,0.6014167670256413,-0.11438373908585606,1.4024315912281429,1
-1.5600480602367621,-1.5684800212250773,-1.1839330414661757,-1.1215044484222225,-1.6490320063431652,-1.513258187605826,-1.1931085566160113,0.6014167670256413,-1.3614650751723478,-0.948927250762735,1
0.7839208784789949,-0.06556468168733408,1.12252363252126,1.090263229965003,-0.4224501303615262,0.18768034245030202,0.8381467004446593,0.6014167670256413,-0.30624240617608556,1.2904621225619106,0
-0.30993129292169125,-0.06556468168733408,-0.030704704472457878,-1.1215044484222225,0.9267899332182766,-1.0272757504469332,-1.1931085566160113,-1.6627404735414788,-1.3614650751723478,-1.2848356567614319,0
0.9401854743933811,1.4373506578504092,1.12252363252126,1.090263229965003,0.6814735580219489,0.916653998188642,0.8381467004446593,0.6014167670256413,0.269333595094603,1.1784926538956784,0
-0.15366669700730792,-0.06556468168733408,-1.1839330414661757,-1.1215044484222225,1.0494481208164406,-1.0272757504469332,-1.1931085566160113,0.6014167670256413,-1.3614650751723478,-0.7249883134302705,0
0.7839208784789949,1.4373506578504092,1.12252363252126,1.090263229965003,1.2947644960127682,1.159645216768088,0.8381467004446593,0.6014167670256413,0.4611922621848325,1.1784926538956784,0
-0.4661958888360746,-0.06556468168733408,-0.030704704472457878,1.090263229965003,-0.1771337551651984,0.43067156102974796,-1.1931085566160113,0.6014167670256413,-1.3614650751723478,0.058797967233355536,0
0.6276562825646116,-1.5684800212250773,1.12252363252126,1.090263229965003,1.1721063084146044,1.159645216768088,0.8381467004446593,0.6014167670256413,0.8449095963652915,0.9545537165632137,1
0.7839208784789949,1.4373506578504092,-0.030704704472457878,-0.015620609228609717,0.9267899332182766,0.43067156102974796,0.8381467004446593,0.6014167670256413,0.07747492800437346,-0.5010493760978059,0
0.7839208784789949,1.4373506578504092,-1.1839330414661757,1.090263229965003,-1.0357410683523456,-0.29830209470859204,0.8381467004446593,0.6014167670256413,1.5164149311810948,1.1784926538956784,0
-1.247518868407994,-1.5684800212250773,-0.030704704472457878,-0.015620609228609717,-1.2810574435486735,-0.784284531867486,-1.1931085566160113,0.6014167670256413,-0.6899597403565446,-1.5087745940938964,0
-1.5600480602367621,-0.06556468168733408,-1.1839330414661757,-0.015620609228609717,-1.0357410683523456,-1.2702669690263801,0.8381467004446593,-1.6627404735414788,-1.265535741627233,-0.5010493760978059,0
-1.716312656151147,-0.06556468168733408,-1.1839330414661757,-1.1215044484222225,-0.1771337551651984,-1.513258187605826,-1.1931085566160113,0.6014167670256413,0.3652629286397177,-0.7249883134302705,0
1.4089792621365311,-0.06556468168733408,1.12252363252126,1.090263229965003,1.2947644960127682,0.43067156102974796,0.8381467004446593,0.6014167670256413,1.42048559763598,1.5144010598943751,0
0.7839208784789949,-0.06556468168733408,-1.1839330414661757,-1.1215044484222225,-0.0544755675670345,-0.29830209470859204,-1.1931085566160113,-1.6627404735414788,0.269333595094603,-0.6130188447640381,0
-0.6224604847504593,-0.06556468168733408,-1.1839330414661757,-0.015620609228609717,-1.0357410683523456,-1.7562494061852731,-1.1931085566160113,-1.6627404735414788,-0.4021717397212003,-1.1728661880951996,0
-0.4661958888360746,-1.5684800212250773,-0.030704704472457878,-1.1215044484222225,-0.7904246931560178,-1.513258187605826,-1.1931085566160113,0.6014167670256413,-1.3614650751723478,-0.3890799074315736,0
-1.4037834643223788,1.4373506578504092,-1.1839330414661757,-1.1215044484222225,-1.771690193941329,0.673662779609194,0.8381467004446593,0.6014167670256413,-1.3614650751723478,-1.2848356567614319,0
0.9401854743933811,-1.5684800212250773,1.12252363252126,1.090263229965003,-0.5451083179596901,-1.2702669690263801,0.8381467004446593,0.6014167670256413,1.3245562640908652,1.1784926538956784,1
0.9401854743933811,1.4373506578504092,1.12252363252126,-1.1215044484222225,1.2947644960127682,1.159645216768088,0.8381467004446593,0.6014167670256413,1.42048559763598,1.2904621225619106,1
-0.30993129292169125,-1.5684800212250773,1.12252363252126,-0.015620609228609717,-0.4224501303615262,0.18768034245030202,0.8381467004446593,0.6014167670256413,1.1326975970006357,0.9545537165632137,1
0.7839208784789949,-1.5684800212250773,1.12252363252126,1.090263229965003,0.19084080762929329,0.43067156102974796,0.8381467004446593,0.6014167670256413,0.9408389299104063,0.8425842478969815,0
-0.30993129292169125,-0.06556468168733408,-1.1839330414661757,-1.1215044484222225,-1.2810574435486735,-1.0272757504469332,-1.1931085566160113,0.6014167670256413,-1.3614650751723478,-0.2771104387653413,0
2.034037645794067,1.4373506578504092,1.12252363252126,2.1961470691586156,0.43615718282562105,1.159645216768088,0.8381467004446593,0.6014167670256413,0.653050929275062,1.4024315912281429,1
-1.716312656151147,-1.5684800212250773,-1.1839330414661757,-0.015620609228609717,-1.4037156311468373,-1.2702669690263801,-1.1931085566160113,-1.6627404735414788,-0.4981010732663151,-0.8369577820965027,0
-0.4661958888360746,-0.06556468168733408,-1.1839330414661757,-1.1215044484222225,1.2947644960127682,0.18768034245030202,-1.1931085566160113,0.6014167670256413,-1.0736770745370037,-1.2848356567614319,0
-0.30993129292169125,-1.5684800212250773,-1.1839330414661757,-0.015620609228609717,-1.526373818745001,-1.7562494061852731,-1.1931085566160113,-1.6627404735414788,-0.5940304068114298,-0.2771104387653413,0
1.0964500703077644,1.4373506578504092,-0.030704704472457878,1.090263229965003,0.5588153704237849,1.159645216768088,0.8381467004446593,0.6014167670256413,1.7082735982713242,1.4024315912281429,1
0.6276562825646116,1.4373506578504092,1.12252363252126,1.090263229965003,0.43615718282562105,0.43067156102974796,0.8381467004446593,0.6014167670256413,1.3245562640908652,0.8425842478969815,1
0.9401854743933811,-1.5684800212250773,1.12252363252126,1.090263229965003,1.2947644960127682,1.159645216768088,0.8381467004446593,0.6014167670256413,0.5571215957299472,0.9545537165632137,1
-0.30993129292169125,1.4373506578504092,-1.1839330414661757,-1.1215044484222225,-0.667766505557854,0.673662779609194,-1.1931085566160113,-1.6627404735414788,-1.3614650751723478,-1.2848356567614319,0
0.47139168665022824,1.4373506578504092,1.12252363252126,1.090263229965003,1.2947644960127682,0.43067156102974796,0.8381467004446593,0.6014167670256413,1.5164149311810948,0.8425842478969815,1
0.6276562825646116,-1.5684800212250773,-1.1839330414661757,-1.1215044484222225,-1.0357410683523456,-0.784284531867486,0.8381467004446593,0.6014167670256413,-0.8818184074467741,-0.6130188447640381,0
-0.9349896765792275,-1.5684800212250773,1.12252363252126,-1.1215044484222225,0.06818262003112939,0.18768034245030202,0.8381467004446593,-1.6627404735414788,1.036768263455521,0.9545537165632137,1
-0.15366669700730792,-0.06556468168733408,-1.1839330414661757,-1.1215044484222225,0.43615718282562105,-0.5412933132880401,-1.1931085566160113,-1.6627404735414788,-0.11438373908585606,-1.2848356567614319,0
-0.30993129292169125,-0.06556468168733408,-1.1839330414661757,-0.015620609228609717,-0.7904246931560178,-1.99924062476472,-1.1931085566160113,0.6014167670256413,-1.0736770745370037,-0.6130188447640381,0
0.7839208784789949,1.4373506578504092,1.12252363252126,1.090263229965003,1.2947644960127682,1.159645216768088,0.8381467004446593,0.6014167670256413,0.7489802628201767,0.9545537165632137,1
-0.30993129292169125,-0.06556468168733408,-0.030704704472457878,-1.1215044484222225,1.1721063084146044,0.43067156102974796,0.8381467004446593,0.6014167670256413,0.9408389299104063,0.9545537165632137,1
-1.247518868407994,1.4373506578504092,1.12252363252126,2.1961470691586156,0.06818262003112939,1.159645216768088,0.8381467004446593,-1.6627404735414788,1.2286269305457505,1.2904621225619106,1
0.0025978989070768233,-1.5684800212250773,1.12252363252126,-1.1215044484222225,0.43615718282562105,0.43067156102974796,0.8381467004446593,0.6014167670256413,1.036768263455521,0.8425842478969815,0
-0.30993129292169125,-0.06556468168733408,-1.1839330414661757,-1.1215044484222225,-0.9130828807541818,-0.055310876129146085,-1.1931085566160113,-1.6627404735414788,-0.9777477409918889,-1.0608967194289673,0
-1.5600480602367621,-1.5684800212250773,-1.1839330414661757,-0.015620609228609717,0.5588153704237849,-0.055310876129146085,-1.1931085566160113,0.6014167670256413,-1.265535741627233,0.8425842478969815,0
-0.30993129292169125,-0.06556468168733408,-1.1839330414661757,-1.1215044484222225,-1.0357410683523456,-1.513258187605826,-1.1931085566160113,0.6014167670256413,-1.3614650751723478,-1.5087745940938964,0
0.6276562825646116,-0.06556468168733408,1.12252363252126,-1.1215044484222225,1.0494481208164406,-0.784284531867486,-1.1931085566160113,0.6014167670256413,1.1326975970006357,1.4024315912281429,1
0.15886249482146017,-0.06556468168733408,-1.1839330414661757,-1.1215044484222225,-0.2997919427633623,-1.2702669690263801,-1.1931085566160113,-1.6627404735414788,-1.3614650751723478,-1.9566524687588256,0
-1.8725772520655304,-0.06556468168733408,-1.1839330414661757,-0.015620609228609717,-1.526373818745001,-0.055310876129146085,0.8381467004446593,0.6014167670256413,-1.1696064080821185,-0.7249883134302705,0
-1.8725772520655304,-0.06556468168733408,-1.1839330414661757,-1.1215044484222225,-1.8943483815394928,0.43067156102974796,-1.1931085566160113,0.6014167670256413,-1.3614650751723478,-1.1728661880951996,0
0.0025978989070768233,1.4373506578504092,1.12252363252126,1.090263229965003,1.2947644960127682,1.159645216768088,0.8381467004446593,0.6014167670256413,1.2286269305457505,0.7306147792307492,1
-0.30993129292169125,-0.06556468168733408,-1.1839330414661757,-0.015620609228609717,-1.1583992559505094,-2.485223061923614,-1.1931085566160113,-1.6627404735414788,-0.9777477409918889,-1.8446830000925933,0
0.3151270907358449,-0.06556468168733408,1.12252363252126,-1.1215044484222225,0.31349899522745717,0.18768034245030202,0.8381467004446593,0.6014167670256413,0.653050929275062,0.9545537165632137,1
1.0964500703077644,-0.06556468168733408,1.12252363252126,2.1961470691586156,1.2947644960127682,1.159645216768088,0.8381467004446593,0.6014167670256413,0.653050929275062,1.2904621225619106,1
-0.4661958888360746,-0.06556468168733408,-0.030704704472457878,-0.015620609228609717,-0.5451083179596901,-0.055310876129146085,-1.1931085566160113,0.6014167670256413,-1.3614650751723478,1.1784926538956784,0
1.2527146662221478,-0.06556468168733408,-2.3371613784598937,1.090263229965003,-0.2997919427633623,0.673662779609194,0.8381467004446593,0.6014167670256413,0.3652629286397177,0.9545537165632137,1
-0.30993129292169125,-0.06556468168733408,-1.1839330414661757,-1.1215044484222225,-0.5451083179596901,-0.5412933132880401,0.8381467004446593,0.6014167670256413,1.3245562640908652,-1.9566524687588256,0
-0.15366669700730792,1.4373506578504092,-0.030704704472457878,-1.1215044484222225,-0.2997919427633623,0.18768034245030202,-1.1931085566160113,0.6014167670256413,0.269333595094603,-0.05317150143287675,0
0.3151270907358449,-0.06556468168733408,1.12252363252126,-0.015620609228609717,0.06818262003112939,-0.055310876129146085,0.8381467004446593,0.6014167670256413,0.4611922621848325,1.5144010598943751,0
-0.30993129292169125,-0.06556468168733408,-1.1839330414661757,-0.015620609228609717,-0.1771337551651984,-1.0272757504469332,-1.1931085566160113,-1.6627404735414788,-1.3614650751723478,-1.1728661880951996,0
0.0025978989070768233,-1.5684800212250773,-1.1839330414661757,-1.1215044484222225,-0.2997919427633623,0.673662779609194,-1.1931085566160113,-1.6627404735414788,0.9408389299104063,-1.5087745940938964,0
-0.6224604847504593,-0.06556468168733408,-1.1839330414661757,-1.1215044484222225,-0.4224501303615262,-0.055310876129146085,-1.1931085566160113,0.6014167670256413,-0.5940304068114298,-0.6130188447640381,0
-1.8725772520655304,-0.06556468168733408,-0.030704704472457878,-1.1215044484222225,-1.0357410683523456,-0.055310876129146085,-1.1931085566160113,-1.6627404735414788,-0.9777477409918889,-0.2771104387653413,0
-0.15366669700730792,-0.06556468168733408,-1.1839330414661757,-1.1215044484222225,-1.8943483815394928,-0.5412933132880401,-1.1931085566160113,-1.6627404735414788,-0.0184544055407413,-0.8369577820965027,0
-1.8725772520655304,-0.06556468168733408,-1.1839330414661757,1.090263229965003,0.6814735580219489,0.673662779609194,0.8381467004446593,0.6014167670256413,-1.3614650751723478,-1.0608967194289673,1
-0.4661958888360746,-1.5684800212250773,-1.1839330414661757,-0.015620609228609717,-1.4037156311468373,-0.5412933132880401,-1.1931085566160113,0.6014167670256413,-1.3614650751723478,-0.05317150143287675,0
-0.15366669700730792,-0.06556468168733408,-1.1839330414661757,-1.1215044484222225,-0.9130828807541818,-1.0272757504469332,-1.1931085566160113,-1.6627404735414788,-1.3614650751723478,-1.396805125427664,0
1.4089792621365311,-0.06556468168733408,1.12252363252126,-1.1215044484222225,1.2947644960127682,1.159645216768088,0.8381467004446593,0.6014167670256413,1.7082735982713242,0.7306147792307492,1
-0.15366669700730792,-0.06556468168733408,-0.030704704472457878,-1.1215044484222225,0.31349899522745717,-0.055310876129146085,-1.1931085566160113,0.6014167670256413,-0.4981010732663151,-0.3890799074315736,0
0.47139168665022824,-0.06556468168733408,-0.030704704472457878,-0.015620609228609717,0.06818262003112939,-0.055310876129146085,-1.1931085566160113,0.6014167670256413,0.1734042615494882,-1.5087745940938964,0
-0.15366669700730792,-0.06556468168733408,-1.1839330414661757,-1.1215044484222225,-0.4224501303615262,0.673662779609194,-1.1931085566160113,-1.6627404735414788,0.3652629286397177,-1.396805125427664,0
-1.5600480602367621,-1.5684800212250773,-0.030704704472457878,-0.015620609228609717,-1.0357410683523456,-1.513258187605826,-1.1931085566160113,-1.6627404735414788,-1.3614650751723478,-0.8369577820965027,0
1.0964500703077644,1.4373506578504092,1.12252363252126,-0.015620609228609717,0.6814735580219489,0.18768034245030202,0.8381467004446593,0.6014167670256413,0.8449095963652915,0.9545537165632137,1
-0.15366669700730792,-0.06556468168733408,-1.1839330414661757,-1.1215044484222225,-0.2997919427633623,0.18768034245030202,-1.1931085566160113,-1.6627404735414788,-1.3614650751723478,-1.0608967194289673,0
0.3151270907358449,-0.06556468168733408,-1.1839330414661757,-1.1215044484222225,0.06818262003112939,-1.2702669690263801,-1.1931085566160113,-1.6627404735414788,-1.3614650751723478,-0.2771104387653413,0
0.0025978989070768233,-0.06556468168733408,-1.1839330414661757,-0.015620609228609717,-1.526373818745001,-1.0272757504469332,-1.1931085566160113,-1.6627404735414788,-1.3614650751723478,-0.948927250762735,0
0.9401854743933811,-0.06556468168733408,1.12252363252126,1.090263229965003,0.31349899522745717,1.159645216768088,0.8381467004446593,0.6014167670256413,1.1326975970006357,0.9545537165632137,1
0.7839208784789949,1.4373506578504092,-1.1839330414661757,-1.1215044484222225,0.9267899332182766,1.159645216768088,0.8381467004446593,0.6014167670256413,0.4611922621848325,1.1784926538956784,1
-0.4661958888360746,-0.06556468168733408,-0.030704704472457878,-0.015620609228609717,-0.5451083179596901,-0.055310876129146085,-1.1931085566160113,0.6014167670256413,-1.3614650751723478,-0.948927250762735,0
-0.15366669700730792,-0.06556468168733408,1.12252363252126,-1.1215044484222225,1.2947644960127682,1.159645216768088,0.8381467004446593,0.6014167670256413,0.5571215957299472,1.1784926538956784,1
-1.4037834643223788,-1.5684800212250773,-1.1839330414661757,-1.1215044484222225,0.5588153704237849,-0.29830209470859204,-1.1931085566160113,-1.6627404735414788,-0.7858890739016593,-1.6207440627601286,0
-0.30993129292169125,-1.5684800212250773,-0.030704704472457878,-0.015620609228609717,-1.526373818745001,0.18768034245030202,-1.1931085566160113,0.6014167670256413,-1.3614650751723478,-0.7249883134302705,0
-0.15366669700730792,-0.06556468168733408,-1.1839330414661757,-1.1215044484222225,-2.1396647567358205,-2.2422318433441673,-1.1931085566160113,-1.6627404735414788,-0.21031307263097082,-0.5010493760978059,0
0.0025978989070768233,-0.06556468168733408,-0.030704704472457878,-1.1215044484222225,-0.0544755675670345,0.916653998188642,0.8381467004446593,0.6014167670256413,0.9408389299104063,-0.948927250762735,1
1.5652438580509145,-1.5684800212250773,-1.1839330414661757,-0.015620609228609717,0.9267899332182766,-0.5412933132880401,-1.1931085566160113,-1.6627404735414788,0.269333595094603,-1.2848356567614319,0
-0.15366669700730792,-1.5684800212250773,-1.1839330414661757,1.090263229965003,-0.5451083179596901,0.43067156102974796,-1.1931085566160113,-1.6627404735414788,1.036768263455521,-0.948927250762735,0
-0.30993129292169125,-0.06556468168733408,-0.030704704472457878,-1.1215044484222225,-1.4037156311468373,-1.2702669690263801,0.8381467004446593,0.6014167670256413,-1.3614650751723478,-0.6130188447640381,0
-1.716312656151147,-1.5684800212250773,-1.1839330414661757,2.1961470691586156,-0.5451083179596901,-1.0272757504469332,-1.1931085566160113,-1.6627404735414788,-1.265535741627233,-0.16514097009910902,0
-1.8725772520655304,-1.5684800212250773,-1.1839330414661757,-1.1215044484222225,-1.0357410683523456,-1.0272757504469332,-1.1931085566160113,0.6014167670256413,-0.30624240617608556,-0.948927250762735,0
-0.30993129292169125,-0.06556468168733408,-1.1839330414661757,1.090263229965003,-0.9130828807541818,-1.0272757504469332,0.8381467004446593,-1.6627404735414788,1.5164149311810948,-0.948927250762735,0
0.3151270907358449,-1.5684800212250773,1.12252363252126,-0.015620609228609717,-0.2997919427633623,-0.784284531867486,0.8381467004446593,0.6014167670256413,-1.3614650751723478,-1.5087745940938964,0
-0.30993129292169125,-1.5684800212250773,-0.030704704472457878,-1.1215044484222225,-1.2810574435486735,-0.055310876129146085,-1.1931085566160113,-1.6627404735414788,-1.3614650751723478,-0.5010493760978059,0
0.6276562825646116,-1.5684800212250773,-1.1839330414661757,1.090263229965003,0.06818262003112939,-0.055310876129146085,0.8381467004446593,0.6014167670256413,1.1326975970006357,1.2904621225619106,0
-0.30993129292169125,1.4373506578504092,-0.030704704472457878,-0.015620609228609717,-1.4037156311468373,-1.513258187605826,-1.1931085566160113,-1.6627404735414788,-0.9777477409918889,-1.396805125427664,0
0.15886249482146017,-0.06556468168733408,-0.030704704472457878,-1.1215044484222225,0.5588153704237849,0.18768034245030202,-1.1931085566160113,0.6014167670256413,-0.8818184074467741,-1.0608967194289673,0
-0.15366669700730792,-0.06556468168733408,-1.1839330414661757,-1.1215044484222225,-0.667766505557854,-1.2702669690263801,-1.1931085566160113,-1.6627404735414788,-1.265535741627233,-0.8369577820965027,0
0.7839208784789949,-1.5684800212250773,1.12252363252126,-1.1215044484222225,-0.0544755675670345,0.916653998188642,0.8381467004446593,0.6014167670256413,-0.4021717397212003,1.4024315912281429,1
0.7839208784789949,-1.5684800212250773,-1.1839330414661757,2.1961470691586156,0.5588153704237849,1.159645216768088,0.8381467004446593,0.6014167670256413,1.804202931816439,-0.6130188447640381,1
0.6276562825646116,-0.06556468168733408,1.12252363252126,1.090263229965003,1.2947644960127682,0.916653998188642,-1.1931085566160113,0.6014167670256413,0.269333595094603,1.5144010598943751,1
0.9401854743933811,-0.06556468168733408,1.12252363252126,-1.1215044484222225,0.5588153704237849,0.916653998188642,0.8381467004446593,0.6014167670256413,0.7489802628201767,1.2904621225619106,1
0.6276562825646116,-1.5684800212250773,-0.030704704472457878,1.090263229965003,0.06818262003112939,0.18768034245030202,0.8381467004446593,-1.6627404735414788,1.2286269305457505,1.1784926538956784,1
1.2527146662221478,-0.06556468168733408,1.12252363252126,-1.1215044484222225,1.2947644960127682,1.159645216768088,0.8381467004446593,0.6014167670256413,0.8449095963652915,0.8425842478969815,1
-1.247518868407994,-0.06556468168733408,-1.1839330414661757,-0.015620609228609717,0.19084080762929329,-0.784284531867486,-1.1931085566160113,0.6014167670256413,0.07747492800437346,-0.5010493760978059,1
0.0025978989070768233,-0.06556468168733408,-0.030704704472457878,-0.015620609228609717,-1.2810574435486735,1.159645216768088,0.8381467004446593,0.6014167670256413,-0.7858890739016593,-0.5010493760978059,1
-1.716312656151147,-0.06556468168733408,-1.1839330414661757,-0.015620609228609717,-0.2997919427633623,-3.214196717661954,-1.1931085566160113,-1.6627404735414788,-1.1696064080821185,-0.7249883134302705,0
1.2527146662221478,-1.5684800212250773,-0.030704704472457878,1.090263229965003,-0.5451083179596901,0.43067156102974796,0.8381467004446593,-1.6627404735414788,0.653050929275062,0.9545537165632137,1
0.6276562825646116,1.4373506578504092,1.12252363252126,1.090263229965003,1.2947644960127682,1.159645216768088,0.8381467004446593,0.6014167670256413,1.9001322653615538,1.1784926538956784,1
0.0025978989070768233,-1.5684800212250773,1.12252363252126,1.090263229965003,1.2947644960127682,0.43067156102974796,-1.1931085566160113,0.6014167670256413,1.6123442647262096,1.2904621225619106,1
-0.15366669700730792,-0.06556468168733408,1.12252363252126,-1.1215044484222225,-0.2997919427633623,-0.055310876129146085,0.8381467004446593,0.6014167670256413,0.07747492800437346,0.9545537165632137,0
-0.30993129292169125,-0.06556468168733408,-1.1839330414661757,-1.1215044484222225,-1.6490320063431652,-1.0272757504469332,-1.1931085566160113,-1.6627404735414788,-1.3614650751723478,-0.3890799074315736,0
-0.4661958888360746,-0.06556468168733408,-1.1839330414661757,-0.015620609228609717,-2.2623229443339845,-0.5412933132880401,-1.1931085566160113,0.6014167670256413,-1.3614650751723478,-0.6130188447640381,0
-0.6224604847504593,-0.06556468168733408,-1.1839330414661757,-1.1215044484222225,-0.667766505557854,-0.055310876129146085,-1.1931085566160113,-1.6627404735414788,-1.1696064080821185,-0.6130188447640381,0
1.5652438580509145,-1.5684800212250773,-1.1839330414661757,-0.015620609228609717,0.19084080762929329,1.159645216768088,-1.1931085566160113,-1.6627404735414788,-0.30624240617608556,-1.0608967194289673,0
-1.0912542724936107,-0.06556468168733408,-0.030704704472457878,-1.1215044484222225,-0.2997919427633623,-0.5412933132880401,-1.1931085566160113,0.6014167670256413,-0.30624240617608556,-0.16514097009910902,0
0.0025978989070768233,-1.5684800212250773,-0.030704704472457878,-1.1215044484222225,-0.2997919427633623,-0.5412933132880401,-1.1931085566160113,-1.6627404735414788,-0.4021717397212003,-0.6130188447640381,0
1.0964500703077644,-0.06556468168733408,-0.030704704472457878,-1.1215044484222225,-0.0544755675670345,-1.2702669690263801,-1.1931085566160113,0.6014167670256413,-0.8818184074467741,-1.1728661880951996,0
-1.8725772520655304,-0.06556468168733408,-0.030704704472457878,-1.1215044484222225,0.43615718282562105,0.673662779609194,0.8381467004446593,0.6014167670256413,0.3652629286397177,-1.0608967194289673,0
1.4089792621365311,-1.5684800212250773,-0.030704704472457878,-0.015620609228609717,-0.0544755675670345,-1.2702669690263801,0.8381467004446593,0.6014167670256413,-0.0184544055407413,1.2904621225619106,1
-0.30993129292169125,-0.06556468168733408,-1.1839330414661757,-0.015620609228609717,-0.2997919427633623,0.673662779609194,-1.1931085566160113,-1.6627404735414788,-1.265535741627233,-0.8369577820965027,0
-0.30993129292169125,-1.5684800212250773,-1.1839330414661757,-0.015620609228609717,-1.0357410683523456,-1.7562494061852731,-1.1931085566160113,0.6014167670256413,-0.9777477409918889,-1.1728661880951996,0
1.4089792621365311,-1.5684800212250773,1.12252363252126,-0.015620609228609717,0.19084080762929329,0.673662779609194,0.8381467004446593,0.6014167670256413,0.4611922621848325,1.1784926538956784,1
1.4089792621365311,-0.06556468168733408,1.12252363252126,1.090263229965003,1.2947644960127682,0.916653998188642,0.8381467004446593,0.6014167670256413,1.42048559763598,1.0665231852294461,1
-0.15366669700730792,-0.06556468168733408,-0.030704704472457878,-1.1215044484222225,0.31349899522745717,-1.0272757504469332,-1.1931085566160113,-1.6627404735414788,-1.0736770745370037,-0.7249883134302705,0
-1.247518868407994,-0.06556468168733408,-0.030704704472457878,1.090263229965003,-0.2997919427633623,-0.784284531867486,-1.1931085566160113,0.6014167670256413,-1.3614650751723478,-1.1728661880951996,0
-1.5600480602367621,-0.06556468168733408,-1.1839330414661757,-0.015620609228609717,-1.526373818745001,0.916653998188642,-1.1931085566160113,0.6014167670256413,1.1326975970006357,-1.1728661880951996,1
0.0025978989070768233,-1.5684800212250773,-1.1839330414661757,-1.1215044484222225,-1.0357410683523456,-0.29830209470859204,-1.1931085566160113,-1.6627404735414788,-0.8818184074467741,-0.3890799074315736,0
-1.4037834643223788,-1.5684800212250773,-1.1839330414661757,1.090263229965003,-0.2997919427633623,0.673662779609194,0.8381467004446593,-1.6627404735414788,0.269333595094603,-0.16514097009910902,0
-0.6224604847504593,-0.06556468168733408,-1.1839330414661757,-1.1215044484222225,-0.4224501303615262,-0.29830209470859204,-1.1931085566160113,0.6014167670256413,-1.3614650751723478,-0.948927250762735,0
0.0025978989070768233,-1.5684800212250773,-1.1839330414661757,-0.015620609228609717,-0.9130828807541818,-1.99924062476472,-1.1931085566160113,0.6014167670256413,-0.4981010732663151,-0.8369577820965027,0
0.9401854743933811,1.4373506578504092,1.12252363252126,1.090263229965003,1.2947644960127682,1.159645216768088,0.8381467004446593,0.6014167670256413,1.42048559763598,1.5144010598943751,1
-0.15366669700730792,-0.06556468168733408,-0.030704704472457878,-0.015620609228609717,-1.526373818745001,0.673662779609194,-1.1931085566160113,0.6014167670256413,-0.7858890739016593,-0.8369577820965027,0
0.9401854743933811,1.4373506578504092,1.12252363252126,-0.015620609228609717,1.2947644960127682,-0.29830209470859204,0.8381467004446593,0.6014167670256413,1.2286269305457505,0.9545537165632137,1
1.4089792621365311,1.4373506578504092,1.12252363252126,1.090263229965003,1.2947644960127682,1.159645216768088,0.8381467004446593,0.6014167670256413,1.42048559763598,1.1784926538956784,1
-0.30993129292169125,-0.06556468168733408,-1.1839330414661757,-0.015620609228609717,-1.4037156311468373,0.673662779609194,0.8381467004446593,0.6014167670256413,-1.0736770745370037,-0.948927250762735,0
0.0025978989070768233,-0.06556468168733408,-0.030704704472457878,-0.015620609228609717,0.06818262003112939,0.18768034245030202,-1.1931085566160113,0.6014167670256413,1.1326975970006357,-1.9566524687588256,0
1.4089792621365311,1.4373506578504092,1.12252363252126,-0.015620609228609717,1.2947644960127682,-0.055310876129146085,0.8381467004446593,0.6014167670256413,0.1734042615494882,0.8425842478969815,1
1.4089792621365311,-0.06556468168733408,1.12252363252126,1.090263229965003,1.2947644960127682,1.159645216768088,0.8381467004446593,0.6014167670256413,0.4611922621848325,1.4024315912281429,1
1.0964500703077644,-0.06556468168733408,1.12252363252126,-1.1215044484222225,0.19084080762929329,0.916653998188642,-1.1931085566160113,0.6014167670256413,-1.3614650751723478,1.4024315912281429,0
0.9401854743933811,-0.06556468168733408,1.12252363252126,-0.015620609228609717,1.2947644960127682,1.159645216768088,0.8381467004446593,0.6014167670256413,1.3245562640908652,1.4024315912281429,1
0.6276562825646116,-1.5684800212250773,1.12252363252126,1.090263229965003,1.2947644960127682,1.159645216768088,0.8381467004446593,0.6014167670256413,1.3245562640908652,1.2904621225619106,1
1.2527146662221478,1.4373506578504092,1.12252363252126,1.090263229965003,1.2947644960127682,1.159645216768088,0.8381467004446593,0.6014167670256413,0.653050929275062,0.8425842478969815,1
0.47139168665022824,-0.06556468168733408,1.12252363252126,1.090263229965003,0.31349899522745717,1.159645216768088,-1.1931085566160113,0.6014167670256413,-0.7858890739016593,1.4024315912281429,1
-0.4661958888360746,-1.5684800212250773,1.12252363252126,-1.1215044484222225,-0.5451083179596901,-0.784284531867486,0.8381467004446593,0.6014167670256413,-0.8818184074467741,-0.16514097009910902,0
0.47139168665022824,-0.06556468168733408,1.12252363252126,-1.1215044484222225,0.43615718282562105,-0.5412933132880401,0.8381467004446593,0.6014167670256413,1.2286269305457505,0.9545537165632137,1
1.5652438580509145,-0.06556468168733408,-0.030704704472457878,1.090263229965003,-0.2997919427633623,0.43067156102974796,0.8381467004446593,0.6014167670256413,0.5571215957299472,-0.7249883134302705,1
1.4089792621365311,-0.06556468168733408,1.12252363252126,1.090263229965003,0.8041317456201127,0.916653998188642,0.8381467004446593,0.6014167670256413,1.2286269305457505,1.1784926538956784,1
0.7839208784789949,-0.06556468168733408,1.12252363252126,1.090263229965003,1.1721063084146044,-0.055310876129146085,0.8381467004446593,-1.6627404735414788,1.42048559763598,0.8425842478969815,1
-1.8725772520655304,-0.06556468168733408,-1.1839330414661757,-1.1215044484222225,-1.8943483815394928,-1.513258187605826,-1.1931085566160113,-1.6627404735414788,-1.3614650751723478,-1.732713531426361,0
0.9401854743933811,-0.06556468168733408,1.12252363252126,-0.015620609228609717,-1.6490320063431652,-0.055310876129146085,-1.1931085566160113,-1.6627404735414788,0.8449095963652915,-0.3890799074315736,0
0.6276562825646116,-0.06556468168733408,1.12252363252126,-1.1215044484222225,1.2947644960127682,1.159645216768088,0.8381467004446593,0.6014167670256413,0.4611922621848325,1.0665231852294461,1
-1.4037834643223788,1.4373506578504092,1.12252363252126,1.090263229965003,0.8041317456201127,0.43067156102974796,0.8381467004446593,0.6014167670256413,0.9408389299104063,1.2904621225619106,0
0.7839208784789949,-0.06556468168733408,-1.1839330414661757,1.090263229965003,-0.0544755675670345,1.159645216768088,0.8381467004446593,0.6014167670256413,-0.7858890739016593,-1.8446830000925933,0
0.0025978989070768233,-1.5684800212250773,-1.1839330414661757,1.090263229965003,-1.4037156311468373,-0.29830209470859204,0.8381467004446593,-1.6627404735414788,0.5571215957299472,-0.3890799074315736,0
0.9401854743933811,-0.06556468168733408,-0.030704704472457878,-1.1215044484222225,-0.9130828807541818,-0.29830209470859204,-1.1931085566160113,-1.6627404735414788,-0.5940304068114298,-0.05317150143287675,0
-0.15366669700730792,-0.06556468168733408,1.12252363252126,1.090263229965003,1.0494481208164406,0.43067156102974796,0.8381467004446593,0.6014167670256413,0.5571215957299472,1.0665231852294461,1
-0.15366669700730792,1.4373506578504092,-0.030704704472457878,-1.1215044484222225,1.1721063084146044,-1.2702669690263801,0.8381467004446593,-1.6627404735414788,1.1326975970006357,-1.0608967194289673,0
0.6276562825646116,-1.5684800212250773,-1.1839330414661757,-0.015620609228609717,0.5588153704237849,0.673662779609194,0.8381467004446593,-1.6627404735414788,-0.4021717397212003,0.5066758418982846,0
1.7215084539653005,1.4373506578504092,1.12252363252126,1.090263229965003,1.2947644960127682,1.159645216768088,0.8381467004446593,0.6014167670256413,0.07747492800437346,0.9545537165632137,1
0.0025978989070768233,-0.06556468168733408,-1.1839330414661757,-0.015620609228609717,-0.2997919427633623,-0.5412933132880401,0.8381467004446593,0.6014167670256413,0.4611922621848325,-1.5087745940938964,0
0.9401854743933811,-1.5684800212250773,-0.030704704472457878,-1.1215044484222225,-1.526373818745001,0.18768034245030202,0.8381467004446593,0.6014167670256413,1.1326975970006357,0.2827369045658201,0
0.0025978989070768233,-0.06556468168733408,-0.030704704472457878,-1.1215044484222225,-0.2997919427633623,-0.29830209470859204,0.8381467004446593,0.6014167670256413,-1.3614650751723478,-0.6130188447640381,1
-0.15366669700730792,-0.06556468168733408,1.12252363252126,-1.1215044484222225,0.06818262003112939,1.159645216768088,0.8381467004446593,0.6014167670256413,0.1734042615494882,1.1784926538956784,0
0.3151270907358449,1.4373506578504092,-1.1839330414661757,-1.1215044484222225,0.19084080762929329,-1.513258187605826,0.8381467004446593,0.6014167670256413,0.9408389299104063,-0.948927250762735,1
-0.30993129292169125,-0.06556468168733408,-0.030704704472457878,-1.1215044484222225,-0.0544755675670345,-0.29830209470859204,-1.1931085566160113,0.6014167670256413,-1.3614650751723478,-0.3890799074315736,0
-1.8725772520655304,-0.06556468168733408,-0.030704704472457878,-1.1215044484222225,-0.4224501303615262,-0.055310876129146085,-1.1931085566160113,-1.6627404735414788,-1.0736770745370037,-0.948927250762735,0
0.47139168665022824,-1.5684800212250773,-1.1839330414661757,-1.1215044484222225,-0.9130828807541818,-0.29830209470859204,-1.1931085566160113,-1.6627404735414788,-0.21031307263097082,-0.8369577820965027,0
-0.4661958888360746,-0.06556468168733408,-0.030704704472457878,-1.1215044484222225,-1.6490320063431652,0.916653998188642,0.8381467004446593,0.6014167670256413,-0.5940304068114298,-1.0608967194289673,0
-0.15366669700730792,-1.5684800212250773,-1.1839330414661757,-1.1215044484222225,-1.2810574435486735,0.916653998188642,-1.1931085566160113,-1.6627404735414788,-1.265535741627233,-0.8369577820965027,0
0.0025978989070768233,-0.06556468168733408,1.12252363252126,1.090263229965003,1.2947644960127682,0.916653998188642,0.8381467004446593,0.6014167670256413,1.036768263455521,1.0665231852294461,1
0.9401854743933811,-0.06556468168733408,1.12252363252126,1.090263229965003,0.43615718282562105,0.916653998188642,0.8381467004446593,-1.6627404735414788,0.7489802628201767,1.4024315912281429,1
0.7839208784789949,-0.06556468168733408,1.12252363252126,1.090263229965003,0.43615718282562105,0.916653998188642,0.8381467004446593,0.6014167670256413,0.5571215957299472,-0.7249883134302705,1
-0.30993129292169125,-0.06556468168733408,-1.1839330414661757,-1.1215044484222225,-0.7904246931560178,0.18768034245030202,0.8381467004446593,0.6014167670256413,-0.4981010732663151,-1.1728661880951996,0
-0.4661958888360746,-0.06556468168733408,-0.030704704472457878,-0.015620609228609717,-1.0357410683523456,-0.5412933132880401,-1.1931085566160113,0.6014167670256413,-0.6899597403565446,-0.2771104387653413,0
-0.30993129292169125,-0.06556468168733408,-1.1839330414661757,-1.1215044484222225,0.31349899522745717,-2.485223061923614,0.8381467004446593,0.6014167670256413,1.1326975970006357,-0.948927250762735,0
0.7839208784789949,-0.06556468168733408,1.12252363252126,1.090263229965003,1.2947644960127682,0.673662779609194,0.8381467004446593,0.6014167670256413,1.3245562640908652,-0.05317150143287675,1
0.15886249482146017,-0.06556468168733408,-1.1839330414661757,-0.015620609228609717,-0.7904246931560178,-0.784284531867486,-1.1931085566160113,-1.6627404735414788,-1.0736770745370037,-1.5087745940938964,0
1.0964500703077644,1.4373506578504092,-1.1839330414661757,-0.015620609228609717,-0.0544755675670345,-0.055310876129146085,0.8381467004446593,0.6014167670256413,0.4611922621848325,-0.7249883134302705,1
0.9401854743933811,-0.06556468168733408,-0.030704704472457878,-0.015620609228609717,-0.1771337551651984,0.916653998188642,-1.1931085566160113,0.6014167670256413,0.4611922621848325,-1.1728661880951996,0
-1.8725772520655304,-1.5684800212250773,-0.030704704472457878,-1.1215044484222225,0.5588153704237849,1.159645216768088,-1.1931085566160113,-1.6627404735414788,-0.11438373908585606,-0.6130188447640381,0
-0.7787250806648427,1.4373506578504092,-0.030704704472457878,1.090263229965003,0.9267899332182766,0.18768034245030202,0.8381467004446593,0.6014167670256413,0.269333595094603,-0.5010493760978059,1
-1.8725772520655304,-0.06556468168733408,-1.1839330414661757,-1.1215044484222225,-1.1583992559505094,-0.5412933132880401,-1.1931085566160113,-1.6627404735414788,-0.4021717397212003,-0.2771104387653413,0
-0.6224604847504593,-0.06556468168733408,-1.1839330414661757,1.090263229965003,0.31349899522745717,-0.784284531867486,0.8381467004446593,0.6014167670256413,-0.9777477409918889,0.058797967233355536,0
0.9401854743933811,1.4373506578504092,1.12252363252126,-1.1215044484222225,1.2947644960127682,1.159645216768088,0.8381467004446593,0.6014167670256413,0.8449095963652915,0.9545537165632137,1
0.6276562825646116,-0.06556468168733408,1.12252363252126,1.090263229965003,0.31349899522745717,1.159645216768088,0.8381467004446593,0.6014167670256413,1.036768263455521,-0.7249883134302705,1
-0.15366669700730792,-0.06556468168733408,-1.1839330414661757,-1.1215044484222225,0.5588153704237849,-1.513258187605826,-1.1931085566160113,-1.6627404735414788,-1.265535741627233,-0.5010493760978059,0
-0.30993129292169125,-0.06556468168733408,1.12252363252126,-0.015620609228609717,-0.9130828807541818,-0.29830209470859204,0.8381467004446593,-1.6627404735414788,1.9960615989066686,0.618645310564517,0
0.15886249482146017,1.4373506578504092,1.12252363252126,1.090263229965003,1.2947644960127682,0.673662779609194,0.8381467004446593,0.6014167670256413,0.9408389299104063,1.5144010598943751,1
1.2527146662221478,1.4373506578504092,-0.030704704472457878,1.090263229965003,1.2947644960127682,0.18768034245030202,0.8381467004446593,0.6014167670256413,0.4611922621848325,1.1784926538956784,1
-0.4661958888360746,-0.06556468168733408,-1.1839330414661757,-1.1215044484222225,0.5588153704237849,-0.5412933132880401,-1.1931085566160113,-1.6627404735414788,-1.3614650751723478,-0.5010493760978059,0
0.15886249482146017,-0.06556468168733408,-0.030704704472457878,1.090263229965003,-1.4037156311468373,0.18768034245030202,-1.1931085566160113,-1.6627404735414788,-1.3614650751723478,-0.7249883134302705,0
0.6276562825646116,1.4373506578504092,1.12252363252126,1.090263229965003,1.2947644960127682,0.916653998188642,0.8381467004446593,0.6014167670256413,0.4611922621848325,0.8425842478969815,1
-1.8725772520655304,-0.06556468168733408,-1.1839330414661757,-0.015620609228609717,-1.2810574435486735,-1.99924062476472,-1.1931085566160113,-1.6627404735414788,-1.3614650751723478,-1.2848356567614319,0
-1.8725772520655304,-0.06556468168733408,-1.1839330414661757,-0.015620609228609717,-0.1771337551651984,-1.7562494061852731,-1.1931085566160113,0.6014167670256413,1.6123442647262096,-0.8369577820965027,0
-0.30993129292169125,-0.06556468168733408,-0.030704704472457878,-1.1215044484222225,-1.6490320063431652,-1.2702669690263801,-1.1931085566160113,-1.6627404735414788,-0.4981010732663151,-0.8369577820965027,0
0.3151270907358449,-0.06556468168733408,-0.030704704472457878,2.1961470691586156,0.5588153704237849,0.43067156102974796,0.8381467004446593,-1.6627404735414788,0.9408389299104063,-0.5010493760978059,0
0.7839208784789949,-0.06556468168733408,1.12252363252126,1.090263229965003,1.2947644960127682,0.18768034245030202,0.8381467004446593,0.6014167670256413,1.2286269305457505,1.1784926538956784,0
-1.716312656151147,-0.06556468168733408,1.12252363252126,-1.1215044484222225,0.8041317456201127,0.18768034245030202,-1.1931085566160113,-1.6627404735414788,-0.8818184074467741,-1.0608967194289673,0
0.47139168665022824,1.4373506578504092,1.12252363252126,1.090263229965003,1.2947644960127682,-0.055310876129146085,0.8381467004446593,0.6014167670256413,0.5571215957299472,0.8425842478969815,1
0.0025978989070768233,-1.5684800212250773,-0.030704704472457878,-0.015620609228609717,0.19084080762929329,0.673662779609194,0.8381467004446593,0.6014167670256413,-0.9777477409918889,-0.2771104387653413,0
-1.247518868407994,-0.06556468168733408,-1.1839330414661757,-1.1215044484222225,-1.526373818745001,-0.5412933132880401,0.8381467004446593,0.6014167670256413,-0.6899597403565446,-0.3890799074315736,0
0.0025978989070768233,-0.06556468168733408,-1.1839330414661757,-1.1215044484222225,0.06818262003112939,-2.485223061923614,-1.1931085566160113,-1.6627404735414788,-1.3614650751723478,-0.8369577820965027,0
-1.8725772520655304,-0.06556468168733408,1.12252363252126,1.090263229965003,0.6814735580219489,1.159645216768088,0.8381467004446593,0.6014167670256413,-1.3614650751723478,-0.5010493760978059,0
0.0025978989070768233,-0.06556468168733408,-2.3371613784598937,-1.1215044484222225,-0.5451083179596901,-1.7562494061852731,0.8381467004446593,0.6014167670256413,-1.3614650751723478,0.8425842478969815,1
0.7839208784789949,1.4373506578504092,1.12252363252126,1.090263229965003,1.2947644960127682,0.43067156102974796,0.8381467004446593,0.6014167670256413,1.6123442647262096,0.7306147792307492,1
2.034037645794067,1.4373506578504092,1.12252363252126,1.090263229965003,1.0494481208164406,1.159645216768088,-1.1931085566160113,0.6014167670256413,0.269333595094603,1.0665231852294461,1
0.47139168665022824,-0.06556468168733408,1.12252363252126,1.090263229965003,1.2947644960127682,1.159645216768088,0.8381467004446593,0.6014167670256413,-0.0184544055407413,1.1784926538956784,0
0.6276562825646116,-0.06556468168733408,1.12252363252126,-0.015620609228609717,1.2947644960127682,1.159645216768088,0.8381467004446593,0.6014167670256413,1.6123442647262096,0.9545537165632137,1
-1.5600480602367621,-0.06556468168733408,-1.1839330414661757,-0.015620609228609717,-1.1583992559505094,0.43067156102974796,-1.1931085566160113,0.6014167670256413,0.5571215957299472,-0.2771104387653413,0
0.9401854743933811,1.4373506578504092,1.12252363252126,-1.1215044484222225,0.8041317456201127,0.916653998188642,0.8381467004446593,0.6014167670256413,1.1326975970006357,-0.3890799074315736,1
-0.30993129292169125,-1.5684800212250773,-1.1839330414661757,-0.015620609228609717,-1.0357410683523456,-2.2422318433441673,-1.1931085566160113,-1.6627404735414788,-0.30624240617608556,-0.05317150143287675,0
-1.4037834643223788,-0.06556468168733408,-1.1839330414661757,-0.015620609228609717,-0.9130828807541818,1.159645216768088,-1.1931085566160113,0.6014167670256413,-0.6899597403565446,-0.8369577820965027,0
-0.6224604847504593,-0.06556468168733408,-0.030704704472457878,2.1961470691586156,0.19084080762929329,-1.2702669690263801,-1.1931085566160113,0.6014167670256413,0.653050929275062,-1.1728661880951996,0
0.47139168665022824,1.4373506578504092,1.12252363252126,-1.1215044484222225,0.6814735580219489,0.916653998188642,0.8381467004446593,-1.6627404735414788,0.07747492800437346,1.5144010598943751,1
-1.716312656151147,-0.06556468168733408,-1.1839330414661757,-0.015620609228609717,-0.667766505557854,-1.7562494061852731,-1.1931085566160113,-1.6627404735414788,-0.9777477409918889,0.3947063732320524,0
-0.15366669700730792,-0.06556468168733408,-1.1839330414661757,-0.015620609228609717,-0.0544755675670345,-0.055310876129146085,-1.1931085566160113,0.6014167670256413,-1.3614650751723478,-1.8446830000925933,0
-1.716312656151147,-0.06556468168733408,-1.1839330414661757,-0.015620609228609717,0.6814735580219489,-0.5412933132880401,0.8381467004446593,0.6014167670256413,1.036768263455521,1.1784926538956784,0
-1.8725772520655304,-0.06556468168733408,1.12252363252126,-1.1215044484222225,-0.2997919427633623,0.18768034245030202,-1.1931085566160113,-1.6627404735414788,-1.3614650751723478,-0.5010493760978059,0
-0.4661958888360746,-1.5684800212250773,-1.1839330414661757,-0.015620609228609717,-1.526373818745001,-2.2422318433441673,-1.1931085566160113,-1.6627404735414788,-0.6899597403565446,-1.1728661880951996,0
-1.5600480602367621,-0.06556468168733408,1.12252363252126,-1.1215044484222225,0.9267899332182766,0.673662779609194,0.8381467004446593,-1.6627404735414788,1.1326975970006357,-0.6130188447640381,0
-0.30993129292169125,-0.06556468168733408,-0.030704704472457878,-1.1215044484222225,0.31349899522745717,-0.29830209470859204,-1.1931085566160113,0.6014167670256413,0.7489802628201767,-1.1728661880951996,0
1.0964500703077644,1.4373506578504092,1.12252363252126,1.090263229965003,1.2947644960127682,1.159645216768088,0.8381467004446593,0.6014167670256413,1.2286269305457505,0.618645310564517,0
1.7215084539653005,1.4373506578504092,1.12252363252126,1.090263229965003,1.2947644960127682,1.159645216768088,0.8381467004446593,0.6014167670256413,1.036768263455521,0.9545537165632137,1
1.0964500703077644,1.4373506578504092,1.12252363252126,1.090263229965003,1.2947644960127682,1.159645216768088,0.8381467004446593,0.6014167670256413,0.8449095963652915,0.17076743589958782,1
0.15886249482146017,-1.5684800212250773,-0.030704704472457878,-1.1215044484222225,0.31349899522745717,-0.055310876129146085,0.8381467004446593,0.6014167670256413,0.4611922621848325,-0.8369577820965027,0
0.7839208784789949,-0.06556468168733408,-0.030704704472457878,1.090263229965003,-0.1771337551651984,-0.5412933132880401,0.8381467004446593,0.6014167670256413,0.07747492800437346,0.8425842478969815,0
-1.0912542724936107,-0.06556468168733408,-0.030704704472457878,-1.1215044484222225,-1.2810574435486735,0.916653998188642,-1.1931085566160113,0.6014167670256413,-1.1696064080821185,-1.0608967194289673,1
1.2527146662221478,1.4373506578504092,1.12252363252126,1.090263229965003,1.2947644960127682,1.159645216768088,0.8381467004446593,0.6014167670256413,1.036768263455521,0.8425842478969815,1
-0.4661958888360746,-0.06556468168733408,1.12252363252126,1.090263229965003,1.2947644960127682,1.159645216768088,0.8381467004446593,0.6014167670256413,0.9408389299104063,0.9545537165632137,1
-0.4661958888360746,-0.06556468168733408,-0.030704704472457878,1.090263229965003,0.06818262003112939,-1.0272757504469332,-1.1931085566160113,0.6014167670256413,0.7489802628201767,1.5144010598943751,1
-1.247518868407994,-1.5684800212250773,-1.1839330414661757,-0.015620609228609717,-0.7904246931560178,-1.99924062476472,-1.1931085566160113,0.6014167670256413,-0.0184544055407413,-1.2848356567614319,0
1.0964500703077644,1.4373506578504092,1.12252363252126,1.090263229965003,1.2947644960127682,-0.055310876129146085,0.8381467004446593,0.6014167670256413,1.7082735982713242,1.1784926538956784,1
-0.30993129292169125,-0.06556468168733408,-1.1839330414661757,-1.1215044484222225,-2.3849811319321486,-0.29830209470859204,-1.1931085566160113,0.6014167670256413,-1.3614650751723478,-1.732713531426361,1
-0.30993129292169125,-0.06556468168733408,-0.030704704472457878,1.090263229965003,0.31349899522745717,-0.5412933132880401,0.8381467004446593,0.6014167670256413,1.3245562640908652,-0.6130188447640381,0
0.3151270907358449,1.4373506578504092,1.12252363252126,-0.015620609228609717,0.31349899522745717,-0.29830209470859204,0.8381467004446593,0.6014167670256413,1.3245562640908652,-0.6130188447640381,0
-1.716312656151147,-0.06556468168733408,-1.1839330414661757,-1.1215044484222225,-1.0357410683523456,-0.5412933132880401,-1.1931085566160113,0.6014167670256413,-0.21031307263097082,-1.1728661880951996,0
0.9401854743933811,-0.06556468168733408,-0.030704704472457878,-0.015620609228609717,0.5588153704237849,-0.055310876129146085,0.8381467004446593,0.6014167670256413,-0.4981010732663151,-0.3890799074315736,0
-0.15366669700730792,1.4373506578504092,1.12252363252126,-1.1215044484222225,1.0494481208164406,0.18768034245030202,-1.1931085566160113,0.6014167670256413,1.036768263455521,-0.7249883134302705,1
-1.4037834643223788,-0.06556468168733408,-1.1839330414661757,-1.1215044484222225,0.06818262003112939,-1.7562494061852731,-1.1931085566160113,-1.6627404735414788,-0.30624240617608556,-0.6130188447640381,0
1.0964500703077644,-0.06556468168733408,1.12252363252126,-1.1215044484222225,0.5588153704237849,-0.5412933132880401,0.8381467004446593,0.6014167670256413,1.036768263455521,0.058797967233355536,0
-0.30993129292169125,1.4373506578504092,-0.030704704472457878,-1.1215044484222225,-1.771690193941329,-0.055310876129146085,-1.1931085566160113,-1.6627404735414788,-0.21031307263097082,-0.6130188447640381,0
0.9401854743933811,-0.06556468168733408,-0.030704704472457878,-0.015620609228609717,0.06818262003112939,0.916653998188642,0.8381467004446593,0.6014167670256413,0.4611922621848325,0.7306147792307492,0
0.6276562825646116,1.4373506578504092,-1.1839330414661757,-1.1215044484222225,-1.0357410683523456,-2.2422318433441673,0.8381467004446593,-1.6627404735414788,-0.30624240617608556,-0.8369577820965027,0
1.7215084539653005,-1.5684800212250773,1.12252363252126,-0.015620609228609717,1.2947644960127682,1.159645216768088,0.8381467004446593,0.6014167670256413,0.7489802628201767,1.1784926538956784,1
-0.15366669700730792,-0.06556468168733408,-1.1839330414661757,-1.1215044484222225,-2.3849811319321486,-1.7562494061852731,-1.1931085566160113,-1.6627404735414788,-1.3614650751723478,-1.1728661880951996,0
-0.15366669700730792,-0.06556468168733408,-1.1839330414661757,1.090263229965003,0.6814735580219489,-0.055310876129146085,-1.1931085566160113,0.6014167670256413,-0.8818184074467741,1.4024315912281429,1
-0.30993129292169125,1.4373506578504092,-0.030704704472457878,-1.1215044484222225,-0.9130828807541818,-0.29830209470859204,0.8381467004446593,0.6014167670256413,0.7489802628201767,1.2904621225619106,1
0.6276562825646116,-0.06556468168733408,-0.030704704472457878,-1.1215044484222225,0.43615718282562105,0.673662779609194,0.8381467004446593,0.6014167670256413,0.5571215957299472,0.058797967233355536,0
1.0964500703077644,-0.06556468168733408,1.12252363252126,1.090263229965003,1.0494481208164406,1.159645216768088,0.8381467004446593,0.6014167670256413,1.036768263455521,1.1784926538956784,1
-0.30993129292169125,-0.06556468168733408,-1.1839330414661757,-0.015620609228609717,-0.2997919427633623,-1.513258187605826,-1.1931085566160113,0.6014167670256413,-0.7858890739016593,-1.396805125427664,0
1.7215084539653005,1.4373506578504092,1.12252363252126,1.090263229965003,1.2947644960127682,1.159645216768088,0.8381467004446593,0.6014167670256413,0.3652629286397177,0.618645310564517,1
1.8777730498796839,1.4373506578504092,1.12252363252126,1.090263229965003,1.1721063084146044,0.673662779609194,0.8381467004446593,0.6014167670256413,0.1734042615494882,0.9545537165632137,1
0.7839208784789949,-0.06556468168733408,1.12252363252126,1.090263229965003,-1.1583992559505094,0.673662779609194,0.8381467004446593,0.6014167670256413,0.07747492800437346,1.5144010598943751,1
-0.4661958888360746,-0.06556468168733408,1.12252363252126,-0.015620609228609717,0.19084080762929329,0.18768034245030202,-1.1931085566160113,0.6014167670256413,0.07747492800437346,-0.8369577820965027,0
0.7839208784789949,-1.5684800212250773,-0.030704704472457878,1.090263229965003,0.8041317456201127,0.43067156102974796,0.8381467004446593,-1.6627404735414788,0.8449095963652915,-1.0608967194289673,0
0.3151270907358449,1.4373506578504092,1.12252363252126,1.090263229965003,1.2947644960127682,0.916653998188642,0.8381467004446593,0.6014167670256413,1.7082735982713242,0.9545537165632137,1
1.2527146662221478,1.4373506578504092,1.12252363252126,-1.1215044484222225,1.2947644960127682,1.159645216768088,0.8381467004446593,0.6014167670256413,0.3652629286397177,1.5144010598943751,1
0.9401854743933811,-1.5684800212250773,-1.1839330414661757,2.1961470691586156,-0.2997919427633623,-0.784284531867486,-1.1931085566160113,0.6014167670256413,-1.3614650751723478,-0.8369577820965027,0
1.4089792621365311,1.4373506578504092,-0.030704704472457878,-0.015620609228609717,-0.1771337551651984,-0.784284531867486,0.8381467004446593,0.6014167670256413,1.1326975970006357,0.2827369045658201,0
-1.8725772520655304,-0.06556468168733408,-1.1839330414661757,-1.1215044484222225,-0.7904246931560178,-1.7562494061852731,-1.1931085566160113,-1.6627404735414788,-0.7858890739016593,-0.2771104387653413,0
-0.15366669700730792,-0.06556468168733408,-0.030704704472457878,-1.1215044484222225,-1.6490320063431652,-1.99924062476472,-1.1931085566160113,0.6014167670256413,-1.1696064080821185,-1.396805125427664,0
-1.716312656151147,-0.06556468168733408,-0.030704704472457878,-1.1215044484222225,-1.4037156311468373,-1.7562494061852731,-1.1931085566160113,-1.6627404735414788,-0.8818184074467741,-1.9566524687588256,0
0.7839208784789949,-0.06556468168733408,-1.1839330414661757,1.090263229965003,-0.9130828807541818,-0.5412933132880401,-1.1931085566160113,0.6014167670256413,0.9408389299104063,-0.6130188447640381,0
0.6276562825646116,1.4373506578504092,-1.1839330414661757,-0.015620609228609717,-0.5451083179596901,0.916653998188642,0.8381467004446593,0.6014167670256413,-0.8818184074467741,-0.5010493760978059,0
-0.6224604847504593,-0.06556468168733408,-1.1839330414661757,-0.015620609228609717,0.5588153704237849,-1.0272757504469332,-1.1931085566160113,-1.6627404735414788,-1.3614650751723478,-1.396805125427664,0
0.15886249482146017,-0.06556468168733408,1.12252363252126,1.090263229965003,0.43615718282562105,-0.29830209470859204,0.8381467004446593,0.6014167670256413,0.8449095963652915,0.618645310564517,0
-1.5600480602367621,-1.5684800212250773,-0.030704704472457878,-0.015620609228609717,-2.017006569137657,0.18768034245030202,-1.1931085566160113,0.6014167670256413,-0.9777477409918889,-1.5087745940938964,0
-0.9349896765792275,-0.06556468168733408,-1.1839330414661757,-1.1215044484222225,-0.0544755675670345,0.673662779609194,-1.1931085566160113,-1.6627404735414788,-0.6899597403565446,-0.2771104387653413,0
0.7839208784789949,1.4373506578504092,1.12252363252126,1.090263229965003,1.2947644960127682,1.159645216768088,0.8381467004446593,0.6014167670256413,1.036768263455521,1.5144010598943751,1
-0.30993129292169125,-0.06556468168733408,-0.030704704472457878,-0.015620609228609717,-2.3849811319321486,-2.2422318433441673,0.8381467004446593,0.6014167670256413,0.8449095963652915,1.0665231852294461,0
1.2527146662221478,-0.06556468168733408,-0.030704704472457878,-0.015620609228609717,-1.1583992559505094,0.43067156102974796,0.8381467004446593,0.6014167670256413,0.4611922621848325,-1.1728661880951996,1
0.0025978989070768233,-0.06556468168733408,-1.1839330414661757,-0.015620609228609717,-0.0544755675670345,-0.784284531867486,0.8381467004446593,0.6014167670256413,1.42048559763598,-1.0608967194289673,0
-0.4661958888360746,-0.06556468168733408,-1.1839330414661757,-1.1215044484222225,-1.2810574435486735,-0.055310876129146085,0.8381467004446593,0.6014167670256413,-0.8818184074467741,0.9545537165632137,1
0.9401854743933811,-1.5684800212250773,-1.1839330414661757,-1.1215044484222225,-0.0544755675670345,-1.99924062476472,-1.1931085566160113,0.6014167670256413,0.07747492800437346,-0.5010493760978059,1
-1.716312656151147,1.4373506578504092,1.12252363252126,-1.1215044484222225,-0.7904246931560178,0.43067156102974796,0.8381467004446593,0.6014167670256413,0.5571215957299472,-0.2771104387653413,0
1.0964500703077644,-0.06556468168733408,-0.030704704472457878,-0.015620609228609717,-0.667766505557854,-0.055310876129146085,-1.1931085566160113,-1.6627404735414788,-1.1696064080821185,-0.7249883134302705,0
1.0964500703077644,1.4373506578504092,1.12252363252126,-1.1215044484222225,1.2947644960127682,1.159645216768088,0.8381467004446593,0.6014167670256413,-1.0736770745370037,1.5144010598943751,1
0.7839208784789949,-0.06556468168733408,1.12252363252126,1.090263229965003,1.2947644960127682,-0.055310876129146085,0.8381467004446593,0.6014167670256413,0.7489802628201767,1.4024315912281429,1
0.15886249482146017,-0.06556468168733408,-1.1839330414661757,-0.015620609228609717,-0.1771337551651984,-1.513258187605826,-1.1931085566160113,0.6014167670256413,-0.8818184074467741,-0.8369577820965027,0
0.3151270907358449,1.4373506578504092,1.12252363252126,-1.1215044484222225,0.19084080762929329,0.673662779609194,0.8381467004446593,0.6014167670256413,1.2286269305457505,0.5066758418982846,0
0.47139168665022824,-0.06556468168733408,-0.030704704472457878,-1.1215044484222225,1.2947644960127682,-0.055310876129146085,0.8381467004446593,0.6014167670256413,0.5571215957299472,-0.5010493760978059,0
1.2527146662221478,-1.5684800212250773,1.12252363252126,1.090263229965003,-0.4224501303615262,1.159645216768088,0.8381467004446593,-1.6627404735414788,0.4611922621848325,0.7306147792307492,1
1.0964500703077644,-0.06556468168733408,1.12252363252126,-1.1215044484222225,1.2947644960127682,0.673662779609194,0.8381467004446593,0.6014167670256413,0.8449095963652915,1.4024315912281429,1
-0.15366669700730792,-1.5684800212250773,-1.1839330414661757,-0.015620609228609717,-0.9130828807541818,-1.513258187605826,-1.1931085566160113,0.6014167670256413,0.1734042615494882,-0.2771104387653413,0
-0.30993129292169125,-0.06556468168733408,1.12252363252126,-0.015620609228609717,0.5588153704237849,-0.784284531867486,0.8381467004446593,-1.6627404735414788,0.4611922621848325,-0.5010493760978059,1
-1.247518868407994,-1.5684800212250773,1.12252363252126,-0.015620609228609717,0.9267899332182766,0.673662779609194,0.8381467004446593,0.6014167670256413,-0.30624240617608556,0.058797967233355536,0
-0.4661958888360746,-0.06556468168733408,-1.1839330414661757,-0.015620609228609717,-0.4224501303615262,0.673662779609194,-1.1931085566160113,0.6014167670256413,-0.8818184074467741,-1.9566524687588256,0
0.9401854743933811,-0.06556468168733408,1.12252363252126,1.090263229965003,1.2947644960127682,1.159645216768088,0.8381467004446593,0.6014167670256413,0.9408389299104063,0.8425842478969815,1
-0.6224604847504593,-0.06556468168733408,-1.1839330414661757,-0.015620609228609717,0.6814735580219489,1.159645216768088,-1.1931085566160113,0.6014167670256413,-1.3614650751723478,-0.948927250762735,1
0.0025978989070768233,-0.06556468168733408,1.12252363252126,1.090263229965003,1.2947644960127682,0.18768034245030202,-1.1931085566160113,0.6014167670256413,1.7082735982713242,1.0665231852294461,1
-0.15366669700730792,-0.06556468168733408,-0.030704704472457878,1.090263229965003,-0.0544755675670345,-0.055310876129146085,0.8381467004446593,0.6014167670256413,0.07747492800437346,0.8425842478969815,1
0.9401854743933811,-1.5684800212250773,1.12252363252126,1.090263229965003,1.0494481208164406,1.159645216768088,0.8381467004446593,0.6014167670256413,0.4611922621848325,-0.2771104387653413,1
-0.15366669700730792,-1.5684800212250773,-1.1839330414661757,-0.015620609228609717,-0.9130828807541818,0.18768034245030202,-1.1931085566160113,0.6014167670256413,-0.0184544055407413,0.17076743589958782,0
0.6276562825646116,1.4373506578504092,1.12252363252126,1.090263229965003,1.2947644960127682,0.673662779609194,0.8381467004446593,0.6014167670256413,1.5164149311810948,1.5144010598943751,1
0.0025978989070768233,-0.06556468168733408,-1.1839330414661757,-0.015620609228609717,-2.3849811319321486,-1.7562494061852731,-1.1931085566160113,-1.6627404735414788,-0.9777477409918889,-1.8446830000925933,0
1.2527146662221478,1.4373506578504092,1.12252363252126,1.090263229965003,0.9267899332182766,-0.5412933132880401,0.8381467004446593,0.6014167670256413,1.5164149311810948,0.9545537165632137,1
-1.8725772520655304,-0.06556468168733408,-0.030704704472457878,-0.015620609228609717,-1.1583992559505094,-1.0272757504469332,-1.1931085566160113,-1.6627404735414788,-1.265535741627233,-0.7249883134302705,0
-0.30993129292169125,-1.5684800212250773,-1.1839330414661757,-1.1215044484222225,-0.1771337551651984,-0.784284531867486,-1.1931085566160113,-1.6627404735414788,-1.3614650751723478,-0.3890799074315736,0
0.0025978989070768233,-0.06556468168733408,-0.030704704472457878,-1.1215044484222225,0.19084080762929329,1.159645216768088,-1.1931085566160113,-1.6627404735414788,-1.3614650751723478,-0.948927250762735,0
-0.9349896765792275,-0.06556468168733408,-1.1839330414661757,2.1961470691586156,0.43615718282562105,-0.29830209470859204,0.8381467004446593,0.6014167670256413,1.2286269305457505,1.2904621225619106,1
2.034037645794067,-0.06556468168733408,1.12252363252126,1.090263229965003,-0.1771337551651984,1.159645216768088,0.8381467004446593,0.6014167670256413,0.9408389299104063,1.1784926538956784,1
1.7215084539653005,-0.06556468168733408,1.12252363252126,-1.1215044484222225,-0.9130828807541818,-0.5412933132880401,0.8381467004446593,0.6014167670256413,0.4611922621848325,-0.05317150143287675,1
-0.4661958888360746,-1.5684800212250773,-1.1839330414661757,-0.015620609228609717,-1.1583992559505094,-0.29830209470859204,-1.1931085566160113,-1.6627404735414788,-0.7858890739016593,-0.5010493760978059,0
0.47139168665022824,-1.5684800212250773,-2.3371613784598937,-0.015620609228609717,0.6814735580219489,1.159645216768088,0.8381467004446593,0.6014167670256413,-0.21031307263097082,0.9545537165632137,0
0.47139168665022824,-1.5684800212250773,1.12252363252126,-1.1215044484222225,1.0494481208164406,0.18768034245030202,0.8381467004446593,0.6014167670256413,0.8449095963652915,0.9545537165632137,0
-0.15366669700730792,-0.06556468168733408,-0.030704704472457878,-0.015620609228609717,-0.4224501303615262,-1.0272757504469332,-1.1931085566160113,-1.6627404735414788,-1.3614650751723478,-0.6130188447640381,0
-0.15366669700730792,-0.06556468168733408,-1.1839330414661757,-0.015620609228609717,-1.4037156311468373,-0.784284531867486,-1.1931085566160113,-1.6627404735414788,-1.1696064080821185,-1.2848356567614319,0
1.5652438580509145,-1.5684800212250773,1.12252363252126,1.090263229965003,1.0494481208164406,0.916653998188642,0.8381467004446593,0.6014167670256413,1.5164149311810948,0.8425842478969815,1
-0.15366669700730792,-1.5684800212250773,1.12252363252126,1.090263229965003,-0.1771337551651984,1.159645216768088,-1.1931085566160113,0.6014167670256413,0.8449095963652915,0.5066758418982846,1
1.0964500703077644,-0.06556468168733408,1.12252363252126,1.090263229965003,1.2947644960127682,1.159645216768088,0.8381467004446593,0.6014167670256413,1.5164149311810948,0.8425842478969815,1
0.9401854743933811,1.4373506578504092,1.12252363252126,-0.015620609228609717,0.6814735580219489,1.159645216768088,0.8381467004446593,0.6014167670256413,0.9408389299104063,1.2904621225619106,1
-1.5600480602367621,-0.06556468168733408,-1.1839330414661757,-0.015620609228609717,-1.1583992559505094,-0.784284531867486,-1.1931085566160113,-1.6627404735414788,-0.11438373908585606,-1.9566524687588256,0
-1.8725772520655304,-0.06556468168733408,1.12252363252126,-1.1215044484222225,-0.4224501303615262,0.18768034245030202,0.8381467004446593,-1.6627404735414788,-1.3614650751723478,-0.8369577820965027,0
0.3151270907358449,-0.06556468168733408,-1.1839330414661757,-0.015620609228609717,-0.4224501303615262,0.18768034245030202,0.8381467004446593,0.6014167670256413,-0.4021717397212003,1.1784926538956784,0
1.0964500703077644,1.4373506578504092,1.12252363252126,1.090263229965003,1.2947644960127682,0.673662779609194,0.8381467004446593,0.6014167670256413,1.3245562640908652,1.5144010598943751,1
1.4089792621365311,-0.06556468168733408,1.12252363252126,1.090263229965003,0.8041317456201127,0.916653998188642,0.8381467004446593,0.6014167670256413,1.1326975970006357,0.8425842478969815,1
-1.5600480602367621,-1.5684800212250773,-1.1839330414661757,-1.1215044484222225,-2.017006569137657,-1.2702669690263801,-1.1931085566160113,-1.6627404735414788,-0.6899597403565446,-1.2848356567614319,0
-1.8725772520655304,-0.06556468168733408,-1.1839330414661757,-0.015620609228609717,-1.526373818745001,-1.513258187605826,-1.1931085566160113,0.6014167670256413,-1.3614650751723478,-0.948927250762735,0
0.6276562825646116,-0.06556468168733408,-0.030704704472457878,1.090263229965003,0.6814735580219489,0.18768034245030202,-1.1931085566160113,0.6014167670256413,0.269333595094603,1.0665231852294461,0
0.0025978989070768233,-1.5684800212250773,-0.030704704472457878,-1.1215044484222225,-0.0544755675670345,-0.784284531867486,-1.1931085566160113,-1.6627404735414788,-1.0736770745370037,-0.2771104387653413,0
-1.8725772520655304,-0.06556468168733408,-1.1839330414661757,-1.1215044484222225,-0.5451083179596901,-1.7562494061852731,-1.1931085566160113,-1.6627404735414788,-0.5940304068114298,-0.7249883134302705,0
-0.15366669700730792,-0.06556468168733408,-0.030704704472457878,-1.1215044484222225,0.06818262003112939,0.18768034245030202,-1.1931085566160113,-1.6627404735414788,-0.7858890739016593,-0.2771104387653413,0
-0.15366669700730792,-0.06556468168733408,-0.030704704472457878,1.090263229965003,0.9267899332182766,-1.0272757504469332,-1.1931085566160113,-1.6627404735414788,-1.3614650751723478,0.8425842478969815,1
-1.716312656151147,-0.06556468168733408,-0.030704704472457878,-1.1215044484222225,1.0494481208164406,-0.784284531867486,-1.1931085566160113,-1.6627404735414788,0.8449095963652915,-0.8369577820965027,0
1.2527146662221478,1.4373506578504092,-0.030704704472457878,1.090263229965003,1.2947644960127682,1.159645216768088,0.8381467004446593,0.6014167670256413,1.42048559763598,-0.3890799074315736,1
0.15886249482146017,1.4373506578504092,1.12252363252126,-0.015620609228609717,1.2947644960127682,0.673662779609194,0.8381467004446593,-1.6627404735414788,1.7082735982713242,1.0665231852294461,1
-0.4661958888360746,-0.06556468168733408,-1.1839330414661757,-1.1215044484222225,-1.526373818745001,-0.5412933132880401,-1.1931085566160113,-1.6627404735414788,-0.21031307263097082,-0.948927250762735,0
-0.30993129292169125,-0.06556468168733408,-1.1839330414661757,-1.1215044484222225,-1.8943483815394928,-0.055310876129146085,-1.1931085566160113,-1.6627404735414788,-0.9777477409918889,-0.6130188447640381,0
1.2527146662221478,-0.06556468168733408,1.12252363252126,1.090263229965003,1.2947644960127682,-0.055310876129146085,0.8381467004446593,0.6014167670256413,0.653050929275062,1.0665231852294461,1
1.0964500703077644,1.4373506578504092,-0.030704704472457878,-1.1215044484222225,-0.0544755675670345,0.673662779609194,-1.1931085566160113,0.6014167670256413,-0.4021717397212003,1.2904621225619106,1
0.47139168665022824,-0.06556468168733408,-2.3371613784598937,1.090263229965003,-0.0544755675670345,0.18768034245030202,0.8381467004446593,0.6014167670256413,0.3652629286397177,1.0665231852294461,1
-1.8725772520655304,-1.5684800212250773,1.12252363252126,-1.1215044484222225,0.19084080762929329,1.159645216768088,0.8381467004446593,0.6014167670256413,1.9960615989066686,-0.7249883134302705,0
-1.0912542724936107,-0.06556468168733408,-1.1839330414661757,-0.015620609228609717,-0.7904246931560178,-0.055310876129146085,0.8381467004446593,-1.6627404735414788,0.4611922621848325,0.7306147792307492,0
0.0025978989070768233,-0.06556468168733408,-0.030704704472457878,2.1961470691586156,-0.1771337551651984,0.18768034245030202,-1.1931085566160113,-1.6627404735414788,0.1734042615494882,-0.7249883134302705,0
0.6276562825646116,-1.5684800212250773,-0.030704704472457878,2.1961470691586156,-1.0357410683523456,-0.29830209470859204,0.8381467004446593,-1.6627404735414788,1.2286269305457505,-0.05317150143287675,0
-0.4661958888360746,-0.06556468168733408,-1.1839330414661757,-0.015620609228609717,-0.5451083179596901,-0.29830209470859204,0.8381467004446593,0.6014167670256413,-0.4981010732663151,-1.1728661880951996,0
-1.8725772520655304,-0.06556468168733408,-1.1839330414661757,-1.1215044484222225,-0.667766505557854,-1.99924062476472,-1.1931085566160113,0.6014167670256413,-0.4981010732663151,-0.6130188447640381,0
0.7839208784789949,-1.5684800212250773,1.12252363252126,-0.015620609228609717,1.2947644960127682,1.159645216768088,0.8381467004446593,-1.6627404735414788,-0.7858890739016593,0.058797967233355536,0
-1.247518868407994,1.4373506578504092,1.12252363252126,2.1961470691586156,0.8041317456201127,1.159645216768088,0.8381467004446593,0.6014167670256413,0.3652629286397177,0.8425842478969815,1
-0.30993129292169125,-0.06556468168733408,-1.1839330414661757,-0.015620609228609717,-1.4037156311468373,0.18768034245030202,0.8381467004446593,-1.6627404735414788,-0.6899597403565446,-0.6130188447640381,0
-1.8725772520655304,-0.06556468168733408,-1.1839330414661757,-1.1215044484222225,1.1721063084146044,-1.0272757504469332,-1.1931085566160113,0.6014167670256413,-1.265535741627233,-0.3890799074315736,0
-1.8725772520655304,-1.5684800212250773,-1.1839330414661757,-1.1215044484222225,-0.5451083179596901,-1.513258187605826,-1.1931085566160113,-1.6627404735414788,-1.0736770745370037,-1.396805125427664,0
0.0025978989070768233,1.4373506578504092,-1.1839330414661757,-0.015620609228609717,-1.1583992559505094,-1.99924062476472,0.8381467004446593,0.6014167670256413,-0.30624240617608556,-0.8369577820965027,1
0.9401854743933811,1.4373506578504092,1.12252363252126,1.090263229965003,1.2947644960127682,1.159645216768088,0.8381467004446593,-1.6627404735414788,-0.0184544055407413,0.618645310564517,1
-1.247518868407994,-0.06556468168733408,-0.030704704472457878,-1.1215044484222225,-0.7904246931560178,-0.29830209470859204,0.8381467004446593,0.6014167670256413,0.4611922621848325,-1.2848356567614319,0
-0.7787250806648427,-0.06556468168733408,-1.1839330414661757,1.090263229965003,-0.667766505557854,0.916653998188642,-1.1931085566160113,-1.6627404735414788,-1.3614650751723478,0.3947063732320524,0
-0.7787250806648427,-0.06556468168733408,-0.030704704472457878,-0.015620609228609717,-0.9130828807541818,0.18768034245030202,-1.1931085566160113,0.6014167670256413,-0.5940304068114298,-0.05317150143287675,0
1.2527146662221478,1.4373506578504092,1.12252363252126,1.090263229965003,1.2947644960127682,1.159645216768088,0.8381467004446593,0.6014167670256413,1.5164149311810948,1.0665231852294461,1
1.4089792621365311,1.4373506578504092,1.12252363252126,1.090263229965003,1.2947644960127682,1.159645216768088,0.8381467004446593,0.6014167670256413,0.1734042615494882,0.618645310564517,1
0.15886249482146017,-0.06556468168733408,-1.1839330414661757,-0.015620609228609717,-0.9130828807541818,0.673662779609194,0.8381467004446593,0.6014167670256413,-0.8818184074467741,-1.6207440627601286,0
-0.30993129292169125,-1.5684800212250773,-0.030704704472457878,-0.015620609228609717,-1.1583992559505094,0.18768034245030202,0.8381467004446593,0.6014167670256413,-1.3614650751723478,-0.16514097009910902,1
0.15886249482146017,-0.06556468168733408,-1.1839330414661757,-1.1215044484222225,1.1721063084146044,0.916653998188642,0.8381467004446593,0.6014167670256413,0.9408389299104063,-0.6130188447640381,0
0.9401854743933811,1.4373506578504092,1.12252363252126,1.090263229965003,0.5588153704237849,0.916653998188642,0.8381467004446593,0.6014167670256413,-0.11438373908585606,0.618645310564517,1
-0.30993129292169125,-0.06556468168733408,-0.030704704472457878,-1.1215044484222225,-1.4037156311468373,-0.29830209470859204,0.8381467004446593,0.6014167670256413,-1.1696064080821185,0.058797967233355536,0
-0.6224604847504593,-0.06556468168733408,-1.1839330414661757,1.090263229965003,-1.6490320063431652,0.673662779609194,-1.1931085566160113,0.6014167670256413,-1.3614650751723478,-0.5010493760978059,1
0.6276562825646116,1.4373506578504092,1.12252363252126,1.090263229965003,1.2947644960127682,1.159645216768088,0.8381467004446593,0.6014167670256413,0.9408389299104063,1.4024315912281429,1
0.9401854743933811,1.4373506578504092,-0.030704704472457878,-1.1215044484222225,1.2947644960127682,0.673662779609194,0.8381467004446593,0.6014167670256413,1.1326975970006357,0.7306147792307492,1
1.0964500703077644,1.4373506578504092,1.12252363252126,-1.1215044484222225,1.2947644960127682,0.916653998188642,0.8381467004446593,-1.6627404735414788,0.653050929275062,0.9545537165632137,1
0.9401854743933811,-0.06556468168733408,1.12252363252126,1.090263229965003,1.1721063084146044,0.916653998188642,0.8381467004446593,0.6014167670256413,-0.0184544055407413,1.1784926538956784,1
-0.7787250806648427,-0.06556468168733408,-1.1839330414661757,-1.1215044484222225,-2.3849811319321486,-2.7282142805030603,-1.1931085566160113,0.6014167670256413,-1.3614650751723478,0.058797967233355536,0
-1.5600480602367621,-0.06556468168733408,1.12252363252126,-0.015620609228609717,-0.4224501303615262,0.18768034245030202,0.8381467004446593,0.6014167670256413,1.42048559763598,0.9545537165632137,1
-0.30993129292169125,-0.06556468168733408,-1.1839330414661757,-1.1215044484222225,-1.4037156311468373,1.159645216768088,-1.1931085566160113,0.6014167670256413,-0.5940304068114298,-0.6130188447640381,0
-1.8725772520655304,-0.06556468168733408,-1.1839330414661757,-1.1215044484222225,0.06818262003112939,0.43067156102974796,-1.1931085566160113,0.6014167670256413,-0.8818184074467741,-0.5010493760978059,0
-0.9349896765792275,1.4373506578504092,-1.1839330414661757,-0.015620609228609717,0.19084080762929329,0.673662779609194,0.8381467004446593,0.6014167670256413,0.7489802628201767,0.9545537165632137,0
1.2527146662221478,-0.06556468168733408,1.12252363252126,-1.1215044484222225,1.2947644960127682,1.159645216768088,0.8381467004446593,0.6014167670256413,1.5164149311810948,1.1784926538956784,1
-0.30993129292169125,-1.5684800212250773,-1.1839330414661757,-1.1215044484222225,0.31349899522745717,0.673662779609194,0.8381467004446593,0.6014167670256413,-0.6899597403565446,-0.6130188447640381,1
-1.8725772520655304,-0.06556468168733408,-0.030704704472457878,-0.015620609228609717,-1.2810574435486735,-1.2702669690263801,-1.1931085566160113,0.6014167670256413,-1.265535741627233,-0.3890799074315736,0
0.6276562825646116,-0.06556468168733408,1.12252363252126,-1.1215044484222225,1.0494481208164406,-1.2702669690263801,0.8381467004446593,0.6014167670256413,-0.11438373908585606,0.2827369045658201,0
1.2527146662221478,1.4373506578504092,1.12252363252126,1.090263229965003,1.2947644960127682,0.18768034245030202,0.8381467004446593,0.6014167670256413,1.42048559763598,1.2904621225619106,1
-0.15366669700730792,-0.06556468168733408,-1.1839330414661757,-0.015620609228609717,-0.9130828807541818,0.673662779609194,-1.1931085566160113,0.6014167670256413,0.8449095963652915,-0.948927250762735,0
0.7839208784789949,1.4373506578504092,1.12252363252126,1.090263229965003,1.0494481208164406,1.159645216768088,0.8381467004446593,0.6014167670256413,-0.21031307263097082,1.2904621225619106,0
-0.30993129292169125,-1.5684800212250773,-0.030704704472457878,1.090263229965003,-0.0544755675670345,0.673662779609194,0.8381467004446593,0.6014167670256413,1.9960615989066686,-0.8369577820965027,1
1.2527146662221478,-0.06556468168733408,-0.030704704472457878,-1.1215044484222225,0.9267899332182766,0.916653998188642,-1.1931085566160113,0.6014167670256413,-1.3614650751723478,-0.5010493760978059,1
-0.4661958888360746,-0.06556468168733408,-0.030704704472457878,-1.1215044484222225,-1.771690193941329,-1.0272757504469332,-1.1931085566160113,-1.6627404735414788,0.4611922621848325,-0.948927250762735,0
-0.4661958888360746,-0.06556468168733408,-0.030704704472457878,-1.1215044484222225,-1.4037156311468373,-1.2702669690263801,-1.1931085566160113,0.6014167670256413,-1.1696064080821185,-1.0608967194289673,0
-0.4661958888360746,-1.5684800212250773,-1.1839330414661757,-1.1215044484222225,-2.3849811319321486,-2.2422318433441673,-1.1931085566160113,-1.6627404735414788,-1.3614650751723478,-0.3890799074315736,0
0.7839208784789949,-0.06556468168733408,1.12252363252126,1.090263229965003,1.2947644960127682,0.18768034245030202,0.8381467004446593,-1.6627404735414788,0.4611922621848325,0.618645310564517,0
-1.8725772520655304,-0.06556468168733408,-0.030704704472457878,-0.015620609228609717,-1.771690193941329,0.916653998188642,-1.1931085566160113,-1.6627404735414788,-1.3614650751723478,-1.732713531426361,0
-0.4661958888360746,-0.06556468168733408,-1.1839330414661757,-1.1215044484222225,0.43615718282562105,0.18768034245030202,-1.1931085566160113,0.6014167670256413,-1.3614650751723478,-0.3890799074315736,0
0.6276562825646116,1.4373506578504092,1.12252363252126,-0.015620609228609717,-0.0544755675670345,0.18768034245030202,0.8381467004446593,0.6014167670256413,0.9408389299104063,-0.16514097009910902,1
0.9401854743933811,1.4373506578504092,-1.1839330414661757,-1.1215044484222225,-0.0544755675670345,-0.784284531867486,0.8381467004446593,0.6014167670256413,-0.6899597403565446,-0.8369577820965027,1
1.0964500703077644,1.4373506578504092,-0.030704704472457878,-1.1215044484222225,1.2947644960127682,0.43067156102974796,0.8381467004446593,0.6014167670256413,0.653050929275062,1.1784926538956784,0
0.0025978989070768233,-0.06556468168733408,1.12252363252126,2.1961470691586156,0.9267899332182766,-1.0272757504469332,0.8381467004446593,0.6014167670256413,1.036768263455521,-1.0608967194289673,0
0.47139168665022824,-0.06556468168733408,-2.3371613784598937,1.090263229965003,1.1721063084146044,1.159645216768088,0.8381467004446593,0.6014167670256413,1.9960615989066686,0.618645310564517,1
0.9401854743933811,1.4373506578504092,1.12252363252126,2.1961470691586156,1.2947644960127682,1.159645216768088,0.8381467004446593,0.6014167670256413,1.9960615989066686,0.9545537165632137,1
1.2527146662221478,1.4373506578504092,1.12252363252126,1.090263229965003,0.6814735580219489,0.916653998188642,0.8381467004446593,0.6014167670256413,0.8449095963652915,-0.7249883134302705,1
-0.15366669700730792,-0.06556468168733408,-0.030704704472457878,-1.1215044484222225,-0.4224501303615262,-0.29830209470859204,-1.1931085566160113,0.6014167670256413,-1.1696064080821185,-1.1728661880951996,0
0.6276562825646116,-0.06556468168733408,-0.030704704472457878,-1.1215044484222225,0.5588153704237849,0.18768034245030202,0.8381467004446593,0.6014167670256413,-1.3614650751723478,-0.3890799074315736,0
1.0964500703077644,-0.06556468168733408,-0.030704704472457878,1.090263229965003,0.8041317456201127,0.43067156102974796,0.8381467004446593,0.6014167670256413,1.6123442647262096,0.5066758418982846,1
-1.8725772520655304,1.4373506578504092,-1.1839330414661757,-1.1215044484222225,-0.0544755675670345,-1.7562494061852731,-1.1931085566160113,-1.6627404735414788,-0.5940304068114298,-1.0608967194289673,0
-0.15366669700730792,-0.06556468168733408,-1.1839330414661757,-0.015620609228609717,-0.7904246931560178,-1.513258187605826,-1.1931085566160113,-1.6627404735414788,-1.3614650751723478,-1.2848356567614319,0
-0.30993129292169125,-1.5684800212250773,-1.1839330414661757,-0.015620609228609717,-0.2997919427633623,0.18768034245030202,0.8381467004446593,0.6014167670256413,-1.3614650751723478,1.0665231852294461,1
1.0964500703077644,-1.5684800212250773,-1.1839330414661757,-0.015620609228609717,-0.1771337551651984,-1.2702669690263801,0.8381467004446593,-1.6627404735414788,-0.4981010732663151,-0.7249883134302705,0
-0.30993129292169125,-1.5684800212250773,-0.030704704472457878,1.090263229965003,0.06818262003112939,1.159645216768088,-1.1931085566160113,0.6014167670256413,-1.3614650751723478,-0.5010493760978059,1
-0.6224604847504593,-0.06556468168733408,1.12252363252126,-1.1215044484222225,0.06818262003112939,-0.29830209470859204,-1.1931085566160113,-1.6627404735414788,-0.21031307263097082,-1.1728661880951996,0
-0.30993129292169125,-0.06556468168733408,-0.030704704472457878,-1.1215044484222225,-0.667766505557854,-0.055310876129146085,-1.1931085566160113,-1.6627404735414788,-1.3614650751723478,-1.0608967194289673,0
-0.15366669700730792,-0.06556468168733408,-1.1839330414661757,-1.1215044484222225,-0.2997919427633623,0.18768034245030202,-1.1931085566160113,0.6014167670256413,-0.5940304068114298,-0.948927250762735,0
-1.8725772520655304,1.4373506578504092,-1.1839330414661757,-1.1215044484222225,-0.1771337551651984,-2.971205499082507,-1.1931085566160113,-1.6627404735414788,-1.265535741627233,-0.8369577820965027,0
0.9401854743933811,1.4373506578504092,1.12252363252126,1.090263229965003,1.2947644960127682,0.673662779609194,0.8381467004446593,0.6014167670256413,1.036768263455521,0.9545537165632137,1
0.7839208784789949,1.4373506578504092,1.12252363252126,1.090263229965003,1.1721063084146044,-0.784284531867486,0.8381467004446593,-1.6627404735414788,0.7489802628201767,0.8425842478969815,1
0.0025978989070768233,-0.06556468168733408,-1.1839330414661757,-1.1215044484222225,-0.5451083179596901,-0.5412933132880401,-1.1931085566160113,0.6014167670256413,1.6123442647262096,-0.6130188447640381,1
-0.15366669700730792,-1.5684800212250773,-1.1839330414661757,-0.015620609228609717,-1.1583992559505094,-0.5412933132880401,-1.1931085566160113,0.6014167670256413,-1.3614650751723478,-0.7249883134302705,0
-1.8725772520655304,-1.5684800212250773,1.12252363252126,-1.1215044484222225,0.6814735580219489,-0.055310876129146085,-1.1931085566160113,-1.6627404735414788,-1.3614650751723478,-0.5010493760978059,0
-0.15366669700730792,-0.06556468168733408,1.12252363252126,-0.015620609228609717,1.2947644960127682,0.43067156102974796,0.8381467004446593,0.6014167670256413,0.07747492800437346,0.618645310564517,0
0.9401854743933811,-1.5684800212250773,1.12252363252126,-1.1215044484222225,1.2947644960127682,0.916653998188642,0.8381467004446593,0.6014167670256413,-0.0184544055407413,0.8425842478969815,1
-1.8725772520655304,-0.06556468168733408,-1.1839330414661757,-1.1215044484222225,-1.526373818745001,-0.784284531867486,-1.1931085566160113,-1.6627404735414788,-0.8818184074467741,-0.8369577820965027,0
1.0964500703077644,-0.06556468168733408,-0.030704704472457878,1.090263229965003,-0.2997919427633623,-0.5412933132880401,-1.1931085566160113,-1.6627404735414788,-0.4021717397212003,-0.2771104387653413,0
-0.30993129292169125,-0.06556468168733408,-1.1839330414661757,-1.1215044484222225,-0.1771337551651984,0.43067156102974796,-1.1931085566160113,-1.6627404735414788,-1.0736770745370037,-1.0608967194289673,0
0.47139168665022824,-1.5684800212250773,-1.1839330414661757,-1.1215044484222225,0.31349899522745717,-0.055310876129146085,-1.1931085566160113,0.6014167670256413,0.269333595094603,-1.0608967194289673,0
0.9401854743933811,-0.06556468168733408,-1.1839330414661757,-0.015620609228609717,1.2947644960127682,1.159645216768088,0.8381467004446593,0.6014167670256413,1.42048559763598,1.5144010598943751,1
0.6276562825646116,1.4373506578504092,-1.1839330414661757,-1.1215044484222225,0.6814735580219489,-0.5412933132880401,0.8381467004446593,0.6014167670256413,1.3245562640908652,0.5066758418982846,1
-1.0912542724936107,-0.06556468168733408,-0.030704704472457878,-0.015620609228609717,-0.1771337551651984,1.159645216768088,0.8381467004446593,0.6014167670256413,-1.3614650751723478,-0.7249883134302705,0
0.0025978989070768233,1.4373506578504092,-1.1839330414661757,2.1961470691586156,-0.9130828807541818,0.673662779609194,0.8381467004446593,0.6014167670256413,-0.21031307263097082,0.3947063732320524,1
0.7839208784789949,1.4373506578504092,1.12252363252126,1.090263229965003,1.2947644960127682,1.159645216768088,0.8381467004446593,0.6014167670256413,1.9001322653615538,1.0665231852294461,1
0.6276562825646116,1.4373506578504092,-0.030704704472457878,1.090263229965003,-0.4224501303615262,-0.055310876129146085,0.8381467004446593,0.6014167670256413,0.269333595094603,1.4024315912281429,1
-1.8725772520655304,-0.06556468168733408,-1.1839330414661757,-1.1215044484222225,-0.7904246931560178,-0.784284531867486,0.8381467004446593,-1.6627404735414788,-0.9777477409918889,-0.8369577820965027,1
-0.6224604847504593,-0.06556468168733408,-0.030704704472457878,-1.1215044484222225,-1.1583992559505094,-1.2702669690263801,-1.1931085566160113,-1.6627404735414788,-1.3614650751723478,-0.5010493760978059,0
-1.8725772520655304,-1.5684800212250773,-0.030704704472457878,-0.015620609228609717,-0.0544755675670345,-0.055310876129146085,-1.1931085566160113,-1.6627404735414788,-1.1696064080821185,-0.3890799074315736,0
-0.15366669700730792,-0.06556468168733408,-0.030704704472457878,-1.1215044484222225,-1.6490320063431652,-1.2702669690263801,0.8381467004446593,-1.6627404735414788,-1.3614650751723478,-0.7249883134302705,0
-1.8725772520655304,-0.06556468168733408,-1.1839330414661757,-0.015620609228609717,-1.526373818745001,-0.784284531867486,-1.1931085566160113,0.6014167670256413,-1.265535741627233,-1.0608967194289673,0
-0.4661958888360746,-0.06556468168733408,-1.1839330414661757,-1.1215044484222225,-0.1771337551651984,1.159645216768088,0.8381467004446593,-1.6627404735414788,0.4611922621848325,0.618645310564517,1
1.0964500703077644,1.4373506578504092,1.12252363252126,1.090263229965003,0.9267899332182766,0.916653998188642,0.8381467004446593,0.6014167670256413,0.8449095963652915,0.8425842478969815,1
-1.0912542724936107,-0.06556468168733408,-1.1839330414661757,1.090263229965003,0.43615718282562105,1.159645216768088,0.8381467004446593,0.6014167670256413,1.3245562640908652,0.618645310564517,1
-0.4661958888360746,1.4373506578504092,-1.1839330414661757,-0.015620609228609717,-1.771690193941329,-2.7282142805030603,-1.1931085566160113,0.6014167670256413,-1.3614650751723478,-1.396805125427664,0
-1.4037834643223788,1.4373506578504092,-1.1839330414661757,1.090263229965003,0.43615718282562105,0.916653998188642,0.8381467004446593,-1.6627404735414788,0.9408389299104063,-1.5087745940938964,0
-1.247518868407994,-1.5684800212250773,-1.1839330414661757,-1.1215044484222225,-0.7904246931560178,-3.214196717661954,-1.1931085566160113,-1.6627404735414788,-0.6899597403565446,-1.396805125427664,0
0.47139168665022824,-0.06556468168733408,1.12252363252126,2.1961470691586156,1.2947644960127682,0.673662779609194,0.8381467004446593,0.6014167670256413,0.269333595094603,1.5144010598943751,1
-0.15366669700730792,1.4373506578504092,-0.030704704472457878,1.090263229965003,0.06818262003112939,1.159645216768088,0.8381467004446593,0.6014167670256413,0.5571215957299472,0.9545537165632137,1
0.0025978989070768233,-0.06556468168733408,-0.030704704472457878,-1.1215044484222225,-1.8943483815394928,-0.29830209470859204,0.8381467004446593,0.6014167670256413,0.07747492800437346,-0.6130188447640381,0
1.0964500703077644,1.4373506578504092,1.12252363252126,-0.015620609228609717,0.5588153704237849,0.43067156102974796,0.8381467004446593,0.6014167670256413,1.42048559763598,1.4024315912281429,1
0.7839208784789949,-1.5684800212250773,1.12252363252126,1.090263229965003,1.2947644960127682,0.916653998188642,0.8381467004446593,-1.6627404735414788,1.2286269305457505,1.2904621225619106,1
0.3151270907358449,1.4373506578504092,1.12252363252126,1.090263229965003,1.2947644960127682,1.159645216768088,0.8381467004446593,0.6014167670256413,1.6123442647262096,0.5066758418982846,1
-0.30993129292169125,-0.06556468168733408,-1.1839330414661757,-1.1215044484222225,0.6814735580219489,0.43067156102974796,-1.1931085566160113,-1.6627404735414788,-1.3614650751723478,-0.5010493760978059,0
0.15886249482146017,1.4373506578504092,1.12252363252126,1.090263229965003,0.31349899522745717,0.673662779609194,0.8381467004446593,-1.6627404735414788,1.42048559763598,0.17076743589958782,0
-0.4661958888360746,1.4373506578504092,-0.030704704472457878,-1.1215044484222225,0.5588153704237849,-0.055310876129146085,-1.1931085566160113,0.6014167670256413,0.9408389299104063,0.8425842478969815,0
0.0025978989070768233,-0.06556468168733408,-1.1839330414661757,-0.015620609228609717,-0.7904246931560178,0.673662779609194,-1.1931085566160113,-1.6627404735414788,-1.0736770745370037,-0.2771104387653413,0
0.7839208784789949,-0.06556468168733408,1.12252363252126,1.090263229965003,1.2947644960127682,1.159645216768088,0.8381467004446593,0.6014167670256413,-0.30624240617608556,1.0665231852294461,1
-1.247518868407994,-0.06556468168733408,-0.030704704472457878,-1.1215044484222225,-1.526373818745001,-1.513258187605826,-1.1931085566160113,0.6014167670256413,0.653050929275062,-0.3890799074315736,0
-0.30993129292169125,-0.06556468168733408,-0.030704704472457878,-1.1215044484222225,-0.1771337551651984,-1.513258187605826,-1.1931085566160113,-1.6627404735414788,0.07747492800437346,-0.8369577820965027,0
-1.8725772520655304,-1.5684800212250773,-1.1839330414661757,-1.1215044484222225,-1.6490320063431652,-1.99924062476472,-1.1931085566160113,-1.6627404735414788,-1.3614650751723478,-0.8369577820965027,0
-1.247518868407994,-0.06556468168733408,-1.1839330414661757,-1.1215044484222225,-1.4037156311468373,-1.513258187605826,-1.1931085566160113,-1.6627404735414788,-1.3614650751723478,-1.1728661880951996,0
-0.30993129292169125,1.4373506578504092,1.12252363252126,-1.1215044484222225,0.8041317456201127,1.159645216768088,0.8381467004446593,-1.6627404735414788,-1.3614650751723478,1.0665231852294461,1
1.0964500703077644,-0.06556468168733408,-1.1839330414661757,-1.1215044484222225,-0.1771337551651984,1.159645216768088,0.8381467004446593,-1.6627404735414788,0.1734042615494882,0.7306147792307492,0
-0.7787250806648427,-1.5684800212250773,-1.1839330414661757,-0.015620609228609717,-0.5451083179596901,-0.5412933132880401,-1.1931085566160113,-1.6627404735414788,-0.5940304068114298,0.618645310564517,0
0.15886249482146017,-1.5684800212250773,1.12252363252126,1.090263229965003,1.2947644960127682,1.159645216768088,0.8381467004446593,-1.6627404735414788,1.1326975970006357,0.7306147792307492,1
-0.15366669700730792,-0.06556468168733408,-1.1839330414661757,-0.015620609228609717,-1.1583992559505094,0.673662779609194,-1.1931085566160113,0.6014167670256413,-0.8818184074467741,-0.2771104387653413,0
0.15886249482146017,-0.06556468168733408,-1.1839330414661757,-1.1215044484222225,-0.667766505557854,-0.5412933132880401,-1.1931085566160113,-1.6627404735414788,-0.8818184074467741,-1.5087745940938964,0
1.0964500703077644,1.4373506578504092,1.12252363252126,1.090263229965003,1.2947644960127682,1.159645216768088,0.8381467004446593,0.6014167670256413,0.9408389299104063,0.9545537165632137,1
1.2527146662221478,-0.06556468168733408,-1.1839330414661757,1.090263229965003,0.6814735580219489,1.159645216768088,0.8381467004446593,0.6014167670256413,0.3652629286397177,1.0665231852294461,1
0.7839208784789949,1.4373506578504092,1.12252363252126,1.090263229965003,1.2947644960127682,1.159645216768088,0.8381467004446593,0.6014167670256413,1.9960615989066686,1.0665231852294461,1
-0.4661958888360746,-0.06556468168733408,-1.1839330414661757,-1.1215044484222225,-1.8943483815394928,0.916653998188642,0.8381467004446593,0.6014167670256413,-1.3614650751723478,-0.2771104387653413,0
1.7215084539653005,-0.06556468168733408,-1.1839330414661757,-1.1215044484222225,-1.2810574435486735,0.916653998188642,0.8381467004446593,0.6014167670256413,0.07747492800437346,0.9545537165632137,0
-0.4661958888360746,-0.06556468168733408,1.12252363252126,-1.1215044484222225,0.43615718282562105,0.916653998188642,-1.1931085566160113,0.6014167670256413,-1.3614650751723478,-0.6130188447640381,0
0.0025978989070768233,-0.06556468168733408,-0.030704704472457878,1.090263229965003,-0.1771337551651984,-1.2702669690263801,0.8381467004446593,-1.6627404735414788,-0.5940304068114298,-0.8369577820965027,0
0.7839208784789949,1.4373506578504092,1.12252363252126,1.090263229965003,1.2947644960127682,1.159645216768088,0.8381467004446593,-1.6627404735414788,0.7489802628201767,0.9545537165632137,1
1.7215084539653005,-1.5684800212250773,-1.1839330414661757,1.090263229965003,1.2947644960127682,1.159645216768088,0.8381467004446593,0.6014167670256413,1.2286269305457505,0.8425842478969815,0
0.9401854743933811,1.4373506578504092,1.12252363252126,-1.1215044484222225,-0.7904246931560178,0.43067156102974796,0.8381467004446593,0.6014167670256413,0.1734042615494882,1.4024315912281429,0
1.7215084539653005,1.4373506578504092,1.12252363252126,-1.1215044484222225,1.0494481208164406,0.916653998188642,-1.1931085566160113,0.6014167670256413,-1.0736770745370037,1.4024315912281429,1
0.47139168665022824,-0.06556468168733408,-1.1839330414661757,-0.015620609228609717,0.31349899522745717,-0.784284531867486,-1.1931085566160113,-1.6627404735414788,-1.3614650751723478,-0.05317150143287675,0
-1.8725772520655304,-0.06556468168733408,-0.030704704472457878,1.090263229965003,1.2947644960127682,1.159645216768088,-1.1931085566160113,0.6014167670256413,0.07747492800437346,-0.7249883134302705,0
-1.4037834643223788,-1.5684800212250773,-0.030704704472457878,-0.015620609228609717,-0.9130828807541818,0.18768034245030202,-1.1931085566160113,-1.6627404735414788,-0.6899597403565446,-1.396805125427664,0
-1.8725772520655304,-1.5684800212250773,-1.1839330414661757,-0.015620609228609717,-1.1583992559505094,-0.29830209470859204,-1.1931085566160113,0.6014167670256413,-1.3614650751723478,-1.2848356567614319,0
0.15886249482146017,1.4373506578504092,1.12252363252126,1.090263229965003,1.2947644960127682,1.159645216768088,0.8381467004446593,0.6014167670256413,1.42048559763598,1.4024315912281429,1
0.47139168665022824,-1.5684800212250773,1.12252363252126,-1.1215044484222225,1.2947644960127682,-1.2702669690263801,0.8381467004446593,-1.6627404735414788,1.42048559763598,0.618645310564517,1
0.47139168665022824,-0.06556468168733408,1.12252363252126,1.090263229965003,1.2947644960127682,1.159645216768088,0.8381467004446593,0.6014167670256413,0.7489802628201767,1.5144010598943751,1
0.7839208784789949,-0.06556468168733408,-1.1839330414661757,1.090263229965003,-0.0544755675670345,-0.29830209470859204,-1.1931085566160113,-1.6627404735414788,0.8449095963652915,-0.5010493760978059,0
-1.716312656151147,-0.06556468168733408,1.12252363252126,-0.015620609228609717,-1.526373818745001,-1.0272757504469332,-1.1931085566160113,0.6014167670256413,-1.3614650751723478,-0.3890799074315736,0
0.47139168665022824,-0.06556468168733408,-1.1839330414661757,-0.015620609228609717,-1.1583992559505094,0.673662779609194,-1.1931085566160113,0.6014167670256413,-1.0736770745370037,-1.2848356567614319,0
-0.30993129292169125,1.4373506578504092,1.12252363252126,-1.1215044484222225,1.0494481208164406,0.673662779609194,0.8381467004446593,0.6014167670256413,0.9408389299104063,0.9545537165632137,0
-0.15366669700730792,-1.5684800212250773,1.12252363252126,-1.1215044484222225,0.6814735580219489,0.916653998188642,0.8381467004446593,0.6014167670256413,0.07747492800437346,0.058797967233355536,1
-0.9349896765792275,-0.06556468168733408,-1.1839330414661757,-1.1215044484222225,-1.2810574435486735,-1.99924062476472,-1.1931085566160113,-1.6627404735414788,-0.8818184074467741,-1.0608967194289673,0
0.15886249482146017,-1.5684800212250773,-0.030704704472457878,-1.1215044484222225,-1.0357410683523456,0.18768034245030202,-1.1931085566160113,0.6014167670256413,0.4611922621848325,-1.0608967194289673,0
0.0025978989070768233,-1.5684800212250773,-1.1839330414661757,-0.015620609228609717,0.43615718282562105,-1.513258187605826,-1.1931085566160113,0.6014167670256413,-1.3614650751723478,-0.6130188447640381,0
0.0025978989070768233,1.4373506578504092,1.12252363252126,1.090263229965003,1.1721063084146044,0.43067156102974796,-1.1931085566160113,0.6014167670256413,0.4611922621848325,1.1784926538956784,0
1.0964500703077644,1.4373506578504092,1.12252363252126,1.090263229965003,1.2947644960127682,1.159645216768088,0.8381467004446593,0.6014167670256413,0.4611922621848325,1.5144010598943751,1
-0.7787250806648427,-0.06556468168733408,-1.1839330414661757,-1.1215044484222225,-2.2623229443339845,0.18768034245030202,-1.1931085566160113,0.6014167670256413,-1.1696064080821185,0.2827369045658201,0
-0.9349896765792275,-0.06556468168733408,-0.030704704472457878,1.090263229965003,0.31349899522745717,-0.055310876129146085,-1.1931085566160113,-1.6627404735414788,0.8449095963652915,-0.8369577820965027,0
-1.716312656151147,-0.06556468168733408,-1.1839330414661757,-0.015620609228609717,-0.2997919427633623,-0.784284531867486,-1.1931085566160113,-1.6627404735414788,-1.1696064080821185,-0.948927250762735,0
-0.6224604847504593,-1.5684800212250773,-1.1839330414661757,-1.1215044484222225,0.6814735580219489,0.18768034245030202,-1.1931085566160113,-1.6627404735414788,-1.1696064080821185,-0.7249883134302705,0
-1.0912542724936107,-0.06556468168733408,-0.030704704472457878,-0.015620609228609717,-1.526373818745001,-2.2422318433441673,-1.1931085566160113,0.6014167670256413,-1.265535741627233,-1.1728661880951996,0
0.15886249482146017,1.4373506578504092,1.12252363252126,-1.1215044484222225,1.1721063084146044,0.43067156102974796,0.8381467004446593,0.6014167670256413,0.7489802628201767,0.8425842478969815,1
-0.30993129292169125,1.4373506578504092,-0.030704704472457878,1.090263229965003,0.6814735580219489,0.673662779609194,0.8381467004446593,0.6014167670256413,0.7489802628201767,1.5144010598943751,1
1.0964500703077644,-0.06556468168733408,-1.1839330414661757,-0.015620609228609717,0.31349899522745717,-0.055310876129146085,0.8381467004446593,0.6014167670256413,-0.8818184074467741,0.8425842478969815,0
-0.30993129292169125,-0.06556468168733408,-0.030704704472457878,-0.015620609228609717,-0.9130828807541818,1.159645216768088,-1.1931085566160113,0.6014167670256413,-1.3614650751723478,-0.16514097009910902,0
-0.4661958888360746,-1.5684800212250773,1.12252363252126,1.090263229965003,1.2947644960127682,0.916653998188642,0.8381467004446593,0.6014167670256413,1.3245562640908652,1.5144010598943751,1
-0.15366669700730792,-0.06556468168733408,-0.030704704472457878,1.090263229965003,-0.1771337551651984,0.18768034245030202,0.8381467004446593,0.6014167670256413,1.2286269305457505,-0.05317150143287675,0
0.3151270907358449,-0.06556468168733408,1.12252363252126,-1.1215044484222225,-0.1771337551651984,0.673662779609194,0.8381467004446593,0.6014167670256413,0.8449095963652915,1.1784926538956784,1
-1.4037834643223788,-1.5684800212250773,1.12252363252126,1.090263229965003,-0.4224501303615262,-1.0272757504469332,0.8381467004446593,0.6014167670256413,1.5164149311810948,-0.16514097009910902,0
1.2527146662221478,1.4373506578504092,1.12252363252126,-1.1215044484222225,1.1721063084146044,-0.29830209470859204,0.8381467004446593,0.6014167670256413,0.8449095963652915,1.4024315912281429,1
0.0025978989070768233,1.4373506578504092,-1.1839330414661757,-1.1215044484222225,-1.4037156311468373,0.673662779609194,-1.1931085566160113,-1.6627404735414788,-0.4021717397212003,-1.396805125427664,0
-0.30993129292169125,-1.5684800212250773,-1.1839330414661757,-1.1215044484222225,-1.4037156311468373,-1.2702669690263801,-1.1931085566160113,0.6014167670256413,-1.3614650751723478,-1.396805125427664,0
-0.4661958888360746,-0.06556468168733408,-0.030704704472457878,-0.015620609228609717,-0.667766505557854,-0.055310876129146085,-1.1931085566160113,-1.6627404735414788,-1.265535741627233,-0.5010493760978059,0
-0.30993129292169125,-0.06556468168733408,-0.030704704472457878,1.090263229965003,-0.1771337551651984,0.43067156102974796,-1.1931085566160113,0.6014167670256413,0.5571215957299472,-0.5010493760978059,1
0.0025978989070768233,-0.06556468168733408,-1.1839330414661757,-1.1215044484222225,0.31349899522745717,-1.513258187605826,-1.1931085566160113,0.6014167670256413,-1.3614650751723478,0.7306147792307492,1
-1.8725772520655304,-1.5684800212250773,-1.1839330414661757,-1.1215044484222225,-1.6490320063431652,-1.99924062476472,-1.1931085566160113,-1.6627404735414788,-0.7858890739016593,-0.948927250762735,0
-1.4037834643223788,-1.5684800212250773,-1.1839330414661757,-0.015620609228609717,-1.526373818745001,-1.99924062476472,-1.1931085566160113,-1.6627404735414788,-0.9777477409918889,-1.396805125427664,0
0.9401854743933811,1.4373506578504092,1.12252363252126,2.1961470691586156,1.2947644960127682,1.159645216768088,0.8381467004446593,0.6014167670256413,1.42048559763598,1.0665231852294461,1
-1.8725772520655304,-0.06556468168733408,-1.1839330414661757,-1.1215044484222225,-0.1771337551651984,-0.784284531867486,-1.1931085566160113,-1.6627404735414788,-1.3614650751723478,-0.3890799074315736,0
0.47139168665022824,-0.06556468168733408,-1.1839330414661757,-1.1215044484222225,0.43615718282562105,0.916653998188642,-1.1931085566160113,0.6014167670256413,-0.8818184074467741,1.4024315912281429,1
-0.15366669700730792,-0.06556468168733408,-0.030704704472457878,-1.1215044484222225,-1.1583992559505094,0.916653998188642,-1.1931085566160113,0.6014167670256413,-0.8818184074467741,-1.1728661880951996,1
-1.8725772520655304,-1.5684800212250773,-0.030704704472457878,-1.1215044484222225,-0.667766505557854,-0.5412933132880401,-1.1931085566160113,0.6014167670256413,-1.3614650751723478,0.8425842478969815,0
-1.4037834643223788,-1.5684800212250773,-1.1839330414661757,-1.1215044484222225,-0.1771337551651984,0.916653998188642,0.8381467004446593,0.6014167670256413,-0.4981010732663151,-0.7249883134302705,0
1.0964500703077644,-0.06556468168733408,1.12252363252126,1.090263229965003,-0.1771337551651984,1.159645216768088,0.8381467004446593,-1.6627404735414788,1.5164149311810948,0.7306147792307492,0
-0.30993129292169125,-0.06556468168733408,-0.030704704472457878,-0.015620609228609717,0.06818262003112939,-1.513258187605826,-1.1931085566160113,0.6014167670256413,-1.3614650751723478,-0.948927250762735,0
-1.716312656151147,-0.06556468168733408,-1.1839330414661757,-1.1215044484222225,-0.7904246931560178,0.673662779609194,-1.1931085566160113,-1.6627404735414788,-0.30624240617608556,-0.2771104387653413,0
-0.4661958888360746,-1.5684800212250773,-1.1839330414661757,-1.1215044484222225,0.31349899522745717,-0.5412933132880401,-1.1931085566160113,0.6014167670256413,-1.0736770745370037,-0.6130188447640381,0
0.0025978989070768233,-0.06556468168733408,-1.1839330414661757,-0.015620609228609717,-0.0544755675670345,-1.0272757504469332,-1.1931085566160113,0.6014167670256413,-1.3614650751723478,-1.5087745940938964,0
0.15886249482146017,-1.5684800212250773,1.12252363252126,-1.1215044484222225,0.19084080762929329,-0.29830209470859204,0.8381467004446593,0.6014167670256413,-0.21031307263097082,-0.948927250762735,0
0.0025978989070768233,-0.06556468168733408,-1.1839330414661757,-0.015620609228609717,-1.8943483815394928,-1.513258187605826,-1.1931085566160113,0.6014167670256413,-1.3614650751723478,-1.5087745940938964,0
1.0964500703077644,1.4373506578504092,1.12252363252126,-0.015620609228609717,-0.7904246931560178,-0.29830209470859204,-1.1931085566160113,0.6014167670256413,0.5571215957299472,1.2904621225619106,0
1.0964500703077644,-0.06556468168733408,-1.1839330414661757,-0.015620609228609717,-1.2810574435486735,-0.5412933132880401,0.8381467004446593,0.6014167670256413,-0.5940304068114298,-1.6207440627601286,0
0.3151270907358449,-1.5684800212250773,-1.1839330414661757,-0.015620609228609717,-0.667766505557854,-1.0272757504469332,0.8381467004446593,0.6014167670256413,0.9408389299104063,-1.396805125427664,0
-1.247518868407994,-0.06556468168733408,-0.030704704472457878,-1.1215044484222225,1.0494481208164406,0.673662779609194,0.8381467004446593,0.6014167670256413,-1.0736770745370037,1.0665231852294461,0
0.15886249482146017,-0.06556468168733408,-0.030704704472457878,-1.1215044484222225,0.31349899522745717,-0.29830209470859204,-1.1931085566160113,-1.6627404735414788,-0.5940304068114298,-0.2771104387653413,0
0.7839208784789949,-0.06556468168733408,1.12252363252126,1.090263229965003,-0.0544755675670345,1.159645216768088,0.8381467004446593,0.6014167670256413,0.1734042615494882,0.8425842478969815,1
-1.5600480602367621,-1.5684800212250773,-1.1839330414661757,-1.1215044484222225,-0.2997919427633623,-0.5412933132880401,-1.1931085566160113,-1.6627404735414788,-0.5940304068114298,-0.7249883134302705,0
0.47139168665022824,-0.06556468168733408,1.12252363252126,1.090263229965003,0.43615718282562105,0.916653998188642,0.8381467004446593,0.6014167670256413,-1.3614650751723478,-0.16514097009910902,1
0.0025978989070768233,-1.5684800212250773,-0.030704704472457878,-1.1215044484222225,1.2947644960127682,0.18768034245030202,0.8381467004446593,0.6014167670256413,0.9408389299104063,-0.6130188447640381,1
0.7839208784789949,-0.06556468168733408,-1.1839330414661757,-0.015620609228609717,-0.0544755675670345,1.159645216768088,0.8381467004446593,0.6014167670256413,-1.3614650751723478,-0.8369577820965027,0
0.7839208784789949,1.4373506578504092,1.12252363252126,1.090263229965003,1.2947644960127682,1.159645216768088,0.8381467004446593,0.6014167670256413,1.1326975970006357,1.4024315912281429,1
-0.30993129292169125,-0.06556468168733408,-1.1839330414661757,-1.1215044484222225,-1.2810574435486735,-1.2702669690263801,-1.1931085566160113,0.6014167670256413,-0.6899597403565446,-1.6207440627601286,0
0.9401854743933811,-0.06556468168733408,-0.030704704472457878,-1.1215044484222225,-0.0544755675670345,-0.055310876129146085,-1.1931085566160113,0.6014167670256413,0.9408389299104063,1.0665231852294461,1
1.0964500703077644,-1.5684800212250773,-1.1839330414661757,-0.015620609228609717,-1.6490320063431652,-1.2702669690263801,-1.1931085566160113,-1.6627404735414788,-0.6899597403565446,-0.948927250762735,0
0.7839208784789949,-1.5684800212250773,1.12252363252126,1.090263229965003,1.2947644960127682,0.916653998188642,0.8381467004446593,0.6014167670256413,0.653050929275062,1.5144010598943751,1
-1.716312656151147,-1.5684800212250773,-0.030704704472457878,-1.1215044484222225,-0.0544755675670345,-0.29830209470859204,0.8381467004446593,-1.6627404735414788,-0.6899597403565446,0.5066758418982846,0
0.6276562825646116,1.4373506578504092,1.12252363252126,1.090263229965003,1.2947644960127682,0.916653998188642,0.8381467004446593,0.6014167670256413,1.2286269305457505,0.8425842478969815,1
-1.0912542724936107,-1.5684800212250773,1.12252363252126,2.1961470691586156,-0.4224501303615262,0.43067156102974796,0.8381467004446593,0.6014167670256413,1.7082735982713242,0.7306147792307492,1
0.9401854743933811,1.4373506578504092,1.12252363252126,1.090263229965003,1.2947644960127682,1.159645216768088,0.8381467004446593,0.6014167670256413,0.653050929275062,1.2904621225619106,1
-1.8725772520655304,-0.06556468168733408,-1.1839330414661757,-1.1215044484222225,-2.017006569137657,-1.99924062476472,-1.1931085566160113,-1.6627404735414788,-1.265535741627233,-1.1728661880951996,0
-0.30993129292169125,-1.5684800212250773,-0.030704704472457878,-1.1215044484222225,0.19084080762929329,-1.7562494061852731,-1.1931085566160113,0.6014167670256413,-1.3614650751723478,-0.7249883134302705,1
-1.716312656151147,-0.06556468168733408,-1.1839330414661757,-1.1215044484222225,-2.017006569137657,-2.485223061923614,-1.1931085566160113,-1.6627404735414788,-0.6899597403565446,-0.8369577820965027,0
-0.15366669700730792,-0.06556468168733408,1.12252363252126,-1.1215044484222225,0.43615718282562105,-0.5412933132880401,0.8381467004446593,0.6014167670256413,-1.1696064080821185,-0.8369577820965027,0
-0.30993129292169125,-0.06556468168733408,-0.030704704472457878,-0.015620609228609717,-1.4037156311468373,1.159645216768088,-1.1931085566160113,-1.6627404735414788,-1.0736770745370037,-0.5010493760978059,0
-0.15366669700730792,-1.5684800212250773,-1.1839330414661757,-0.015620609228609717,-0.4224501303615262,-1.2702669690263801,-1.1931085566160113,-1.6627404735414788,-1.0736770745370037,-0.948927250762735,0
1.2527146662221478,-0.06556468168733408,1.12252363252126,1.090263229965003,0.6814735580219489,-0.055310876129146085,0.8381467004446593,0.6014167670256413,0.269333595094603,1.0665231852294461,1
0.7839208784789949,-1.5684800212250773,1.12252363252126,-1.1215044484222225,0.9267899332182766,1.159645216768088,0.8381467004446593,0.6014167670256413,0.7489802628201767,0.9545537165632137,1
-0.15366669700730792,-0.06556468168733408,-1.1839330414661757,-1.1215044484222225,-1.0357410683523456,-2.485223061923614,-1.1931085566160113,0.6014167670256413,-0.4981010732663151,-0.2771104387653413,0
-1.247518868407994,-0.06556468168733408,-1.1839330414661757,1.090263229965003,-1.526373818745001,-1.2702669690263801,0.8381467004446593,0.6014167670256413,-0.9777477409918889,-0.3890799074315736,0
-0.4661958888360746,-1.5684800212250773,-0.030704704472457878,-0.015620609228609717,0.19084080762929329,-0.784284531867486,0.8381467004446593,-1.6627404735414788,-0.30624240617608556,-1.6207440627601286,0
-0.4661958888360746,-0.06556468168733408,-1.1839330414661757,-1.1215044484222225,-0.4224501303615262,-0.055310876129146085,-1.1931085566160113,-1.6627404735414788,-1.1696064080821185,-0.05317150143287675,0
-0.30993129292169125,-0.06556468168733408,-1.1839330414661757,-0.015620609228609717,-2.3849811319321486,-3.214196717661954,-1.1931085566160113,-1.6627404735414788,-0.8818184074467741,-0.6130188447640381,0
1.0964500703077644,-0.06556468168733408,-1.1839330414661757,1.090263229965003,0.5588153704237849,1.159645216768088,0.8381467004446593,0.6014167670256413,1.2286269305457505,-0.7249883134302705,1
0.47139168665022824,1.4373506578504092,1.12252363252126,1.090263229965003,1.2947644960127682,1.159645216768088,0.8381467004446593,0.6014167670256413,0.9408389299104063,1.2904621225619106,1
-1.716312656151147,-0.06556468168733408,-1.1839330414661757,-0.015620609228609717,-0.5451083179596901,-1.0272757504469332,0.8381467004446593,0.6014167670256413,-0.5940304068114298,-0.6130188447640381,0
0.9401854743933811,1.4373506578504092,1.12252363252126,1.090263229965003,1.2947644960127682,1.159645216768088,0.8381467004446593,0.6014167670256413,0.8449095963652915,1.4024315912281429,1
0.0025978989070768233,-0.06556468168733408,-1.1839330414661757,-0.015620609228609717,-1.2810574435486735,-0.29830209470859204,-1.1931085566160113,-1.6627404735414788,-1.3614650751723478,-1.2848356567614319,0
-0.6224604847504593,-1.5684800212250773,-1.1839330414661757,-0.015620609228609717,0.5588153704237849,0.916653998188642,-1.1931085566160113,-1.6627404735414788,-1.3614650751723478,-0.7249883134302705,0
0.6276562825646116,-1.5684800212250773,-0.030704704472457878,-1.1215044484222225,0.5588153704237849,0.916653998188642,-1.1931085566160113,0.6014167670256413,-0.7858890739016593,-0.6130188447640381,0
0.6276562825646116,-0.06556468168733408,1.12252363252126,1.090263229965003,0.06818262003112939,0.18768034245030202,0.8381467004446593,0.6014167670256413,1.3245562640908652,-0.2771104387653413,0
-0.4661958888360746,-0.06556468168733408,1.12252363252126,1.090263229965003,0.19084080762929329,0.43067156102974796,0.8381467004446593,0.6014167670256413,0.3652629286397177,0.9545537165632137,0
-0.15366669700730792,-0.06556468168733408,-0.030704704472457878,-0.015620609228609717,0.19084080762929329,-0.784284531867486,-1.1931085566160113,0.6014167670256413,-1.3614650751723478,-1.5087745940938964,0
1.0964500703077644,-0.06556468168733408,1.12252363252126,1.090263229965003,0.9267899332182766,1.159645216768088,-1.1931085566160113,0.6014167670256413,0.7489802628201767,1.0665231852294461,1
2.1903022417084506,1.4373506578504092,-1.1839330414661757,2.1961470691586156,0.5588153704237849,1.159645216768088,0.8381467004446593,0.6014167670256413,1.1326975970006357,1.1784926538956784,1
1.5652438580509145,1.4373506578504092,-0.030704704472457878,-0.015620609228609717,-0.9130828807541818,0.673662779609194,0.8381467004446593,0.6014167670256413,0.7489802628201767,0.2827369045658201,0
-1.8725772520655304,-1.5684800212250773,-0.030704704472457878,-1.1215044484222225,-0.7904246931560178,-0.5412933132880401,-1.1931085566160113,-1.6627404735414788,-0.9777477409918889,-0.6130188447640381,0
1.2527146662221478,-0.06556468168733408,-1.1839330414661757,1.090263229965003,0.6814735580219489,-0.055310876129146085,0.8381467004446593,0.6014167670256413,-1.1696064080821185,-1.5087745940938964,0
0.7839208784789949,-0.06556468168733408,1.12252363252126,-0.015620609228609717,-0.2997919427633623,-0.29830209470859204,0.8381467004446593,0.6014167670256413,0.07747492800437346,1.0665231852294461,1
0.3151270907358449,-1.5684800212250773,-0.030704704472457878,-0.015620609228609717,-0.0544755675670345,1.159645216768088,0.8381467004446593,0.6014167670256413,-0.7858890739016593,-0.948927250762735,0
1.5652438580509145,-1.5684800212250773,1.12252363252126,-0.015620609228609717,1.2947644960127682,0.673662779609194,0.8381467004446593,0.6014167670256413,1.9001322653615538,0.9545537165632137,1
-1.5600480602367621,-0.06556468168733408,-1.1839330414661757,-0.015620609228609717,-1.771690193941329,-1.2702669690263801,-1.1931085566160113,-1.6627404735414788,-1.3614650751723478,-1.396805125427664,0
-0.30993129292169125,-0.06556468168733408,-0.030704704472457878,-0.015620609228609717,-0.4224501303615262,0.18768034245030202,-1.1931085566160113,0.6014167670256413,0.07747492800437346,0.058797967233355536,0
0.6276562825646116,-0.06556468168733408,1.12252363252126,-1.1215044484222225,-0.9130828807541818,-0.784284531867486,0.8381467004446593,0.6014167670256413,0.269333595094603,-1.0608967194289673,1
-0.30993129292169125,-0.06556468168733408,-0.030704704472457878,1.090263229965003,0.8041317456201127,0.43067156102974796,-1.1931085566160113,0.6014167670256413,0.1734042615494882,0.618645310564517,0
-0.15366669700730792,-0.06556468168733408,-0.030704704472457878,1.090263229965003,-0.667766505557854,-0.29830209470859204,-1.1931085566160113,0.6014167670256413,1.1326975970006357,-0.7249883134302705,0
-0.6224604847504593,-1.5684800212250773,-1.1839330414661757,-1.1215044484222225,-0.4224501303615262,-0.784284531867486,-1.1931085566160113,-1.6627404735414788,-0.5940304068114298,-0.5010493760978059,0
0.0025978989070768233,-1.5684800212250773,-1.1839330414661757,-1.1215044484222225,-0.667766505557854,-1.513258187605826,-1.1931085566160113,-1.6627404735414788,-0.4021717397212003,-0.7249883134302705,0
1.2527146662221478,-0.06556468168733408,1.12252363252126,-0.015620609228609717,0.5588153704237849,-1.0272757504469332,0.8381467004446593,0.6014167670256413,0.269333595094603,0.8425842478969815,1
0.7839208784789949,-0.06556468168733408,-0.030704704472457878,-0.015620609228609717,1.2947644960127682,1.159645216768088,0.8381467004446593,0.6014167670256413,0.8449095963652915,-0.3890799074315736,1
1.4089792621365311,1.4373506578504092,1.12252363252126,1.090263229965003,0.06818262003112939,0.18768034245030202,0.8381467004446593,0.6014167670256413,1.1326975970006357,-0.6130188447640381,1
-1.8725772520655304,-0.06556468168733408,1.12252363252126,1.090263229965003,0.19084080762929329,0.43067156102974796,-1.1931085566160113,-1.6627404735414788,0.269333595094603,0.8425842478969815,1
0.0025978989070768233,-0.06556468168733408,-0.030704704472457878,-1.1215044484222225,1.0494481208164406,0.43067156102974796,-1.1931085566160113,0.6014167670256413,-1.3614650751723478,-0.6130188447640381,0
0.6276562825646116,-0.06556468168733408,1.12252363252126,1.090263229965003,1.2947644960127682,0.916653998188642,0.8381467004446593,0.6014167670256413,1.5164149311810948,0.9545537165632137,1
0.0025978989070768233,-1.5684800212250773,1.12252363252126,1.090263229965003,0.5588153704237849,1.159645216768088,0.8381467004446593,0.6014167670256413,0.5571215957299472,1.2904621225619106,1
2.1903022417084506,1.4373506578504092,1.12252363252126,1.090263229965003,1.2947644960127682,1.159645216768088,0.8381467004446593,0.6014167670256413,0.4611922621848325,0.8425842478969815,1
-0.7787250806648427,-1.5684800212250773,1.12252363252126,-1.1215044484222225,-0.5451083179596901,0.673662779609194,-1.1931085566160113,-1.6627404735414788,1.3245562640908652,-1.0608967194289673,1
-0.30993129292169125,-0.06556468168733408,-1.1839330414661757,-1.1215044484222225,-0.4224501303615262,-0.055310876129146085,-1.1931085566160113,0.6014167670256413,0.3652629286397177,0.5066758418982846,0
1.2527146662221478,-0.06556468168733408,1.12252363252126,1.090263229965003,-0.4224501303615262,1.159645216768088,0.8381467004446593,0.6014167670256413,-0.21031307263097082,0.9545537165632137,1
-0.4661958888360746,-0.06556468168733408,-1.1839330414661757,-0.015620609228609717,-1.1583992559505094,-1.2702669690263801,-1.1931085566160113,-1.6627404735414788,-1.265535741627233,-0.3890799074315736,0
-1.0912542724936107,-0.06556468168733408,-0.030704704472457878,-1.1215044484222225,1.1721063084146044,0.673662779609194,0.8381467004446593,-1.6627404735414788,1.3245562640908652,0.8425842478969815,0
1.5652438580509145,-0.06556468168733408,-0.030704704472457878,1.090263229965003,1.2947644960127682,1.159645216768088,0.8381467004446593,0.6014167670256413,0.3652629286397177,1.4024315912281429,1
1.2527146662221478,-1.5684800212250773,-0.030704704472457878,1.090263229965003,0.6814735580219489,-0.5412933132880401,0.8381467004446593,0.6014167670256413,-0.9777477409918889,0.8425842478969815,1
-1.8725772520655304,-1.5684800212250773,-1.1839330414661757,-1.1215044484222225,-1.0357410683523456,-2.2422318433441673,-1.1931085566160113,0.6014167670256413,-0.9777477409918889,-0.8369577820965027,0
0.15886249482146017,-0.06556468168733408,-0.030704704472457878,-0.015620609228609717,0.19084080762929329,-1.513258187605826,-1.1931085566160113,0.6014167670256413,-1.3614650751723478,0.9545537165632137,0
-0.30993129292169125,-0.06556468168733408,1.12252363252126,1.090263229965003,0.43615718282562105,1.159645216768088,-1.1931085566160113,0.6014167670256413,0.269333595094603,0.8425842478969815,0
-1.8725772520655304,-0.06556468168733408,-0.030704704472457878,-0.015620609228609717,0.06818262003112939,-0.29830209470859204,-1.1931085566160113,-1.6627404735414788,-1.3614650751723478,-1.0608967194289673,0
0.3151270907358449,-0.06556468168733408,-0.030704704472457878,-0.015620609228609717,0.31349899522745717,0.43067156102974796,-1.1931085566160113,0.6014167670256413,-0.21031307263097082,-0.948927250762735,0
0.9401854743933811,-0.06556468168733408,-0.030704704472457878,-0.015620609228609717,-0.2997919427633623,0.673662779609194,0.8381467004446593,0.6014167670256413,1.2286269305457505,0.618645310564517,1
-0.30993129292169125,-0.06556468168733408,-1.1839330414661757,-1.1215044484222225,-1.4037156311468373,-0.5412933132880401,-1.1931085566160113,0.6014167670256413,1.2286269305457505,-0.8369577820965027,0
0.9401854743933811,1.4373506578504092,1.12252363252126,1.090263229965003,0.6814735580219489,1.159645216768088,0.8381467004446593,-1.6627404735414788,1.3245562640908652,1.5144010598943751,0
0.15886249482146017,1.4373506578504092,1.12252363252126,1.090263229965003,1.2947644960127682,1.159645216768088,0.8381467004446593,-1.6627404735414788,1.1326975970006357,1.4024315912281429,0
1.5652438580509145,1.4373506578504092,1.12252363252126,1.090263229965003,1.2947644960127682,1.159645216768088,0.8381467004446593,0.6014167670256413,1.3245562640908652,0.7306147792307492,1
1.2527146662221478,1.4373506578504092,1.12252363252126,1.090263229965003,1.2947644960127682,1.159645216768088,0.8381467004446593,0.6014167670256413,1.1326975970006357,0.8425842478969815,1
1.4089792621365311,-0.06556468168733408,1.12252363252126,1.090263229965003,1.2947644960127682,0.916653998188642,0.8381467004446593,0.6014167670256413,-0.11438373908585606,1.0665231852294461,1
0.9401854743933811,-0.06556468168733408,-0.030704704472457878,1.090263229965003,1.2947644960127682,1.159645216768088,0.8381467004446593,0.6014167670256413,1.9960615989066686,1.0665231852294461,1
1.2527146662221478,1.4373506578504092,1.12252363252126,1.090263229965003,1.2947644960127682,-0.055310876129146085,0.8381467004446593,0.6014167670256413,0.9408389299104063,0.9545537165632137,1
0.9401854743933811,1.4373506578504092,1.12252363252126,1.090263229965003,1.2947644960127682,1.159645216768088,0.8381467004446593,0.6014167670256413,1.3245562640908652,1.1784926538956784,1
-1.8725772520655304,-0.06556468168733408,-1.1839330414661757,-1.1215044484222225,-1.771690193941329,-0.055310876129146085,-1.1931085566160113,-1.6627404735414788,-1.0736770745370037,-0.6130188447640381,0
0.3151270907358449,-1.5684800212250773,-1.1839330414661757,-1.1215044484222225,-1.2810574435486735,-0.29830209470859204,-1.1931085566160113,0.6014167670256413,-0.8818184074467741,-0.948927250762735,0
-0.30993129292169125,-0.06556468168733408,-1.1839330414661757,-1.1215044484222225,-0.667766505557854,0.916653998188642,-1.1931085566160113,-1.6627404735414788,-1.3614650751723478,-1.1728661880951996,0
-1.4037834643223788,-0.06556468168733408,-0.030704704472457878,-1.1215044484222225,0.43615718282562105,-0.055310876129146085,-1.1931085566160113,-1.6627404735414788,-1.1696064080821185,-1.1728661880951996,0
1.2527146662221478,-0.06556468168733408,-0.030704704472457878,-0.015620609228609717,-0.7904246931560178,-0.29830209470859204,0.8381467004446593,0.6014167670256413,0.653050929275062,1.5144010598943751,0
-0.4661958888360746,-0.06556468168733408,-0.030704704472457878,-0.015620609228609717,1.2947644960127682,-0.055310876129146085,-1.1931085566160113,0.6014167670256413,-1.265535741627233,-0.6130188447640381,0
1.2527146662221478,-1.5684800212250773,-1.1839330414661757,-1.1215044484222225,-0.667766505557854,-0.055310876129146085,-1.1931085566160113,0.6014167670256413,-0.11438373908585606,0.9545537165632137,0
0.7839208784789949,1.4373506578504092,1.12252363252126,1.090263229965003,0.8041317456201127,0.916653998188642,0.8381467004446593,0.6014167670256413,1.5164149311810948,1.5144010598943751,1
-0.30993129292169125,-0.06556468168733408,-0.030704704472457878,-1.1215044484222225,-0.1771337551651984,0.18768034245030202,0.8381467004446593,0.6014167670256413,-0.21031307263097082,-1.396805125427664,1
-1.8725772520655304,1.4373506578504092,-1.1839330414661757,-1.1215044484222225,-1.2810574435486735,-1.513258187605826,-1.1931085566160113,-1.6627404735414788,-1.3614650751723478,-0.7249883134302705,0
0.3151270907358449,-1.5684800212250773,-1.1839330414661757,-1.1215044484222225,0.06818262003112939,0.43067156102974796,0.8381467004446593,0.6014167670256413,-1.0736770745370037,0.7306147792307492,1
-1.4037834643223788,-0.06556468168733408,-0.030704704472457878,-1.1215044484222225,0.31349899522745717,-0.784284531867486,-1.1931085566160113,0.6014167670256413,0.653050929275062,1.4024315912281429,0
0.47139168665022824,1.4373506578504092,-0.030704704472457878,1.090263229965003,0.9267899332182766,1.159645216768088,0.8381467004446593,-1.6627404735414788,1.2286269305457505,0.9545537165632137,1
-1.8725772520655304,-0.06556468168733408,-0.030704704472457878,-0.015620609228609717,-1.0357410683523456,-0.055310876129146085,-1.1931085566160113,0.6014167670256413,-1.3614650751723478,-0.5010493760978059,0
-1.0912542724936107,-0.06556468168733408,1.12252363252126,-0.015620609228609717,1.2947644960127682,0.916653998188642,0.8381467004446593,0.6014167670256413,0.4611922621848325,-1.6207440627601286,0
-0.30993129292169125,-0.06556468168733408,-1.1839330414661757,-1.1215044484222225,-0.5451083179596901,-1.7562494061852731,-1.1931085566160113,-1.6627404735414788,-1.3614650751723478,-1.396805125427664,0
1.7215084539653005,-0.06556468168733408,1.12252363252126,-1.1215044484222225,1.0494481208164406,0.18768034245030202,-1.1931085566160113,0.6014167670256413,0.1734042615494882,0.8425842478969815,0
0.9401854743933811,-0.06556468168733408,-0.030704704472457878,1.090263229965003,0.31349899522745717,0.43067156102974796,-1.1931085566160113,0.6014167670256413,0.3652629286397177,-0.948927250762735,0
-1.716312656151147,-1.5684800212250773,-1.1839330414661757,1.090263229965003,-0.9130828807541818,-0.5412933132880401,-1.1931085566160113,0.6014167670256413,1.42048559763598,-0.5010493760978059,0
-0.9349896765792275,1.4373506578504092,1.12252363252126,1.090263229965003,1.2947644960127682,0.18768034245030202,0.8381467004446593,0.6014167670256413,0.7489802628201767,1.4024315912281429,1
-1.8725772520655304,-0.06556468168733408,-1.1839330414661757,-1.1215044484222225,-1.2810574435486735,-1.513258187605826,-1.1931085566160113,0.6014167670256413,0.9408389299104063,-0.8369577820965027,0
0.7839208784789949,-0.06556468168733408,1.12252363252126,1.090263229965003,1.2947644960127682,0.916653998188642,0.8381467004446593,0.6014167670256413,-0.0184544055407413,1.0665231852294461,1
1.2527146662221478,1.4373506578504092,1.12252363252126,1.090263229965003,1.2947644960127682,1.159645216768088,0.8381467004446593,-1.6627404735414788,0.8449095963652915,0.7306147792307492,1
-0.30993129292169125,-0.06556468168733408,1.12252363252126,-1.1215044484222225,0.31349899522745717,0.43067156102974796,0.8381467004446593,0.6014167670256413,0.4611922621848325,0.618645310564517,1
0.47139168665022824,1.4373506578504092,1.12252363252126,1.090263229965003,1.2947644960127682,0.916653998188642,0.8381467004446593,0.6014167670256413,1.2286269305457505,1.2904621225619106,1
0.9401854743933811,1.4373506578504092,-1.1839330414661757,-0.015620609228609717,0.43615718282562105,0.43067156102974796,0.8381467004446593,0.6014167670256413,1.2286269305457505,1.2904621225619106,0
0.3151270907358449,-1.5684800212250773,1.12252363252126,1.090263229965003,0.06818262003112939,0.916653998188642,0.8381467004446593,0.6014167670256413,0.7489802628201767,0.9545537165632137,1
-1.8725772520655304,-0.06556468168733408,-1.1839330414661757,-0.015620609228609717,-1.0357410683523456,0.43067156102974796,-1.1931085566160113,-1.6627404735414788,-1.3614650751723478,-0.05317150143287675,0
-1.716312656151147,-0.06556468168733408,-1.1839330414661757,-1.1215044484222225,-0.1771337551651984,-0.055310876129146085,-1.1931085566160113,0.6014167670256413,1.3245562640908652,-0.5010493760978059,0
-1.5600480602367621,1.4373506578504092,-1.1839330414661757,-0.015620609228609717,-0.2997919427633623,0.43067156102974796,0.8381467004446593,0.6014167670256413,-0.4981010732663151,-1.396805125427664,0
-1.716312656151147,-0.06556468168733408,-0.030704704472457878,1.090263229965003,0.43615718282562105,0.673662779609194,0.8381467004446593,0.6014167670256413,1.2286269305457505,-0.5010493760978059,0
1.0964500703077644,1.4373506578504092,1.12252363252126,-0.015620609228609717,1.1721063084146044,1.159645216768088,0.8381467004446593,0.6014167670256413,1.1326975970006357,-0.8369577820965027,1
0.7839208784789949,-0.06556468168733408,-0.030704704472457878,-1.1215044484222225,0.43615718282562105,-0.5412933132880401,-1.1931085566160113,0.6014167670256413,-1.0736770745370037,1.1784926538956784,0
0.0025978989070768233,-1.5684800212250773,-0.030704704472457878,1.090263229965003,-1.2810574435486735,0.18768034245030202,0.8381467004446593,0.6014167670256413,1.2286269305457505,1.0665231852294461,0
-1.5600480602367621,-0.06556468168733408,-1.1839330414661757,-0.015620609228609717,-2.3849811319321486,-0.5412933132880401,-1.1931085566160113,0.6014167670256413,-1.3614650751723478,-0.5010493760978059,0
-1.8725772520655304,-0.06556468168733408,-1.1839330414661757,-0.015620609228609717,-0.5451083179596901,0.43067156102974796,-1.1931085566160113,-1.6627404735414788,-1.3614650751723478,-1.0608967194289673,0
1.5652438580509145,1.4373506578504092,1.12252363252126,-1.1215044484222225,0.8041317456201127,1.159645216768088,0.8381467004446593,0.6014167670256413,0.07747492800437346,0.618645310564517,1
0.3151270907358449,-1.5684800212250773,1.12252363252126,1.090263229965003,1.1721063084146044,0.916653998188642,0.8381467004446593,0.6014167670256413,0.8449095963652915,0.8425842478969815,1
-0.15366669700730792,-0.06556468168733408,1.12252363252126,1.090263229965003,1.2947644960127682,-0.055310876129146085,0.8381467004446593,0.6014167670256413,-1.3614650751723478,1.2904621225619106,1
1.0964500703077644,-0.06556468168733408,-1.1839330414661757,1.090263229965003,0.6814735580219489,1.159645216768088,0.8381467004446593,0.6014167670256413,0.5571215957299472,1.0665231852294461,1
-1.8725772520655304,1.4373506578504092,1.12252363252126,-1.1215044484222225,0.31349899522745717,-0.055310876129146085,-1.1931085566160113,0.6014167670256413,-1.265535741627233,-0.5010493760978059,0
0.0025978989070768233,1.4373506578504092,-0.030704704472457878,1.090263229965003,1.2947644960127682,1.159645216768088,0.8381467004446593,0.6014167670256413,0.9408389299104063,0.9545537165632137,1
-1.247518868407994,-1.5684800212250773,-1.1839330414661757,-0.015620609228609717,0.8041317456201127,-1.2702669690263801,-1.1931085566160113,0.6014167670256413,-1.3614650751723478,-0.5010493760978059,1
-0.6224604847504593,-0.06556468168733408,-1.1839330414661757,2.1961470691586156,0.43615718282562105,0.43067156102974796,0.8381467004446593,0.6014167670256413,-0.4981010732663151,0.17076743589958782,1
1.0964500703077644,1.4373506578504092,1.12252363252126,1.090263229965003,1.2947644960127682,1.159645216768088,0.8381467004446593,0.6014167670256413,-0.0184544055407413,0.9545537165632137,1
-0.30993129292169125,-0.06556468168733408,-1.1839330414661757,-1.1215044484222225,0.5588153704237849,-0.29830209470859204,-1.1931085566160113,0.6014167670256413,-1.265535741627233,-0.6130188447640381,0
-0.30993129292169125,-0.06556468168733408,-0.030704704472457878,-1.1215044484222225,0.19084080762929329,1.159645216768088,0.8381467004446593,0.6014167670256413,-1.3614650751723478,0.5066758418982846,0
-1.716312656151147,-0.06556468168733408,-1.1839330414661757,-1.1215044484222225,-1.4037156311468373,0.673662779609194,-1.1931085566160113,-1.6627404735414788,-1.1696064080821185,-0.2771104387653413,0
0.47139168665022824,1.4373506578504092,1.12252363252126,1.090263229965003,1.0494481208164406,1.159645216768088,0.8381467004446593,0.6014167670256413,0.1734042615494882,0.9545537165632137,1
0.0025978989070768233,-0.06556468168733408,-0.030704704472457878,1.090263229965003,0.6814735580219489,1.159645216768088,0.8381467004446593,0.6014167670256413,1.7082735982713242,1.2904621225619106,1
0.0025978989070768233,-1.5684800212250773,-0.030704704472457878,-1.1215044484222225,-1.526373818745001,-1.0272757504469332,-1.1931085566160113,-1.6627404735414788,-1.3614650751723478,-1.0608967194289673,0
0.47139168665022824,-0.06556468168733408,-1.1839330414661757,-0.015620609228609717,-0.2997919427633623,-1.513258187605826,0.8381467004446593,0.6014167670256413,0.3652629286397177,-0.6130188447640381,0
0.15886249482146017,-0.06556468168733408,-0.030704704472457878,-1.1215044484222225,-0.5451083179596901,0.43067156102974796,-1.1931085566160113,0.6014167670256413,-1.3614650751723478,-0.3890799074315736,1
0.47139168665022824,1.4373506578504092,1.12252363252126,-1.1215044484222225,1.2947644960127682,1.159645216768088,-1.1931085566160113,0.6014167670256413,-0.4021717397212003,1.2904621225619106,0
0.3151270907358449,-1.5684800212250773,-1.1839330414661757,-1.1215044484222225,-1.4037156311468373,-0.5412933132880401,-1.1931085566160113,0.6014167670256413,-1.3614650751723478,-1.0608967194289673,0
-0.15366669700730792,-0.06556468168733408,1.12252363252126,1.090263229965003,0.6814735580219489,0.18768034245030202,0.8381467004446593,0.6014167670256413,-0.0184544055407413,-1.5087745940938964,1
-1.4037834643223788,-0.06556468168733408,-0.030704704472457878,-0.015620609228609717,-1.0357410683523456,-1.513258187605826,-1.1931085566160113,0.6014167670256413,-1.265535741627233,-1.396805125427664,0
-0.4661958888360746,-0.06556468168733408,-1.1839330414661757,-1.1215044484222225,-0.4224501303615262,-2.2422318433441673,-1.1931085566160113,-1.6627404735414788,-0.5940304068114298,-1.396805125427664,0
0.6276562825646116,1.4373506578504092,-1.1839330414661757,2.1961470691586156,-0.1771337551651984,-0.29830209470859204,0.8381467004446593,0.6014167670256413,-0.6899597403565446,-0.8369577820965027,1
0.9401854743933811,-0.06556468168733408,-0.030704704472457878,2.1961470691586156,0.31349899522745717,-1.513258187605826,-1.1931085566160113,0.6014167670256413,-0.0184544055407413,1.0665231852294461,0
0.7839208784789949,-0.06556468168733408,1.12252363252126,-1.1215044484222225,0.06818262003112939,0.916653998188642,0.8381467004446593,0.6014167670256413,0.5571215957299472,0.8425842478969815,1
-1.716312656151147,-1.5684800212250773,-0.030704704472457878,-1.1215044484222225,-1.8943483815394928,0.673662779609194,0.8381467004446593,-1.6627404735414788,-0.9777477409918889,-1.2848356567614319,0
1.0964500703077644,-1.5684800212250773,1.12252363252126,2.1961470691586156,0.6814735580219489,1.159645216768088,0.8381467004446593,0.6014167670256413,-0.5940304068114298,-0.6130188447640381,1
-0.4661958888360746,-1.5684800212250773,-1.1839330414661757,-1.1215044484222225,-0.0544755675670345,-1.2702669690263801,-1.1931085566160113,-1.6627404735414788,-1.3614650751723478,-0.8369577820965027,0
0.3151270907358449,-0.06556468168733408,-1.1839330414661757,-1.1215044484222225,-0.667766505557854,0.43067156102974796,0.8381467004446593,0.6014167670256413,-1.265535741627233,-0.5010493760978059,1
-1.8725772520655304,-0.06556468168733408,-1.1839330414661757,-0.015620609228609717,-2.3849811319321486,-0.784284531867486,-1.1931085566160113,-1.6627404735414788,-1.3614650751723478,-0.05317150143287675,0
0.3151270907358449,-0.06556468168733408,1.12252363252126,1.090263229965003,1.2947644960127682,0.43067156102974796,0.8381467004446593,0.6014167670256413,1.7082735982713242,1.1784926538956784,1
-0.4661958888360746,-0.06556468168733408,-1.1839330414661757,-1.1215044484222225,-2.3849811319321486,-1.513258187605826,-1.1931085566160113,-1.6627404735414788,-0.5940304068114298,-1.1728661880951996,0
0.6276562825646116,-1.5684800212250773,1.12252363252126,1.090263229965003,1.2947644960127682,1.159645216768088,0.8381467004446593,0.6014167670256413,0.9408389299104063,1.2904621225619106,1
-0.6224604847504593,-1.5684800212250773,1.12252363252126,-1.1215044484222225,-0.9130828807541818,0.18768034245030202,-1.1931085566160113,-1.6627404735414788,-0.30624240617608556,-0.3890799074315736,0
-0.15366669700730792,-0.06556468168733408,-1.1839330414661757,-1.1215044484222225,-1.6490320063431652,-0.5412933132880401,-1.1931085566160113,-1.6627404735414788,-0.21031307263097082,-0.16514097009910902,0
0.9401854743933811,1.4373506578504092,1.12252363252126,1.090263229965003,1.2947644960127682,1.159645216768088,0.8381467004446593,0.6014167670256413,1.9960615989066686,1.1784926538956784,1
-1.716312656151147,-0.06556468168733408,-1.1839330414661757,-1.1215044484222225,-0.4224501303615262,0.18768034245030202,-1.1931085566160113,-1.6627404735414788,-0.9777477409918889,-0.5010493760978059,0
0.3151270907358449,-0.06556468168733408,-0.030704704472457878,-1.1215044484222225,-0.2997919427633623,-1.2702669690263801,0.8381467004446593,0.6014167670256413,-1.0736770745370037,0.3947063732320524,0
-0.7787250806648427,-0.06556468168733408,-0.030704704472457878,-1.1215044484222225,-0.5451083179596901,-0.29830209470859204,0.8381467004446593,0.6014167670256413,0.3652629286397177,-0.5010493760978059,1
-0.4661958888360746,-0.06556468168733408,-1.1839330414661757,-1.1215044484222225,-0.667766505557854,0.18768034245030202,0.8381467004446593,0.6014167670256413,0.1734042615494882,0.7306147792307492,1
-0.30993129292169125,-0.06556468168733408,-1.1839330414661757,-0.015620609228609717,-1.526373818745001,0.43067156102974796,-1.1931085566160113,-1.6627404735414788,-1.3614650751723478,-1.5087745940938964,0
-0.4661958888360746,-0.06556468168733408,-1.1839330414661757,-1.1215044484222225,-1.2810574435486735,-0.784284531867486,-1.1931085566160113,0.6014167670256413,-0.4981010732663151,-0.05317150143287675,0
-1.716312656151147,-0.06556468168733408,1.12252363252126,-1.1215044484222225,-0.2997919427633623,-1.513258187605826,-1.1931085566160113,0.6014167670256413,-1.3614650751723478,-1.0608967194289673,0
-1.8725772520655304,-0.06556468168733408,-0.030704704472457878,-0.015620609228609717,-2.3849811319321486,-1.99924062476472,-1.1931085566160113,-1.6627404735414788,-0.8818184074467741,-1.0608967194289673,0
1.5652438580509145,1.4373506578504092,1.12252363252126,1.090263229965003,1.2947644960127682,1.159645216768088,0.8381467004446593,0.6014167670256413,1.036768263455521,0.5066758418982846,1
-0.30993129292169125,-0.06556468168733408,-1.1839330414661757,-1.1215044484222225,-0.9130828807541818,-0.5412933132880401,-1.1931085566160113,-1.6627404735414788,-1.3614650751723478,-0.2771104387653413,0
0.6276562825646116,-0.06556468168733408,-1.1839330414661757,1.090263229965003,-0.2997919427633623,1.159645216768088,0.8381467004446593,0.6014167670256413,0.3652629286397177,1.4024315912281429,1
-0.4661958888360746,-0.06556468168733408,1.12252363252126,-0.015620609228609717,-0.1771337551651984,-1.0272757504469332,-1.1931085566160113,0.6014167670256413,-1.3614650751723478,-0.3890799074315736,0
1.2527146662221478,-1.5684800212250773,-1.1839330414661757,-1.1215044484222225,-0.7904246931560178,-0.055310876129146085,0.8381467004446593,0.6014167670256413,0.3652629286397177,-0.8369577820965027,0
0.15886249482146017,-0.06556468168733408,-1.1839330414661757,-1.1215044484222225,-0.667766505557854,0.43067156102974796,0.8381467004446593,-1.6627404735414788,1.2286269305457505,-0.6130188447640381,1
0.3151270907358449,-0.06556468168733408,1.12252363252126,2.1961470691586156,-0.2997919427633623,-0.055310876129146085,-1.1931085566160113,-1.6627404735414788,-0.8818184074467741,-0.05317150143287675,0
0.15886249482146017,1.4373506578504092,1.12252363252126,1.090263229965003,1.2947644960127682,1.159645216768088,0.8381467004446593,0.6014167670256413,-0.11438373908585606,0.9545537165632137,1
0.9401854743933811,-0.06556468168733408,1.12252363252126,1.090263229965003,1.2947644960127682,1.159645216768088,0.8381467004446593,0.6014167670256413,0.1734042615494882,1.0665231852294461,1
-0.15366669700730792,-0.06556468168733408,-1.1839330414661757,-1.1215044484222225,-1.2810574435486735,0.43067156102974796,-1.1931085566160113,-1.6627404735414788,0.3652629286397177,-0.3890799074315736,0
-1.4037834643223788,-1.5684800212250773,-1.1839330414661757,-0.015620609228609717,-2.017006569137657,-1.513258187605826,0.8381467004446593,-1.6627404735414788,-0.5940304068114298,-1.0608967194289673,0
-1.8725772520655304,-0.06556468168733408,-0.030704704472457878,-0.015620609228609717,-0.1771337551651984,-1.2702669690263801,-1.1931085566160113,-1.6627404735414788,-1.3614650751723478,-1.396805125427664,0
-1.8725772520655304,-0.06556468168733408,-0.030704704472457878,-1.1215044484222225,-2.017006569137657,-0.055310876129146085,-1.1931085566160113,-1.6627404735414788,1.2286269305457505,0.8425842478969815,0
1.0964500703077644,1.4373506578504092,1.12252363252126,-1.1215044484222225,-0.0544755675670345,0.673662779609194,0.8381467004446593,-1.6627404735414788,-1.1696064080821185,-1.0608967194289673,0
-1.4037834643223788,1.4373506578504092,-0.030704704472457878,1.090263229965003,0.06818262003112939,0.673662779609194,-1.1931085566160113,0.6014167670256413,-0.7858890739016593,-0.6130188447640381,0
1.0964500703077644,1.4373506578504092,1.12252363252126,1.090263229965003,-0.2997919427633623,0.43067156102974796,0.8381467004446593,0.6014167670256413,0.4611922621848325,0.9545537165632137,0
0.0025978989070768233,1.4373506578504092,-1.1839330414661757,-0.015620609228609717,-0.0544755675670345,0.673662779609194,0.8381467004446593,0.6014167670256413,1.9001322653615538,1.4024315912281429,1
-1.716312656151147,-0.06556468168733408,-1.1839330414661757,-1.1215044484222225,-1.1583992559505094,-0.5412933132880401,-1.1931085566160113,-1.6627404735414788,-1.3614650751723478,-0.8369577820965027,0
1.5652438580509145,-1.5684800212250773,1.12252363252126,-1.1215044484222225,0.6814735580219489,0.43067156102974796,0.8381467004446593,0.6014167670256413,0.7489802628201767,-1.0608967194289673,1
1.2527146662221478,-1.5684800212250773,1.12252363252126,-1.1215044484222225,1.2947644960127682,1.159645216768088,0.8381467004446593,0.6014167670256413,0.9408389299104063,0.8425842478969815,1
1.2527146662221478,1.4373506578504092,-0.030704704472457878,2.1961470691586156,-1.526373818745001,0.673662779609194,0.8381467004446593,-1.6627404735414788,-1.0736770745370037,0.618645310564517,0
-0.4661958888360746,-0.06556468168733408,1.12252363252126,-1.1215044484222225,1.0494481208164406,-0.29830209470859204,0.8381467004446593,0.6014167670256413,-1.3614650751723478,-0.05317150143287675,0
-1.0912542724936107,-0.06556468168733408,-1.1839330414661757,1.090263229965003,-1.1583992559505094,1.159645216768088,0.8381467004446593,0.6014167670256413,0.07747492800437346,1.5144010598943751,0
-0.4661958888360746,-0.06556468168733408,-0.030704704472457878,-1.1215044484222225,-0.1771337551651984,0.673662779609194,-1.1931085566160113,-1.6627404735414788,0.8449095963652915,-1.0608967194289673,0
-0.9349896765792275,-0.06556468168733408,-1.1839330414661757,-1.1215044484222225,-1.2810574435486735,-1.7562494061852731,0.8381467004446593,0.6014167670256413,-1.3614650751723478,-0.5010493760978059,0
-1.716312656151147,-0.06556468168733408,-0.030704704472457878,-1.1215044484222225,-2.3849811319321486,0.916653998188642,0.8381467004446593,0.6014167670256413,-1.3614650751723478,-0.6130188447640381,0
1.0964500703077644,-0.06556468168733408,-0.030704704472457878,2.1961470691586156,1.2947644960127682,0.916653998188642,0.8381467004446593,0.6014167670256413,1.42048559763598,-0.3890799074315736,1
-1.8725772520655304,-0.06556468168733408,-1.1839330414661757,1.090263229965003,0.06818262003112939,-0.055310876129146085,-1.1931085566160113,0.6014167670256413,0.07747492800437346,0.2827369045658201,0
1.7215084539653005,-0.06556468168733408,1.12252363252126,1.090263229965003,-0.667766505557854,-0.055310876129146085,0.8381467004446593,0.6014167670256413,0.1734042615494882,0.5066758418982846,1
-0.15366669700730792,-0.06556468168733408,-0.030704704472457878,1.090263229965003,0.9267899332182766,1.159645216768088,0.8381467004446593,0.6014167670256413,1.9960615989066686,0.17076743589958782,0
-0.7787250806648427,-0.06556468168733408,1.12252363252126,1.090263229965003,0.5588153704237849,0.18768034245030202,0.8381467004446593,0.6014167670256413,1.804202931816439,1.1784926538956784,0
0.15886249482146017,-0.06556468168733408,-1.1839330414661757,-1.1215044484222225,0.6814735580219489,-0.5412933132880401,-1.1931085566160113,0.6014167670256413,-1.3614650751723478,-0.7249883134302705,0
-1.8725772520655304,-1.5684800212250773,-0.030704704472457878,-1.1215044484222225,1.2947644960127682,0.43067156102974796,-1.1931085566160113,-1.6627404735414788,-1.3614650751723478,-1.1728661880951996,0
1.0964500703077644,1.4373506578504092,1.12252363252126,1.090263229965003,1.2947644960127682,0.916653998188642,0.8381467004446593,0.6014167670256413,0.4611922621848325,1.0665231852294461,1
-0.30993129292169125,-1.5684800212250773,1.12252363252126,1.090263229965003,1.2947644960127682,0.916653998188642,0.8381467004446593,0.6014167670256413,0.1734042615494882,1.1784926538956784,1
1.0964500703077644,-0.06556468168733408,1.12252363252126,1.090263229965003,1.2947644960127682,-0.055310876129146085,0.8381467004446593,0.6014167670256413,1.42048559763598,0.618645310564517,1
0.15886249482146017,1.4373506578504092,-1.1839330414661757,-0.015620609228609717,-0.667766505557854,-1.7562494061852731,0.8381467004446593,0.6014167670256413,-1.1696064080821185,-0.2771104387653413,0
-1.5600480602367621,-0.06556468168733408,-1.1839330414661757,-0.015620609228609717,-1.526373818745001,-1.513258187605826,-1.1931085566160113,-1.6627404735414788,-1.265535741627233,-1.1728661880951996,0
1.4089792621365311,-0.06556468168733408,-0.030704704472457878,-0.015620609228609717,-0.7904246931560178,0.916653998188642,0.8381467004446593,0.6014167670256413,0.653050929275062,-0.948927250762735,0
1.4089792621365311,-0.06556468168733408,1.12252363252126,1.090263229965003,1.2947644960127682,0.673662779609194,0.8381467004446593,0.6014167670256413,1.5164149311810948,1.0665231852294461,1
-1.716312656151147,-1.5684800212250773,-1.1839330414661757,-1.1215044484222225,-1.4037156311468373,1.159645216768088,-1.1931085566160113,-1.6627404735414788,-1.3614650751723478,-0.3890799074315736,1
-0.15366669700730792,-1.5684800212250773,-1.1839330414661757,-0.015620609228609717,-2.2623229443339845,-0.055310876129146085,-1.1931085566160113,-1.6627404735414788,-0.8818184074467741,-0.7249883134302705,0
-0.15366669700730792,-1.5684800212250773,-1.1839330414661757,-1.1215044484222225,-0.7904246931560178,-1.2702669690263801,0.8381467004446593,-1.6627404735414788,-1.3614650751723478,-1.732713531426361,1
0.0025978989070768233,-0.06556468168733408,-0.030704704472457878,-0.015620609228609717,-0.1771337551651984,0.673662779609194,-1.1931085566160113,0.6014167670256413,-1.3614650751723478,-1.6207440627601286,0
-0.15366669700730792,-0.06556468168733408,-0.030704704472457878,-0.015620609228609717,-0.5451083179596901,0.916653998188642,0.8381467004446593,0.6014167670256413,0.4611922621848325,-0.7249883134302705,0
-0.30993129292169125,-0.06556468168733408,1.12252363252126,-1.1215044484222225,-1.1583992559505094,-0.29830209470859204,-1.1931085566160113,0.6014167670256413,-0.8818184074467741,-0.7249883134302705,0
0.3151270907358449,-0.06556468168733408,1.12252363252126,-0.015620609228609717,-0.5451083179596901,-1.513258187605826,-1.1931085566160113,0.6014167670256413,-0.6899597403565446,-1.0608967194289673,0
1.0964500703077644,1.4373506578504092,1.12252363252126,2.1961470691586156,0.31349899522745717,0.43067156102974796,0.8381467004446593,-1.6627404735414788,1.2286269305457505,1.1784926538956784,1
-0.4661958888360746,-1.5684800212250773,-0.030704704472457878,-0.015620609228609717,-0.4224501303615262,-0.5412933132880401,-1.1931085566160113,-1.6627404735414788,-0.8818184074467741,-0.6130188447640381,0
1.0964500703077644,-0.06556468168733408,1.12252363252126,-1.1215044484222225,1.2947644960127682,0.916653998188642,0.8381467004446593,0.6014167670256413,0.4611922621848325,0.9545537165632137,1
-0.6224604847504593,-1.5684800212250773,-1.1839330414661757,-0.015620609228609717,0.06818262003112939,-1.7562494061852731,-1.1931085566160113,0.6014167670256413,-0.6899597403565446,-1.0608967194289673,0
0.6276562825646116,-1.5684800212250773,1.12252363252126,1.090263229965003,-0.2997919427633623,1.159645216768088,-1.1931085566160113,-1.6627404735414788,-0.6899597403565446,0.7306147792307492,0
-0.15366669700730792,-1.5684800212250773,1.12252363252126,1.090263229965003,1.2947644960127682,0.916653998188642,0.8381467004446593,0.6014167670256413,1.036768263455521,-0.6130188447640381,1
-0.15366669700730792,-0.06556468168733408,-1.1839330414661757,-0.015620609228609717,-2.017006569137657,0.43067156102974796,-1.1931085566160113,-1.6627404735414788,0.07747492800437346,-1.2848356567614319,0
0.0025978989070768233,-0.06556468168733408,-1.1839330414661757,-1.1215044484222225,-1.2810574435486735,0.18768034245030202,-1.1931085566160113,-1.6627404735414788,-1.3614650751723478,-0.6130188447640381,0
0.3151270907358449,-0.06556468168733408,-1.1839330414661757,-1.1215044484222225,-1.1583992559505094,-0.055310876129146085,0.8381467004446593,0.6014167670256413,0.3652629286397177,-0.7249883134302705,0
-1.4037834643223788,1.4373506578504092,1.12252363252126,-1.1215044484222225,0.31349899522745717,0.916653998188642,0.8381467004446593,0.6014167670256413,1.6123442647262096,0.7306147792307492,1
0.15886249482146017,-1.5684800212250773,-0.030704704472457878,-0.015620609228609717,-1.6490320063431652,-1.7562494061852731,-1.1931085566160113,0.6014167670256413,1.5164149311810948,-0.948927250762735,0
0.47139168665022824,1.4373506578504092,-0.030704704472457878,-0.015620609228609717,0.31349899522745717,-1.0272757504469332,0.8381467004446593,0.6014167670256413,-0.5940304068114298,-0.7249883134302705,0
-0.4661958888360746,1.4373506578504092,-0.030704704472457878,-1.1215044484222225,-1.4037156311468373,-1.2702669690263801,-1.1931085566160113,0.6014167670256413,-1.3614650751723478,-0.948927250762735,0
1.5652438580509145,-0.06556468168733408,1.12252363252126,-0.015620609228609717,1.2947644960127682,0.916653998188642,0.8381467004446593,0.6014167670256413,1.3245562640908652,1.5144010598943751,1
-1.5600480602367621,-1.5684800212250773,1.12252363252126,1.090263229965003,0.8041317456201127,1.159645216768088,0.8381467004446593,0.6014167670256413,-0.21031307263097082,-0.16514097009910902,1
-0.4661958888360746,-1.5684800212250773,-1.1839330414661757,-0.015620609228609717,-1.2810574435486735,-1.99924062476472,-1.1931085566160113,0.6014167670256413,-1.1696064080821185,1.1784926538956784,0
0.7839208784789949,-1.5684800212250773,-1.1839330414661757,-1.1215044484222225,-0.4224501303615262,0.18768034245030202,0.8381467004446593,0.6014167670256413,-1.265535741627233,0.7306147792307492,0
-1.8725772520655304,-1.5684800212250773,1.12252363252126,-0.015620609228609717,-1.2810574435486735,0.43067156102974796,-1.1931085566160113,-1.6627404735414788,-1.1696064080821185,-1.2848356567614319,0
1.0964500703077644,1.4373506578504092,1.12252363252126,1.090263229965003,1.2947644960127682,1.159645216768088,0.8381467004446593,0.6014167670256413,1.42048559763598,1.5144010598943751,1
0.7839208784789949,-0.06556468168733408,-1.1839330414661757,1.090263229965003,-1.2810574435486735,0.673662779609194,0.8381467004446593,0.6014167670256413,1.1326975970006357,-1.0608967194289673,1
1.0964500703077644,-0.06556468168733408,1.12252363252126,1.090263229965003,1.2947644960127682,1.159645216768088,0.8381467004446593,0.6014167670256413,1.2286269305457505,1.4024315912281429,1
1.2527146662221478,1.4373506578504092,1.12252363252126,1.090263229965003,0.5588153704237849,1.159645216768088,0.8381467004446593,0.6014167670256413,1.6123442647262096,1.5144010598943751,1
0.7839208784789949,1.4373506578504092,1.12252363252126,-1.1215044484222225,-0.4224501303615262,-1.0272757504469332,0.8381467004446593,0.6014167670256413,0.5571215957299472,-0.948927250762735,0
1.4089792621365311,-0.06556468168733408,1.12252363252126,1.090263229965003,1.2947644960127682,1.159645216768088,0.8381467004446593,0.6014167670256413,0.1734042615494882,0.5066758418982846,1
-0.30993129292169125,-0.06556468168733408,-0.030704704472457878,-1.1215044484222225,-0.1771337551651984,-2.2422318433441673,0.8381467004446593,0.6014167670256413,-1.3614650751723478,-1.0608967194289673,0
1.4089792621365311,-1.5684800212250773,-1.1839330414661757,-1.1215044484222225,0.31349899522745717,0.673662779609194,-1.1931085566160113,-1.6627404735414788,0.1734042615494882,-1.0608967194289673,0
-0.4661958888360746,-0.06556468168733408,-1.1839330414661757,-1.1215044484222225,-0.1771337551651984,-0.784284531867486,0.8381467004446593,0.6014167670256413,1.2286269305457505,-0.8369577820965027,1
-1.247518868407994,-1.5684800212250773,-0.030704704472457878,-1.1215044484222225,-0.7904246931560178,-0.055310876129146085,-1.1931085566160113,-1.6627404735414788,1.036768263455521,-0.948927250762735,0
0.9401854743933811,-0.06556468168733408,1.12252363252126,1.090263229965003,0.31349899522745717,0.673662779609194,0.8381467004446593,-1.6627404735414788,1.036768263455521,0.7306147792307492,0
-0.6224604847504593,-0.06556468168733408,-0.030704704472457878,-1.1215044484222225,-1.2810574435486735,-1.513258187605826,-1.1931085566160113,0.6014167670256413,-1.3614650751723478,-0.7249883134302705,0
1.5652438580509145,-0.06556468168733408,1.12252363252126,2.1961470691586156,0.9267899332182766,0.916653998188642,0.8381467004446593,0.6014167670256413,-0.11438373908585606,1.0665231852294461,1
0.6276562825646116,1.4373506578504092,1.12252363252126,1.090263229965003,1.2947644960127682,1.159645216768088,0.8381467004446593,0.6014167670256413,0.4611922621848325,1.5144010598943751,1
0.9401854743933811,1.4373506578504092,1.12252363252126,-0.015620609228609717,0.8041317456201127,0.916653998188642,-1.1931085566160113,-1.6627404735414788,1.1326975970006357,1.0665231852294461,0
1.2527146662221478,1.4373506578504092,1.12252363252126,1.090263229965003,1.2947644960127682,1.159645216768088,0.8381467004446593,0.6014167670256413,1.3245562640908652,1.2904621225619106,1
0.6276562825646116,-0.06556468168733408,-0.030704704472457878,-1.1215044484222225,-0.2997919427633623,1.159645216768088,0.8381467004446593,0.6014167670256413,1.036768263455521,1.4024315912281429,1
-0.6224604847504593,-0.06556468168733408,-1.1839330414661757,-1.1215044484222225,-1.8943483815394928,-2.7282142805030603,-1.1931085566160113,0.6014167670256413,-1.0736770745370037,-0.8369577820965027,0
0.9401854743933811,1.4373506578504092,1.12252363252126,1.090263229965003,-0.0544755675670345,0.673662779609194,0.8381467004446593,-1.6627404735414788,0.9408389299104063,0.618645310564517,0
-1.8725772520655304,-1.5684800212250773,-0.030704704472457878,1.090263229965003,-0.667766505557854,-0.055310876129146085,0.8381467004446593,0.6014167670256413,1.2286269305457505,-0.5010493760978059,0
0.15886249482146017,-0.06556468168733408,-0.030704704472457878,-1.1215044484222225,-1.0357410683523456,-1.513258187605826,0.8381467004446593,0.6014167670256413,1.2286269305457505,-1.1728661880951996,1
0.7839208784789949,-0.06556468168733408,-2.3371613784598937,-1.1215044484222225,0.5588153704237849,1.159645216768088,0.8381467004446593,0.6014167670256413,0.4611922621848325,0.8425842478969815,1
0.47139168665022824,-0.06556468168733408,-1.1839330414661757,1.090263229965003,0.19084080762929329,-1.2702669690263801,0.8381467004446593,0.6014167670256413,0.653050929275062,-0.5010493760978059,1
0.3151270907358449,1.4373506578504092,1.12252363252126,-0.015620609228609717,-1.1583992559505094,0.43067156102974796,0.8381467004446593,-1.6627404735414788,0.8449095963652915,1.5144010598943751,0
0.0025978989070768233,1.4373506578504092,-0.030704704472457878,-1.1215044484222225,0.31349899522745717,-0.055310876129146085,0.8381467004446593,-1.6627404735414788,1.9960615989066686,0.17076743589958782,0
-0.15366669700730792,-1.5684800212250773,1.12252363252126,-1.1215044484222225,-0.1771337551651984,0.43067156102974796,0.8381467004446593,0.6014167670256413,0.269333595094603,1.0665231852294461,0
0.15886249482146017,1.4373506578504092,1.12252363252126,-1.1215044484222225,0.31349899522745717,-0.055310876129146085,0.8381467004446593,0.6014167670256413,0.269333595094603,1.5144010598943751,1
-1.8725772520655304,1.4373506578504092,-0.030704704472457878,-0.015620609228609717,-2.2623229443339845,-1.99924062476472,-1.1931085566160113,-1.6627404735414788,-0.9777477409918889,-0.8369577820965027,0
0.3151270907358449,1.4373506578504092,-1.1839330414661757,-1.1215044484222225,-0.5451083179596901,-2.2422318433441673,0.8381467004446593,0.6014167670256413,-1.3614650751723478,-1.2848356567614319,0
0.3151270907358449,-0.06556468168733408,-0.030704704472457878,-1.1215044484222225,0.06818262003112939,0.43067156102974796,-1.1931085566160113,0.6014167670256413,-0.9777477409918889,-0.948927250762735,0
-0.15366669700730792,1.4373506578504092,-0.030704704472457878,1.090263229965003,0.8041317456201127,-0.29830209470859204,0.8381467004446593,0.6014167670256413,0.3652629286397177,0.9545537165632137,1
-0.15366669700730792,1.4373506578504092,-1.1839330414661757,1.090263229965003,-0.2997919427633623,-0.29830209470859204,-1.1931085566160113,-1.6627404735414788,0.5571215957299472,-0.948927250762735,0
-0.30993129292169125,1.4373506578504092,-0.030704704472457878,2.1961470691586156,-1.1583992559505094,-0.29830209470859204,0.8381467004446593,0.6014167670256413,0.1734042615494882,-0.8369577820965027,1
0.9401854743933811,-0.06556468168733408,-0.030704704472457878,1.090263229965003,0.6814735580219489,0.673662779609194,0.8381467004446593,0.6014167670256413,0.5571215957299472,1.5144010598943751,1
1.5652438580509145,1.4373506578504092,-0.030704704472457878,1.090263229965003,1.2947644960127682,0.916653998188642,0.8381467004446593,0.6014167670256413,0.653050929275062,1.1784926538956784,1
1.0964500703077644,1.4373506578504092,1.12252363252126,1.090263229965003,1.2947644960127682,1.159645216768088,0.8381467004446593,0.6014167670256413,0.3652629286397177,1.1784926538956784,1
1.7215084539653005,1.4373506578504092,-1.1839330414661757,1.090263229965003,0.6814735580219489,1.159645216768088,0.8381467004446593,0.6014167670256413,0.269333595094603,1.0665231852294461,1
-0.30993129292169125,-0.06556468168733408,-0.030704704472457878,-0.015620609228609717,-0.0544755675670345,0.43067156102974796,-1.1931085566160113,0.6014167670256413,-0.7858890739016593,-0.5010493760978059,0
-1.4037834643223788,-0.06556468168733408,-1.1839330414661757,-1.1215044484222225,-0.667766505557854,-0.784284531867486,-1.1931085566160113,-1.6627404735414788,-0.30624240617608556,-0.6130188447640381,0
-0.15366669700730792,1.4373506578504092,-1.1839330414661757,-0.015620609228609717,-0.667766505557854,-1.513258187605826,0.8381467004446593,0.6014167670256413,-0.5940304068114298,-0.5010493760978059,0
0.7839208784789949,-1.5684800212250773,1.12252363252126,1.090263229965003,-0.1771337551651984,0.43067156102974796,-1.1931085566160113,0.6014167670256413,1.804202931816439,1.0665231852294461,1
0.6276562825646116,1.4373506578504092,-0.030704704472457878,-0.015620609228609717,0.8041317456201127,0.18768034245030202,0.8381467004446593,0.6014167670256413,-1.1696064080821185,-1.0608967194289673,1
0.7839208784789949,-0.06556468168733408,-1.1839330414661757,2.1961470691586156,-0.2997919427633623,-1.7562494061852731,0.8381467004446593,0.6014167670256413,-1.0736770745370037,-0.2771104387653413,1
-0.4661958888360746,-0.06556468168733408,-1.1839330414661757,1.090263229965003,-2.017006569137657,-1.7562494061852731,-1.1931085566160113,0.6014167670256413,-0.6899597403565446,-0.2771104387653413,0
1.0964500703077644,1.4373506578504092,1.12252363252126,1.090263229965003,1.2947644960127682,1.159645216768088,0.8381467004446593,0.6014167670256413,1.5164149311810948,1.5144010598943751,1
0.47139168665022824,1.4373506578504092,1.12252363252126,1.090263229965003,1.2947644960127682,-0.055310876129146085,0.8381467004446593,0.6014167670256413,0.269333595094603,1.0665231852294461,1
0.15886249482146017,-1.5684800212250773,-0.030704704472457878,1.090263229965003,0.9267899332182766,0.673662779609194,0.8381467004446593,0.6014167670256413,1.5164149311810948,1.2904621225619106,1
0.15886249482146017,-0.06556468168733408,-0.030704704472457878,-0.015620609228609717,1.1721063084146044,1.159645216768088,0.8381467004446593,0.6014167670256413,0.07747492800437346,-0.16514097009910902,0
-0.30993129292169125,-0.06556468168733408,-0.030704704472457878,-0.015620609228609717,-1.0357410683523456,-0.055310876129146085,-1.1931085566160113,0.6014167670256413,-0.6899597403565446,-0.05317150143287675,0
1.4089792621365311,1.4373506578504092,1.12252363252126,1.090263229965003,1.2947644960127682,1.159645216768088,0.8381467004446593,0.6014167670256413,0.5571215957299472,1.5144010598943751,1
0.7839208784789949,1.4373506578504092,1.12252363252126,1.090263229965003,1.2947644960127682,1.159645216768088,0.8381467004446593,0.6014167670256413,0.07747492800437346,1.1784926538956784,1
0.0025978989070768233,-1.5684800212250773,-1.1839330414661757,-1.1215044484222225,-1.2810574435486735,-1.0272757504469332,-1.1931085566160113,0.6014167670256413,-1.265535741627233,-1.396805125427664,0
-0.15366669700730792,-0.06556468168733408,1.12252363252126,-1.1215044484222225,0.9267899332182766,0.18768034245030202,0.8381467004446593,0.6014167670256413,1.036768263455521,1.5144010598943751,0
-0.30993129292169125,-0.06556468168733408,1.12252363252126,-1.1215044484222225,0.06818262003112939,-0.784284531867486,0.8381467004446593,0.6014167670256413,0.9408389299104063,0.9545537165632137,0
-0.30993129292169125,1.4373506578504092,1.12252363252126,-0.015620609228609717,-0.7904246931560178,-0.055310876129146085,0.8381467004446593,0.6014167670256413,0.8449095963652915,1.2904621225619106,0
-1.8725772520655304,-0.06556468168733408,-0.030704704472457878,-0.015620609228609717,0.6814735580219489,-0.784284531867486,0.8381467004446593,0.6014167670256413,0.1734042615494882,0.8425842478969815,1
-1.5600480602367621,1.4373506578504092,-0.030704704472457878,-0.015620609228609717,-0.4224501303615262,-1.0272757504469332,0.8381467004446593,0.6014167670256413,-1.3614650751723478,1.0665231852294461,1
0.9401854743933811,1.4373506578504092,1.12252363252126,1.090263229965003,0.5588153704237849,-0.055310876129146085,0.8381467004446593,0.6014167670256413,1.1326975970006357,0.7306147792307492,0
0.47139168665022824,-0.06556468168733408,-0.030704704472457878,1.090263229965003,0.6814735580219489,1.159645216768088,0.8381467004446593,0.6014167670256413,-0.11438373908585606,0.8425842478969815,1
0.0025978989070768233,-0.06556468168733408,-1.1839330414661757,-0.015620609228609717,-1.6490320063431652,-0.5412933132880401,-1.1931085566160113,0.6014167670256413,-1.0736770745370037,-1.5087745940938964,0
1.2527146662221478,1.4373506578504092,1.12252363252126,1.090263229965003,1.1721063084146044,1.159645216768088,0.8381467004446593,0.6014167670256413,1.1326975970006357,0.3947063732320524,1
1.2527146662221478,-0.06556468168733408,-0.030704704472457878,1.090263229965003,0.31349899522745717,-0.784284531867486,0.8381467004446593,-1.6627404735414788,-1.3614650751723478,-0.05317150143287675,1
1.0964500703077644,-0.06556468168733408,-1.1839330414661757,1.090263229965003,-0.4224501303615262,-1.513258187605826,-1.1931085566160113,0.6014167670256413,-1.3614650751723478,-1.6207440627601286,0
-1.716312656151147,-1.5684800212250773,-1.1839330414661757,-1.1215044484222225,-1.0357410683523456,-0.055310876129146085,-1.1931085566160113,0.6014167670256413,-1.265535741627233,-1.1728661880951996,0
0.6276562825646116,-0.06556468168733408,1.12252363252126,1.090263229965003,1.2947644960127682,1.159645216768088,0.8381467004446593,0.6014167670256413,0.8449095963652915,1.5144010598943751,1
-0.15366669700730792,-0.06556468168733408,1.12252363252126,-1.1215044484222225,0.06818262003112939,-0.055310876129146085,0.8381467004446593,0.6014167670256413,1.42048559763598,-0.8369577820965027,0
1.0964500703077644,-0.06556468168733408,1.12252363252126,1.090263229965003,0.06818262003112939,0.43067156102974796,0.8381467004446593,0.6014167670256413,0.269333595094603,-0.16514097009910902,1
0.6276562825646116,-0.06556468168733408,1.12252363252126,-1.1215044484222225,1.0494481208164406,1.159645216768088,0.8381467004446593,0.6014167670256413,0.5571215957299472,0.9545537165632137,1
0.6276562825646116,1.4373506578504092,1.12252363252126,1.090263229965003,1.2947644960127682,0.43067156102974796,0.8381467004446593,0.6014167670256413,1.036768263455521,1.5144010598943751,1
1.4089792621365311,1.4373506578504092,1.12252363252126,1.090263229965003,-0.0544755675670345,1.159645216768088,0.8381467004446593,0.6014167670256413,0.5571215957299472,1.2904621225619106,1
0.6276562825646116,-0.06556468168733408,1.12252363252126,1.090263229965003,-0.1771337551651984,1.159645216768088,0.8381467004446593,0.6014167670256413,0.8449095963652915,1.0665231852294461,0
0.0025978989070768233,-0.06556468168733408,-1.1839330414661757,2.1961470691586156,-0.0544755675670345,-0.5412933132880401,0.8381467004446593,0.6014167670256413,1.2286269305457505,0.8425842478969815,1
1.2527146662221478,1.4373506578504092,1.12252363252126,1.090263229965003,1.2947644960127682,1.159645216768088,0.8381467004446593,0.6014167670256413,0.5571215957299472,1.5144010598943751,1
0.47139168665022824,-1.5684800212250773,1.12252363252126,1.090263229965003,1.2947644960127682,1.159645216768088,0.8381467004446593,0.6014167670256413,0.1734042615494882,0.9545537165632137,1
-1.716312656151147,-0.06556468168733408,-1.1839330414661757,-1.1215044484222225,0.31349899522745717,-1.0272757504469332,0.8381467004446593,-1.6627404735414788,0.3652629286397177,0.3947063732320524,0
0.0025978989070768233,-0.06556468168733408,-1.1839330414661757,-0.015620609228609717,-0.4224501303615262,-0.784284531867486,-1.1931085566160113,-1.6627404735414788,-0.6899597403565446,-1.0608967194289673,0
0.15886249482146017,1.4373506578504092,1.12252363252126,2.1961470691586156,0.31349899522745717,-0.055310876129146085,0.8381467004446593,0.6014167670256413,1.804202931816439,1.0665231852294461,0
-0.30993129292169125,-0.06556468168733408,-1.1839330414661757,1.090263229965003,-0.9130828807541818,-0.055310876129146085,-1.1931085566160113,-1.6627404735414788,-1.3614650751723478,-0.948927250762735,0
-0.4661958888360746,-0.06556468168733408,-1.1839330414661757,-1.1215044484222225,0.6814735580219489,-1.513258187605826,-1.1931085566160113,-1.6627404735414788,-1.1696064080821185,-0.8369577820965027,0
-1.5600480602367621,-0.06556468168733408,-1.1839330414661757,-1.1215044484222225,-1.1583992559505094,-1.513258187605826,-1.1931085566160113,0.6014167670256413,-1.265535741627233,-0.7249883134302705,0
0.9401854743933811,-0.06556468168733408,1.12252363252126,1.090263229965003,0.6814735580219489,-0.5412933132880401,0.8381467004446593,0.6014167670256413,0.653050929275062,1.2904621225619106,1
0.47139168665022824,-0.06556468168733408,-0.030704704472457878,-0.015620609228609717,0.31349899522745717,1.159645216768088,0.8381467004446593,0.6014167670256413,0.9408389299104063,0.618645310564517,1
-0.9349896765792275,1.4373506578504092,-1.1839330414661757,2.1961470691586156,-1.0357410683523456,1.159645216768088,0.8381467004446593,-1.6627404735414788,0.269333595094603,-0.3890799074315736,0
0.0025978989070768233,-0.06556468168733408,-0.030704704472457878,-1.1215044484222225,-0.4224501303615262,0.673662779609194,0.8381467004446593,0.6014167670256413,-1.265535741627233,-0.948927250762735,0
0.15886249482146017,-0.06556468168733408,-1.1839330414661757,-0.015620609228609717,-1.2810574435486735,-0.5412933132880401,-1.1931085566160113,-1.6627404735414788,-1.3614650751723478,-1.1728661880951996,0
0.6276562825646116,-1.5684800212250773,-1.1839330414661757,-0.015620609228609717,-0.2997919427633623,-0.5412933132880401,-1.1931085566160113,-1.6627404735414788,-1.265535741627233,-0.948927250762735,0
-1.716312656151147,-0.06556468168733408,-1.1839330414661757,-1.1215044484222225,-0.667766505557854,0.916653998188642,0.8381467004446593,-1.6627404735414788,-0.11438373908585606,-1.1728661880951996,0
0.9401854743933811,-1.5684800212250773,1.12252363252126,1.090263229965003,1.2947644960127682,0.916653998188642,0.8381467004446593,0.6014167670256413,0.653050929275062,1.1784926538956784,1
0.7839208784789949,1.4373506578504092,-1.1839330414661757,-0.015620609228609717,-0.5451083179596901,-1.513258187605826,0.8381467004446593,0.6014167670256413,-0.11438373908585606,1.0665231852294461,0
0.7839208784789949,-0.06556468168733408,-1.1839330414661757,-1.1215044484222225,-1.4037156311468373,-0.784284531867486,-1.1931085566160113,0.6014167670256413,1.3245562640908652,-1.1728661880951996,0
-0.4661958888360746,-0.06556468168733408,-0.030704704472457878,-1.1215044484222225,-1.8943483815394928,0.916653998188642,0.8381467004446593,0.6014167670256413,0.7489802628201767,-1.0608967194289673,0
0.6276562825646116,-1.5684800212250773,1.12252363252126,1.090263229965003,-0.7904246931560178,-0.29830209470859204,0.8381467004446593,0.6014167670256413,1.804202931816439,1.4024315912281429,1
-1.8725772520655304,1.4373506578504092,1.12252363252126,-1.1215044484222225,1.1721063084146044,0.18768034245030202,0.8381467004446593,0.6014167670256413,0.7489802628201767,-0.16514097009910902,1
0.15886249482146017,1.4373506578504092,1.12252363252126,1.090263229965003,1.2947644960127682,1.159645216768088,0.8381467004446593,0.6014167670256413,1.42048559763598,1.2904621225619106,1
-0.7787250806648427,-0.06556468168733408,-0.030704704472457878,-1.1215044484222225,-2.3849811319321486,0.673662779609194,-1.1931085566160113,-1.6627404735414788,-1.0736770745370037,-1.2848356567614319,0
-1.8725772520655304,-0.06556468168733408,-1.1839330414661757,-1.1215044484222225,-0.667766505557854,-0.784284531867486,-1.1931085566160113,0.6014167670256413,1.42048559763598,-0.3890799074315736,0
0.3151270907358449,1.4373506578504092,1.12252363252126,1.090263229965003,0.6814735580219489,0.18768034245030202,0.8381467004446593,0.6014167670256413,1.6123442647262096,0.17076743589958782,1
-1.4037834643223788,-1.5684800212250773,-0.030704704472457878,-1.1215044484222225,-0.1771337551651984,-0.5412933132880401,-1.1931085566160113,0.6014167670256413,-1.1696064080821185,1.5144010598943751,0
-0.30993129292169125,-1.5684800212250773,-1.1839330414661757,-0.015620609228609717,-1.1583992559505094,-1.0272757504469332,-1.1931085566160113,0.6014167670256413,-1.3614650751723478,-0.6130188447640381,0
-0.15366669700730792,-1.5684800212250773,1.12252363252126,-1.1215044484222225,-1.0357410683523456,-1.0272757504469332,0.8381467004446593,0.6014167670256413,-1.1696064080821185,0.058797967233355536,0
-1.247518868407994,-0.06556468168733408,-1.1839330414661757,1.090263229965003,-0.1771337551651984,0.673662779609194,0.8381467004446593,0.6014167670256413,-0.4021717397212003,0.8425842478969815,0
-1.8725772520655304,-0.06556468168733408,-0.030704704472457878,-1.1215044484222225,-0.4224501303615262,-0.29830209470859204,0.8381467004446593,0.6014167670256413,-1.3614650751723478,-0.948927250762735,0
0.47139168665022824,1.4373506578504092,1.12252363252126,1.090263229965003,0.31349899522745717,-0.055310876129146085,0.8381467004446593,0.6014167670256413,0.7489802628201767,1.0665231852294461,1
-1.716312656151147,-0.06556468168733408,1.12252363252126,2.1961470691586156,-1.771690193941329,-0.29830209470859204,0.8381467004446593,0.6014167670256413,-1.3614650751723478,1.2904621225619106,1
-1.8725772520655304,-0.06556468168733408,-0.030704704472457878,-1.1215044484222225,-1.2810574435486735,-0.784284531867486,-1.1931085566160113,-1.6627404735414788,-1.0736770745370037,-0.2771104387653413,0
-0.15366669700730792,-0.06556468168733408,-0.030704704472457878,-1.1215044484222225,-0.5451083179596901,-1.0272757504469332,0.8381467004446593,0.6014167670256413,-1.1696064080821185,-1.396805125427664,0
-0.15366669700730792,-0.06556468168733408,-1.1839330414661757,-1.1215044484222225,-0.2997919427633623,-1.513258187605826,-1.1931085566160113,0.6014167670256413,-1.3614650751723478,-0.8369577820965027,1
-0.15366669700730792,-0.06556468168733408,-1.1839330414661757,-0.015620609228609717,0.06818262003112939,-1.7562494061852731,-1.1931085566160113,0.6014167670256413,-0.9777477409918889,0.058797967233355536,0
-0.4661958888360746,-0.06556468168733408,-0.030704704472457878,-0.015620609228609717,-2.017006569137657,-1.7562494061852731,0.8381467004446593,0.6014167670256413,-1.1696064080821185,-1.5087745940938964,0
1.0964500703077644,1.4373506578504092,1.12252363252126,1.090263229965003,1.2947644960127682,1.159645216768088,0.8381467004446593,0.6014167670256413,1.42048559763598,0.5066758418982846,1
-0.6224604847504593,-0.06556468168733408,-1.1839330414661757,-1.1215044484222225,0.43615718282562105,-1.513258187605826,-1.1931085566160113,-1.6627404735414788,-1.3614650751723478,-1.396805125427664,0
0.15886249482146017,1.4373506578504092,-1.1839330414661757,-0.015620609228609717,-0.5451083179596901,-1.2702669690263801,-1.1931085566160113,-1.6627404735414788,-0.4021717397212003,-1.1728661880951996,0
-0.30993129292169125,-0.06556468168733408,-1.1839330414661757,-0.015620609228609717,-1.6490320063431652,-0.784284531867486,-1.1931085566160113,0.6014167670256413,-0.7858890739016593,-0.2771104387653413,0
0.6276562825646116,1.4373506578504092,1.12252363252126,1.090263229965003,1.1721063084146044,1.159645216768088,0.8381467004446593,0.6014167670256413,0.269333595094603,1.0665231852294461,1
-0.15366669700730792,-0.06556468168733408,-1.1839330414661757,-0.015620609228609717,-0.667766505557854,-0.055310876129146085,0.8381467004446593,0.6014167670256413,-0.7858890739016593,-1.6207440627601286,0
1.0964500703077644,1.4373506578504092,1.12252363252126,1.090263229965003,0.6814735580219489,-0.5412933132880401,0.8381467004446593,-1.6627404735414788,0.8449095963652915,-0.6130188447640381,1
-1.8725772520655304,-0.06556468168733408,-0.030704704472457878,-1.1215044484222225,-0.2997919427633623,0.18768034245030202,-1.1931085566160113,0.6014167670256413,-1.0736770745370037,-0.8369577820965027,0
-0.15366669700730792,1.4373506578504092,-1.1839330414661757,2.1961470691586156,-1.526373818745001,-1.513258187605826,-1.1931085566160113,0.6014167670256413,-1.3614650751723478,-0.7249883134302705,0
1.0964500703077644,-1.5684800212250773,1.12252363252126,1.090263229965003,-0.667766505557854,0.43067156102974796,0.8381467004446593,0.6014167670256413,1.1326975970006357,-0.7249883134302705,1
-1.716312656151147,-0.06556468168733408,-1.1839330414661757,1.090263229965003,-0.4224501303615262,-0.784284531867486,0.8381467004446593,0.6014167670256413,0.1734042615494882,1.1784926538956784,0
0.9401854743933811,-0.06556468168733408,1.12252363252126,1.090263229965003,1.2947644960127682,1.159645216768088,0.8381467004446593,0.6014167670256413,0.8449095963652915,1.5144010598943751,1
-1.8725772520655304,-0.06556468168733408,-1.1839330414661757,-1.1215044484222225,-1.1583992559505094,0.916653998188642,0.8381467004446593,0.6014167670256413,-1.3614650751723478,-0.948927250762735,1
-0.30993129292169125,-0.06556468168733408,1.12252363252126,-0.015620609228609717,-0.1771337551651984,-0.784284531867486,-1.1931085566160113,-1.6627404735414788,1.3245562640908652,-0.16514097009910902,0
0.0025978989070768233,-0.06556468168733408,-0.030704704472457878,-1.1215044484222225,-0.1771337551651984,0.673662779609194,0.8381467004446593,0.6014167670256413,0.3652629286397177,0.3947063732320524,1
0.7839208784789949,1.4373506578504092,1.12252363252126,1.090263229965003,1.0494481208164406,0.43067156102974796,0.8381467004446593,0.6014167670256413,0.269333595094603,0.9545537165632137,1
1.2527146662221478,-0.06556468168733408,1.12252363252126,2.1961470691586156,0.8041317456201127,1.159645216768088,0.8381467004446593,0.6014167670256413,0.8449095963652915,-0.16514097009910902,1
0.15886249482146017,-1.5684800212250773,-1.1839330414661757,-1.1215044484222225,-1.0357410683523456,-0.055310876129146085,-1.1931085566160113,-1.6627404735414788,-1.3614650751723478,-0.948927250762735,0
-1.247518868407994,-0.06556468168733408,1.12252363252126,-1.1215044484222225,0.6814735580219489,0.18768034245030202,0.8381467004446593,0.6014167670256413,-0.9777477409918889,1.2904621225619106,1
0.7839208784789949,-0.06556468168733408,1.12252363252126,1.090263229965003,0.43615718282562105,0.43067156102974796,0.8381467004446593,0.6014167670256413,0.653050929275062,1.1784926538956784,1
1.2527146662221478,-0.06556468168733408,1.12252363252126,1.090263229965003,0.43615718282562105,0.18768034245030202,0.8381467004446593,0.6014167670256413,1.42048559763598,0.9545537165632137,1
-1.716312656151147,-1.5684800212250773,-1.1839330414661757,-1.1215044484222225,-1.1583992559505094,0.673662779609194,-1.1931085566160113,-1.6627404735414788,-0.5940304068114298,-0.5010493760978059,0
0.3151270907358449,-0.06556468168733408,-0.030704704472457878,-0.015620609228609717,-0.4224501303615262,-0.5412933132880401,0.8381467004446593,0.6014167670256413,-1.1696064080821185,-0.948927250762735,0
1.4089792621365311,1.4373506578504092,1.12252363252126,1.090263229965003,1.1721063084146044,0.916653998188642,0.8381467004446593,0.6014167670256413,-0.0184544055407413,0.5066758418982846,1
0.47139168665022824,-0.06556468168733408,-1.1839330414661757,-1.1215044484222225,-0.5451083179596901,-0.055310876129146085,0.8381467004446593,0.6014167670256413,0.5571215957299472,1.1784926538956784,1
0.0025978989070768233,-0.06556468168733408,-0.030704704472457878,-1.1215044484222225,-0.2997919427633623,-0.055310876129146085,-1.1931085566160113,0.6014167670256413,-1.3614650751723478,-0.7249883134302705,0
-0.4661958888360746,-1.5684800212250773,-1.1839330414661757,-0.015620609228609717,-1.2810574435486735,-0.055310876129146085,-1.1931085566160113,0.6014167670256413,-1.3614650751723478,0.17076743589958782,0
-1.8725772520655304,-0.06556468168733408,-1.1839330414661757,-1.1215044484222225,-0.667766505557854,-1.0272757504469332,0.8381467004446593,0.6014167670256413,-1.3614650751723478,-0.2771104387653413,0
-0.4661958888360746,-0.06556468168733408,1.12252363252126,-1.1215044484222225,-1.1583992559505094,-1.2702669690263801,-1.1931085566160113,-1.6627404735414788,0.8449095963652915,1.2904621225619106,0
0.15886249482146017,-0.06556468168733408,-1.1839330414661757,-1.1215044484222225,-0.4224501303615262,0.673662779609194,0.8381467004446593,0.6014167670256413,-0.8818184074467741,-0.2771104387653413,0
0.9401854743933811,-0.06556468168733408,-1.1839330414661757,-1.1215044484222225,0.19084080762929329,0.43067156102974796,0.8381467004446593,-1.6627404735414788,1.036768263455521,-0.7249883134302705,1
-0.15366669700730792,-0.06556468168733408,-0.030704704472457878,-1.1215044484222225,-0.4224501303615262,1.159645216768088,0.8381467004446593,0.6014167670256413,0.1734042615494882,0.5066758418982846,0
1.7215084539653005,1.4373506578504092,1.12252363252126,1.090263229965003,1.0494481208164406,0.916653998188642,0.8381467004446593,0.6014167670256413,0.3652629286397177,0.8425842478969815,1
1.4089792621365311,-0.06556468168733408,1.12252363252126,-0.015620609228609717,0.9267899332182766,0.673662779609194,0.8381467004446593,0.6014167670256413,0.7489802628201767,-0.05317150143287675,1
0.47139168665022824,-0.06556468168733408,-0.030704704472457878,-1.1215044484222225,-1.4037156311468373,0.43067156102974796,0.8381467004446593,-1.6627404735414788,-0.6899597403565446,-1.0608967194289673,0
0.0025978989070768233,-0.06556468168733408,-0.030704704472457878,-1.1215044484222225,-0.0544755675670345,-0.5412933132880401,0.8381467004446593,0.6014167670256413,-0.30624240617608556,-0.2771104387653413,0
0.0025978989070768233,-0.06556468168733408,-1.1839330414661757,-1.1215044484222225,-1.771690193941329,-3.214196717661954,-1.1931085566160113,-1.6627404735414788,-1.3614650751723478,-0.05317150143287675,0
0.3151270907358449,-0.06556468168733408,-0.030704704472457878,-1.1215044484222225,0.5588153704237849,-0.5412933132880401,-1.1931085566160113,0.6014167670256413,-1.0736770745370037,0.058797967233355536,1
1.0964500703077644,-0.06556468168733408,-0.030704704472457878,-1.1215044484222225,0.31349899522745717,0.18768034245030202,0.8381467004446593,0.6014167670256413,0.1734042615494882,0.9545537165632137,0
0.7839208784789949,-0.06556468168733408,1.12252363252126,1.090263229965003,0.43615718282562105,0.18768034245030202,0.8381467004446593,0.6014167670256413,0.7489802628201767,1.1784926538956784,1
1.2527146662221478,-0.06556468168733408,1.12252363252126,1.090263229965003,1.2947644960127682,1.159645216768088,0.8381467004446593,0.6014167670256413,1.42048559763598,0.7306147792307492,1
-1.8725772520655304,-1.5684800212250773,-1.1839330414661757,-1.1215044484222225,-1.0357410683523456,-1.513258187605826,-1.1931085566160113,0.6014167670256413,0.1734042615494882,-1.0608967194289673,0
-0.30993129292169125,1.4373506578504092,-0.030704704472457878,-0.015620609228609717,-0.1771337551651984,0.18768034245030202,0.8381467004446593,0.6014167670256413,1.036768263455521,1.2904621225619106,1
0.7839208784789949,-0.06556468168733408,1.12252363252126,1.090263229965003,-1.4037156311468373,0.18768034245030202,-1.1931085566160113,0.6014167670256413,-1.3614650751723478,1.1784926538956784,0
-1.8725772520655304,-0.06556468168733408,-1.1839330414661757,-0.015620609228609717,-0.4224501303615262,-0.784284531867486,-1.1931085566160113,-1.6627404735414788,-1.3614650751723478,-1.0608967194289673,0
1.2527146662221478,1.4373506578504092,1.12252363252126,1.090263229965003,1.2947644960127682,1.159645216768088,0.8381467004446593,0.6014167670256413,1.3245562640908652,1.1784926538956784,1
1.0964500703077644,1.4373506578504092,1.12252363252126,2.1961470691586156,1.2947644960127682,0.916653998188642,0.8381467004446593,0.6014167670256413,1.5164149311810948,0.618645310564517,1
1.2527146662221478,-0.06556468168733408,-0.030704704472457878,-0.015620609228609717,-1.0357410683523456,-1.2702669690263801,0.8381467004446593,0.6014167670256413,0.8449095963652915,-0.6130188447640381,0
-0.7787250806648427,-0.06556468168733408,-0.030704704472457878,-1.1215044484222225,-1.1583992559505094,-1.7562494061852731,0.8381467004446593,0.6014167670256413,-1.3614650751723478,-0.3890799074315736,0
-0.6224604847504593,-0.06556468168733408,-1.1839330414661757,-1.1215044484222225,-0.9130828807541818,-1.513258187605826,-1.1931085566160113,-1.6627404735414788,-0.8818184074467741,1.1784926538956784,0
-0.15366669700730792,-0.06556468168733408,-0.030704704472457878,-1.1215044484222225,-1.0357410683523456,1.159645216768088,-1.1931085566160113,0.6014167670256413,-1.0736770745370037,-0.8369577820965027,0
-0.4661958888360746,-1.5684800212250773,-1.1839330414661757,-1.1215044484222225,-0.5451083179596901,-1.2702669690263801,-1.1931085566160113,-1.6627404735414788,-1.265535741627233,-0.948927250762735,0
-0.6224604847504593,1.4373506578504092,-1.1839330414661757,-0.015620609228609717,0.9267899332182766,-0.29830209470859204,0.8381467004446593,-1.6627404735414788,1.9960615989066686,-1.0608967194289673,0
0.7839208784789949,-0.06556468168733408,-1.1839330414661757,1.090263229965003,1.1721063084146044,1.159645216768088,0.8381467004446593,0.6014167670256413,1.7082735982713242,1.0665231852294461,1
-1.5600480602367621,-1.5684800212250773,-1.1839330414661757,-0.015620609228609717,-1.1583992559505094,0.673662779609194,0.8381467004446593,0.6014167670256413,-0.4981010732663151,-0.16514097009910902,0
0.3151270907358449,-0.06556468168733408,1.12252363252126,-1.1215044484222225,0.43615718282562105,0.673662779609194,0.8381467004446593,0.6014167670256413,1.1326975970006357,-0.7249883134302705,1
0.0025978989070768233,-0.06556468168733408,-1.1839330414661757,-0.015620609228609717,-1.2810574435486735,-1.0272757504469332,0.8381467004446593,0.6014167670256413,-1.3614650751723478,-0.3890799074315736,0
-1.5600480602367621,-1.5684800212250773,-1.1839330414661757,-1.1215044484222225,-1.0357410683523456,-0.055310876129146085,-1.1931085566160113,-1.6627404735414788,-0.21031307263097082,-1.6207440627601286,0
-0.9349896765792275,-0.06556468168733408,-0.030704704472457878,-0.015620609228609717,0.5588153704237849,-0.055310876129146085,0.8381467004446593,0.6014167670256413,0.5571215957299472,0.8425842478969815,0
-0.7787250806648427,1.4373506578504092,1.12252363252126,1.090263229965003,1.2947644960127682,0.916653998188642,0.8381467004446593,0.6014167670256413,1.3245562640908652,1.2904621225619106,1
0.15886249482146017,-1.5684800212250773,-1.1839330414661757,1.090263229965003,-1.4037156311468373,0.43067156102974796,-1.1931085566160113,-1.6627404735414788,1.2286269305457505,1.1784926538956784,1
-1.247518868407994,-0.06556468168733408,-1.1839330414661757,-1.1215044484222225,-0.1771337551651984,-0.055310876129146085,0.8381467004446593,0.6014167670256413,-1.3614650751723478,-0.2771104387653413,0
1.0964500703077644,-0.06556468168733408,1.12252363252126,1.090263229965003,-0.0544755675670345,0.43067156102974796,0.8381467004446593,0.6014167670256413,1.6123442647262096,1.4024315912281429,1
-1.8725772520655304,1.4373506578504092,-1.1839330414661757,-1.1215044484222225,-0.667766505557854,0.43067156102974796,-1.1931085566160113,-1.6627404735414788,-0.5940304068114298,0.9545537165632137,0
1.0964500703077644,-1.5684800212250773,1.12252363252126,1.090263229965003,-1.2810574435486735,0.43067156102974796,0.8381467004446593,0.6014167670256413,-1.3614650751723478,1.0665231852294461,1
0.7839208784789949,-1.5684800212250773,1.12252363252126,1.090263229965003,1.2947644960127682,0.18768034245030202,0.8381467004446593,0.6014167670256413,-0.21031307263097082,1.5144010598943751,1
-0.4661958888360746,-1.5684800212250773,-1.1839330414661757,-0.015620609228609717,0.31349899522745717,0.43067156102974796,-1.1931085566160113,0.6014167670256413,-1.3614650751723478,-0.6130188447640381,0
0.6276562825646116,1.4373506578504092,1.12252363252126,-1.1215044484222225,-0.2997919427633623,1.159645216768088,0.8381467004446593,0.6014167670256413,1.036768263455521,-0.3890799074315736,1
0.47139168665022824,-0.06556468168733408,-1.1839330414661757,-0.015620609228609717,-0.1771337551651984,0.18768034245030202,-1.1931085566160113,-1.6627404735414788,-0.30624240617608556,-0.7249883134302705,0
-0.4661958888360746,-0.06556468168733408,-0.030704704472457878,-0.015620609228609717,-1.0357410683523456,-1.99924062476472,-1.1931085566160113,-1.6627404735414788,0.4611922621848325,-1.1728661880951996,0
1.0964500703077644,1.4373506578504092,-0.030704704472457878,1.090263229965003,-1.0357410683523456,-2.2422318433441673,-1.1931085566160113,0.6014167670256413,-0.9777477409918889,0.7306147792307492,0
-1.5600480602367621,-0.06556468168733408,-1.1839330414661757,-1.1215044484222225,-2.017006569137657,-0.784284531867486,-1.1931085566160113,0.6014167670256413,-1.3614650751723478,-1.0608967194289673,0
-1.247518868407994,-0.06556468168733408,-1.1839330414661757,-0.015620609228609717,-2.3849811319321486,-2.485223061923614,-1.1931085566160113,-1.6627404735414788,-1.0736770745370037,-1.396805125427664,0
0.7839208784789949,-0.06556468168733408,1.12252363252126,-0.015620609228609717,1.0494481208164406,0.43067156102974796,0.8381467004446593,0.6014167670256413,1.036768263455521,1.2904621225619106,1
0.7839208784789949,1.4373506578504092,1.12252363252126,1.090263229965003,0.43615718282562105,0.43067156102974796,0.8381467004446593,0.6014167670256413,1.42048559763598,1.5144010598943751,1
-0.4661958888360746,-0.06556468168733408,-1.1839330414661757,1.090263229965003,0.6814735580219489,0.18768034245030202,0.8381467004446593,-1.6627404735414788,0.5571215957299472,-0.8369577820965027,1
-1.5600480602367621,-1.5684800212250773,-1.1839330414661757,-1.1215044484222225,-1.771690193941329,-0.055310876129146085,-1.1931085566160113,0.6014167670256413,-1.3614650751723478,-1.8446830000925933,0
1.4089792621365311,1.4373506578504092,-0.030704704472457878,1.090263229965003,1.2947644960127682,1.159645216768088,0.8381467004446593,0.6014167670256413,0.8449095963652915,0.9545537165632137,1
0.9401854743933811,-0.06556468168733408,1.12252363252126,1.090263229965003,1.2947644960127682,1.159645216768088,0.8381467004446593,0.6014167670256413,-0.0184544055407413,1.5144010598943751,1
-0.4661958888360746,1.4373506578504092,1.12252363252126,-0.015620609228609717,0.19084080762929329,1.159645216768088,0.8381467004446593,0.6014167670256413,0.1734042615494882,0.3947063732320524,0
-1.247518868407994,-0.06556468168733408,-1.1839330414661757,-1.1215044484222225,-0.5451083179596901,-1.2702669690263801,0.8381467004446593,0.6014167670256413,-1.3614650751723478,-0.948927250762735,0
1.4089792621365311,-0.06556468168733408,1.12252363252126,1.090263229965003,1.1721063084146044,0.916653998188642,0.8381467004446593,0.6014167670256413,0.269333595094603,1.1784926538956784,1
0.7839208784789949,1.4373506578504092,1.12252363252126,1.090263229965003,1.2947644960127682,0.916653998188642,0.8381467004446593,0.6014167670256413,1.036768263455521,1.2904621225619106,1
1.4089792621365311,1.4373506578504092,1.12252363252126,1.090263229965003,1.2947644960127682,1.159645216768088,0.8381467004446593,0.6014167670256413,0.9408389299104063,1.4024315912281429,1
1.0964500703077644,-1.5684800212250773,1.12252363252126,1.090263229965003,1.2947644960127682,0.673662779609194,0.8381467004446593,0.6014167670256413,-0.30624240617608556,1.0665231852294461,0
1.5652438580509145,-0.06556468168733408,1.12252363252126,-1.1215044484222225,-0.2997919427633623,-1.99924062476472,0.8381467004446593,0.6014167670256413,-1.265535741627233,-1.8446830000925933,1
-1.4037834643223788,1.4373506578504092,1.12252363252126,-1.1215044484222225,-0.7904246931560178,0.18768034245030202,0.8381467004446593,0.6014167670256413,0.269333595094603,0.8425842478969815,1
1.4089792621365311,1.4373506578504092,1.12252363252126,1.090263229965003,0.5588153704237849,1.159645216768088,0.8381467004446593,0.6014167670256413,0.269333595094603,1.2904621225619106,1
1.2527146662221478,1.4373506578504092,1.12252363252126,1.090263229965003,1.0494481208164406,1.159645216768088,0.8381467004446593,0.6014167670256413,-0.11438373908585606,1.5144010598943751,1
-1.8725772520655304,-0.06556468168733408,-0.030704704472457878,-1.1215044484222225,-1.0357410683523456,-1.0272757504469332,-1.1931085566160113,0.6014167670256413,-1.3614650751723478,-1.0608967194289673,0
0.9401854743933811,1.4373506578504092,1.12252363252126,1.090263229965003,1.2947644960127682,0.18768034245030202,0.8381467004446593,0.6014167670256413,1.5164149311810948,1.1784926538956784,1
0.15886249482146017,-0.06556468168733408,1.12252363252126,1.090263229965003,0.06818262003112939,-2.2422318433441673,0.8381467004446593,-1.6627404735414788,-1.3614650751723478,-0.8369577820965027,0
-0.15366669700730792,1.4373506578504092,-1.1839330414661757,-0.015620609228609717,0.31349899522745717,-1.0272757504469332,0.8381467004446593,-1.6627404735414788,0.1734042615494882,-0.3890799074315736,0
0.15886249482146017,-0.06556468168733408,-1.1839330414661757,1.090263229965003,-0.0544755675670345,0.916653998188642,-1.1931085566160113,-1.6627404735414788,-1.3614650751723478,-1.0608967194289673,0
-0.30993129292169125,-1.5684800212250773,1.12252363252126,1.090263229965003,0.43615718282562105,0.18768034245030202,0.8381467004446593,0.6014167670256413,0.8449095963652915,1.5144010598943751,1
1.2527146662221478,1.4373506578504092,1.12252363252126,1.090263229965003,1.2947644960127682,0.916653998188642,0.8381467004446593,0.6014167670256413,0.4611922621848325,1.2904621225619106,1
0.15886249482146017,-0.06556468168733408,1.12252363252126,-0.015620609228609717,0.6814735580219489,0.43067156102974796,0.8381467004446593,0.6014167670256413,1.7082735982713242,0.9545537165632137,1
0.6276562825646116,-0.06556468168733408,1.12252363252126,1.090263229965003,1.2947644960127682,0.916653998188642,0.8381467004446593,0.6014167670256413,1.42048559763598,0.7306147792307492,1
0.6276562825646116,-0.06556468168733408,-1.1839330414661757,1.090263229965003,-1.4037156311468373,-2.7282142805030603,-1.1931085566160113,0.6014167670256413,-1.3614650751723478,-0.5010493760978059,0
-0.15366669700730792,-0.06556468168733408,-1.1839330414661757,-0.015620609228609717,-2.1396647567358205,-1.2702669690263801,-1.1931085566160113,0.6014167670256413,0.4611922621848325,-0.7249883134302705,0
-1.8725772520655304,-0.06556468168733408,-1.1839330414661757,-1.1215044484222225,-0.667766505557854,-0.29830209470859204,-1.1931085566160113,0.6014167670256413,0.4611922621848325,-1.5087745940938964,0
0.6276562825646116,1.4373506578504092,1.12252363252126,-0.015620609228609717,1.2947644960127682,0.18768034245030202,0.8381467004446593,0.6014167670256413,0.9408389299104063,0.9545537165632137,1
1.4089792621365311,-0.06556468168733408,-0.030704704472457878,-0.015620609228609717,-0.2997919427633623,-1.0272757504469332,0.8381467004446593,0.6014167670256413,0.7489802628201767,-0.6130188447640381,0
-0.6224604847504593,-1.5684800212250773,-1.1839330414661757,-1.1215044484222225,-0.5451083179596901,-2.2422318433441673,-1.1931085566160113,-1.6627404735414788,-1.3614650751723478,-0.5010493760978059,0
0.9401854743933811,-0.06556468168733408,-0.030704704472457878,1.090263229965003,-0.4224501303615262,-0.784284531867486,0.8381467004446593,0.6014167670256413,0.4611922621848325,-1.396805125427664,0
-0.15366669700730792,-1.5684800212250773,-1.1839330414661757,-1.1215044484222225,0.19084080762929329,0.18768034245030202,0.8381467004446593,0.6014167670256413,1.42048559763598,0.9545537165632137,1
-0.4661958888360746,-0.06556468168733408,-0.030704704472457878,-0.015620609228609717,1.2947644960127682,0.18768034245030202,0.8381467004446593,0.6014167670256413,1.1326975970006357,1.2904621225619106,0
0.9401854743933811,-0.06556468168733408,-0.030704704472457878,-1.1215044484222225,-0.9130828807541818,-0.29830209470859204,-1.1931085566160113,0.6014167670256413,-0.7858890739016593,-1.2848356567614319,0
1.0964500703077644,1.4373506578504092,1.12252363252126,1.090263229965003,1.2947644960127682,1.159645216768088,0.8381467004446593,0.6014167670256413,1.2286269305457505,1.4024315912281429,1
1.4089792621365311,-0.06556468168733408,1.12252363252126,1.090263229965003,1.2947644960127682,1.159645216768088,0.8381467004446593,0.6014167670256413,0.07747492800437346,1.5144010598943751,1
-0.4661958888360746,-1.5684800212250773,-0.030704704472457878,-1.1215044484222225,0.19084080762929329,-1.2702669690263801,0.8381467004446593,0.6014167670256413,0.269333595094603,-0.16514097009910902,0
0.0025978989070768233,1.4373506578504092,-0.030704704472457878,1.090263229965003,1.2947644960127682,0.916653998188642,0.8381467004446593,0.6014167670256413,0.07747492800437346,1.2904621225619106,1
-1.8725772520655304,-1.5684800212250773,-1.1839330414661757,-1.1215044484222225,-0.0544755675670345,-0.29830209470859204,0.8381467004446593,0.6014167670256413,1.3245562640908652,-0.05317150143287675,1
0.9401854743933811,-0.06556468168733408,1.12252363252126,1.090263229965003,1.2947644960127682,1.159645216768088,0.8381467004446593,0.6014167670256413,0.3652629286397177,0.9545537165632137,1
-0.4661958888360746,1.4373506578504092,-1.1839330414661757,-0.015620609228609717,0.06818262003112939,-0.5412933132880401,0.8381467004446593,-1.6627404735414788,-1.3614650751723478,-0.3890799074315736,0
0.0025978989070768233,-0.06556468168733408,1.12252363252126,1.090263229965003,0.6814735580219489,0.43067156102974796,0.8381467004446593,0.6014167670256413,0.653050929275062,0.7306147792307492,0
-0.15366669700730792,1.4373506578504092,-0.030704704472457878,1.090263229965003,0.43615718282562105,1.159645216768088,0.8381467004446593,0.6014167670256413,0.1734042615494882,1.1784926538956784,1
-0.15366669700730792,-0.06556468168733408,-1.1839330414661757,-0.015620609228609717,-0.7904246931560178,-1.0272757504469332,-1.1931085566160113,0.6014167670256413,-0.4981010732663151,0.17076743589958782,0
-0.15366669700730792,-0.06556468168733408,-1.1839330414661757,-1.1215044484222225,-0.1771337551651984,-0.29830209470859204,-1.1931085566160113,-1.6627404735414788,-1.3614650751723478,-1.396805125427664,0
-1.8725772520655304,-0.06556468168733408,-1.1839330414661757,-1.1215044484222225,-1.0357410683523456,-0.5412933132880401,-1.1931085566160113,-1.6627404735414788,-1.3614650751723478,-0.948927250762735,0
-0.4661958888360746,-1.5684800212250773,-1.1839330414661757,-1.1215044484222225,-0.5451083179596901,-1.2702669690263801,-1.1931085566160113,-1.6627404735414788,0.9408389299104063,-1.396805125427664,0
-1.716312656151147,-0.06556468168733408,-1.1839330414661757,-0.015620609228609717,-0.4224501303615262,0.43067156102974796,-1.1931085566160113,-1.6627404735414788,-0.4021717397212003,-1.2848356567614319,1
-1.247518868407994,-0.06556468168733408,-0.030704704472457878,-0.015620609228609717,-0.667766505557854,-0.784284531867486,0.8381467004446593,0.6014167670256413,-0.9777477409918889,-0.948927250762735,0
-1.8725772520655304,-1.5684800212250773,1.12252363252126,1.090263229965003,-0.7904246931560178,0.43067156102974796,0.8381467004446593,0.6014167670256413,0.4611922621848325,1.0665231852294461,1
1.4089792621365311,-0.06556468168733408,-0.030704704472457878,-0.015620609228609717,-1.1583992559505094,-0.5412933132880401,-1.1931085566160113,0.6014167670256413,-1.3614650751723478,-0.7249883134302705,0
1.0964500703077644,1.4373506578504092,1.12252363252126,1.090263229965003,0.43615718282562105,0.916653998188642,0.8381467004446593,0.6014167670256413,0.7489802628201767,0.3947063732320524,1
0.6276562825646116,1.4373506578504092,1.12252363252126,1.090263229965003,1.2947644960127682,1.159645216768088,0.8381467004446593,0.6014167670256413,1.9960615989066686,0.9545537165632137,1
0.7839208784789949,1.4373506578504092,1.12252363252126,1.090263229965003,1.2947644960127682,1.159645216768088,0.8381467004446593,0.6014167670256413,0.1734042615494882,1.5144010598943751,1
1.5652438580509145,1.4373506578504092,1.12252363252126,1.090263229965003,0.43615718282562105,1.159645216768088,0.8381467004446593,0.6014167670256413,0.653050929275062,0.8425842478969815,1
0.0025978989070768233,-0.06556468168733408,-0.030704704472457878,-1.1215044484222225,-1.0357410683523456,0.18768034245030202,-1.1931085566160113,0.6014167670256413,-0.9777477409918889,-0.05317150143287675,0
-0.4661958888360746,1.4373506578504092,-1.1839330414661757,-1.1215044484222225,-0.0544755675670345,1.159645216768088,-1.1931085566160113,0.6014167670256413,-0.8818184074467741,-0.7249883134302705,0
-1.8725772520655304,-1.5684800212250773,-1.1839330414661757,-0.015620609228609717,-1.8943483815394928,-0.5412933132880401,-1.1931085566160113,-1.6627404735414788,-0.5940304068114298,-0.6130188447640381,0
1.0964500703077644,-0.06556468168733408,-0.030704704472457878,1.090263229965003,1.1721063084146044,1.159645216768088,0.8381467004446593,0.6014167670256413,-0.4981010732663151,0.5066758418982846,1
-1.0912542724936107,-0.06556468168733408,-1.1839330414661757,-0.015620609228609717,-2.1396647567358205,-2.2422318433441673,-1.1931085566160113,-1.6627404735414788,-1.3614650751723478,-1.2848356567614319,0
2.1903022417084506,-0.06556468168733408,-1.1839330414661757,-1.1215044484222225,-0.5451083179596901,-1.2702669690263801,-1.1931085566160113,-1.6627404735414788,-1.3614650751723478,-1.396805125427664,1
1.7215084539653005,-0.06556468168733408,1.12252363252126,1.090263229965003,1.2947644960127682,1.159645216768088,0.8381467004446593,0.6014167670256413,1.1326975970006357,1.5144010598943751,1
-1.4037834643223788,-1.5684800212250773,1.12252363252126,-1.1215044484222225,0.43615718282562105,-0.055310876129146085,0.8381467004446593,0.6014167670256413,-0.7858890739016593,-0.948927250762735,1
-0.6224604847504593,-0.06556468168733408,-1.1839330414661757,-0.015620609228609717,-2.3849811319321486,-0.5412933132880401,-1.1931085566160113,-1.6627404735414788,-0.9777477409918889,-1.0608967194289673,0
-1.8725772520655304,-0.06556468168733408,-0.030704704472457878,-0.015620609228609717,-0.9130828807541818,-0.784284531867486,0.8381467004446593,0.6014167670256413,-0.11438373908585606,0.17076743589958782,1
-0.30993129292169125,-1.5684800212250773,-1.1839330414661757,-1.1215044484222225,-0.4224501303615262,0.18768034245030202,-1.1931085566160113,-1.6627404735414788,-0.5940304068114298,-0.5010493760978059,0
0.3151270907358449,1.4373506578504092,1.12252363252126,1.090263229965003,1.0494481208164406,0.916653998188642,0.8381467004446593,-1.6627404735414788,1.1326975970006357,0.618645310564517,1
0.3151270907358449,-1.5684800212250773,-0.030704704472457878,-1.1215044484222225,-1.2810574435486735,-0.29830209470859204,-1.1931085566160113,-1.6627404735414788,-0.7858890739016593,-0.948927250762735,0
-0.30993129292169125,-0.06556468168733408,-0.030704704472457878,-0.015620609228609717,-0.1771337551651984,-1.2702669690263801,-1.1931085566160113,0.6014167670256413,-0.4021717397212003,-0.3890799074315736,0
-0.4661958888360746,-1.5684800212250773,-1.1839330414661757,-1.1215044484222225,-0.7904246931560178,0.18768034245030202,-1.1931085566160113,-1.6627404735414788,-1.3614650751723478,-0.2771104387653413,0
1.8777730498796839,-1.5684800212250773,-1.1839330414661757,-0.015620609228609717,1.2947644960127682,0.673662779609194,-1.1931085566160113,0.6014167670256413,0.9408389299104063,1.4024315912281429,1
1.4089792621365311,1.4373506578504092,1.12252363252126,1.090263229965003,1.1721063084146044,1.159645216768088,0.8381467004446593,-1.6627404735414788,0.9408389299104063,0.3947063732320524,1
-1.8725772520655304,-0.06556468168733408,-1.1839330414661757,-1.1215044484222225,-1.0357410683523456,-1.7562494061852731,-1.1931085566160113,-1.6627404735414788,-0.5940304068114298,-1.5087745940938964,0
0.47139168665022824,-0.06556468168733408,1.12252363252126,1.090263229965003,0.6814735580219489,0.673662779609194,0.8381467004446593,0.6014167670256413,0.1734042615494882,1.2904621225619106,1
-1.8725772520655304,-0.06556468168733408,-0.030704704472457878,-1.1215044484222225,-0.4224501303615262,-0.29830209470859204,-1.1931085566160113,0.6014167670256413,-1.3614650751723478,-1.0608967194289673,0
-1.4037834643223788,-0.06556468168733408,-0.030704704472457878,1.090263229965003,-0.2997919427633623,0.916653998188642,0.8381467004446593,-1.6627404735414788,0.4611922621848325,-1.6207440627601286,0
-0.30993129292169125,-0.06556468168733408,-1.1839330414661757,-1.1215044484222225,-0.9130828807541818,-2.2422318433441673,-1.1931085566160113,-1.6627404735414788,-1.3614650751723478,-1.5087745940938964,0
0.47139168665022824,-0.06556468168733408,1.12252363252126,-1.1215044484222225,0.6814735580219489,1.159645216768088,0.8381467004446593,0.6014167670256413,1.6123442647262096,0.058797967233355536,0
1.0964500703077644,1.4373506578504092,1.12252363252126,1.090263229965003,1.2947644960127682,0.916653998188642,0.8381467004446593,0.6014167670256413,0.8449095963652915,0.9545537165632137,1
1.4089792621365311,-0.06556468168733408,1.12252363252126,1.090263229965003,1.0494481208164406,0.673662779609194,-1.1931085566160113,0.6014167670256413,0.269333595094603,0.9545537165632137,1
-1.4037834643223788,-0.06556468168733408,-1.1839330414661757,2.1961470691586156,-0.9130828807541818,-0.055310876129146085,-1.1931085566160113,0.6014167670256413,0.5571215957299472,-0.05317150143287675,0
0.7839208784789949,-0.06556468168733408,1.12252363252126,1.090263229965003,-0.0544755675670345,-0.784284531867486,0.8381467004446593,0.6014167670256413,0.3652629286397177,-0.8369577820965027,0
1.8777730498796839,-1.5684800212250773,-1.1839330414661757,1.090263229965003,0.06818262003112939,1.159645216768088,0.8381467004446593,0.6014167670256413,0.5571215957299472,0.8425842478969815,1
0.6276562825646116,-0.06556468168733408,-0.030704704472457878,-0.015620609228609717,-0.7904246931560178,-0.29830209470859204,-1.1931085566160113,0.6014167670256413,1.3245562640908652,1.4024315912281429,0
-1.8725772520655304,-0.06556468168733408,-1.1839330414661757,-1.1215044484222225,-1.526373818745001,-1.99924062476472,-1.1931085566160113,-1.6627404735414788,-0.5940304068114298,-1.2848356567614319,0
-0.30993129292169125,-0.06556468168733408,-1.1839330414661757,-1.1215044484222225,-1.1583992559505094,0.43067156102974796,-1.1931085566160113,-1.6627404735414788,-1.3614650751723478,-0.8369577820965027,0
0.15886249482146017,-1.5684800212250773,1.12252363252126,-1.1215044484222225,-1.1583992559505094,0.673662779609194,0.8381467004446593,0.6014167670256413,0.07747492800437346,-0.948927250762735,1
-0.30993129292169125,-0.06556468168733408,1.12252363252126,-1.1215044484222225,-0.1771337551651984,-1.7562494061852731,-1.1931085566160113,0.6014167670256413,0.269333595094603,1.0665231852294461,0
-1.4037834643223788,-1.5684800212250773,1.12252363252126,-0.015620609228609717,0.31349899522745717,-0.29830209470859204,0.8381467004446593,0.6014167670256413,0.4611922621848325,-0.2771104387653413,0
0.0025978989070768233,-0.06556468168733408,-1.1839330414661757,-0.015620609228609717,-1.0357410683523456,-0.29830209470859204,-1.1931085566160113,-1.6627404735414788,0.1734042615494882,-1.732713531426361,0
-1.0912542724936107,-1.5684800212250773,1.12252363252126,-0.015620609228609717,-1.526373818745001,-1.7562494061852731,0.8381467004446593,0.6014167670256413,-1.1696064080821185,0.8425842478969815,0
-1.8725772520655304,-0.06556468168733408,-0.030704704472457878,-1.1215044484222225,-1.1583992559505094,-1.2702669690263801,-1.1931085566160113,0.6014167670256413,-0.9777477409918889,-0.948927250762735,0
0.7839208784789949,1.4373506578504092,1.12252363252126,-1.1215044484222225,1.2947644960127682,1.159645216768088,0.8381467004446593,0.6014167670256413,0.653050929275062,0.9545537165632137,1
-1.8725772520655304,-0.06556468168733408,-1.1839330414661757,-0.015620609228609717,-1.6490320063431652,-0.784284531867486,-1.1931085566160113,0.6014167670256413,-0.8818184074467741,-0.16514097009910902,0
-1.247518868407994,-0.06556468168733408,-0.030704704472457878,-0.015620609228609717,0.19084080762929329,-0.055310876129146085,-1.1931085566160113,0.6014167670256413,-0.9777477409918889,-0.7249883134302705,0
-1.0912542724936107,-0.06556468168733408,-1.1839330414661757,-1.1215044484222225,-2.1396647567358205,-0.29830209470859204,0.8381467004446593,0.6014167670256413,-0.0184544055407413,0.2827369045658201,0
0.9401854743933811,-1.5684800212250773,-1.1839330414661757,-0.015620609228609717,-0.2997919427633623,0.916653998188642,0.8381467004446593,0.6014167670256413,0.9408389299104063,0.8425842478969815,1
0.7839208784789949,-0.06556468168733408,-0.030704704472457878,-1.1215044484222225,-1.0357410683523456,0.916653998188642,-1.1931085566160113,0.6014167670256413,-0.11438373908585606,-0.948927250762735,0
0.6276562825646116,1.4373506578504092,1.12252363252126,1.090263229965003,1.2947644960127682,0.916653998188642,0.8381467004446593,0.6014167670256413,0.8449095963652915,1.0665231852294461,1
1.2527146662221478,-0.06556468168733408,1.12252363252126,-0.015620609228609717,0.5588153704237849,1.159645216768088,0.8381467004446593,0.6014167670256413,0.3652629286397177,1.0665231852294461,1
0.15886249482146017,-0.06556468168733408,-0.030704704472457878,-0.015620609228609717,-1.2810574435486735,0.43067156102974796,0.8381467004446593,-1.6627404735414788,0.1734042615494882,-0.8369577820965027,0
-0.30993129292169125,-1.5684800212250773,1.12252363252126,1.090263229965003,1.2947644960127682,-0.055310876129146085,-1.1931085566160113,0.6014167670256413,1.9001322653615538,1.2904621225619106,1
-0.15366669700730792,-1.5684800212250773,-1.1839330414661757,-1.1215044484222225,-0.7904246931560178,0.916653998188642,-1.1931085566160113,-1.6627404735414788,1.036768263455521,-1.9566524687588256,0
0.47139168665022824,1.4373506578504092,-1.1839330414661757,1.090263229965003,0.19084080762929329,-1.0272757504469332,-1.1931085566160113,-1.6627404735414788,-0.4981010732663151,-0.5010493760978059,1
0.15886249482146017,1.4373506578504092,1.12252363252126,1.090263229965003,1.2947644960127682,1.159645216768088,0.8381467004446593,0.6014167670256413,0.653050929275062,1.5144010598943751,1
-1.8725772520655304,-0.06556468168733408,-1.1839330414661757,-1.1215044484222225,-0.9130828807541818,-0.29830209470859204,-1.1931085566160113,0.6014167670256413,0.269333595094603,-1.1728661880951996,0
1.0964500703077644,1.4373506578504092,1.12252363252126,1.090263229965003,1.2947644960127682,1.159645216768088,0.8381467004446593,0.6014167670256413,0.7489802628201767,1.1784926538956784,1
0.3151270907358449,-1.5684800212250773,-1.1839330414661757,-1.1215044484222225,1.1721063084146044,1.159645216768088,0.8381467004446593,0.6014167670256413,1.1326975970006357,1.1784926538956784,1
-0.15366669700730792,-0.06556468168733408,-1.1839330414661757,-1.1215044484222225,-1.4037156311468373,-0.055310876129146085,-1.1931085566160113,0.6014167670256413,-0.30624240617608556,-0.7249883134302705,0
1.4089792621365311,1.4373506578504092,1.12252363252126,1.090263229965003,1.2947644960127682,1.159645216768088,0.8381467004446593,0.6014167670256413,0.7489802628201767,1.2904621225619106,1
-1.716312656151147,-1.5684800212250773,-1.1839330414661757,-1.1215044484222225,-0.2997919427633623,-1.513258187605826,-1.1931085566160113,-1.6627404735414788,-0.7858890739016593,-1.6207440627601286,0
0.47139168665022824,1.4373506578504092,1.12252363252126,1.090263229965003,1.0494481208164406,0.673662779609194,0.8381467004446593,0.6014167670256413,1.1326975970006357,1.4024315912281429,1
-1.0912542724936107,-1.5684800212250773,-1.1839330414661757,-0.015620609228609717,-0.5451083179596901,-0.784284531867486,-1.1931085566160113,0.6014167670256413,-1.0736770745370037,-0.16514097009910902,0
1.5652438580509145,-0.06556468168733408,1.12252363252126,1.090263229965003,1.2947644960127682,0.916653998188642,0.8381467004446593,0.6014167670256413,0.4611922621848325,1.2904621225619106,1
-1.8725772520655304,-0.06556468168733408,-1.1839330414661757,-1.1215044484222225,-1.4037156311468373,-0.055310876129146085,0.8381467004446593,-1.6627404735414788,-0.8818184074467741,-0.948927250762735,0
-1.5600480602367621,1.4373506578504092,1.12252363252126,-1.1215044484222225,0.6814735580219489,0.18768034245030202,0.8381467004446593,0.6014167670256413,1.42048559763598,0.9545537165632137,1
-0.4661958888360746,-0.06556468168733408,-0.030704704472457878,-1.1215044484222225,-1.2810574435486735,-1.2702669690263801,-1.1931085566160113,-1.6627404735414788,-1.3614650751723478,-1.1728661880951996,0
0.0025978989070768233,-0.06556468168733408,-1.1839330414661757,-0.015620609228609717,-0.7904246931560178,-0.29830209470859204,-1.1931085566160113,-1.6627404735414788,-1.3614650751723478,-0.8369577820965027,0
0.0025978989070768233,-1.5684800212250773,-1.1839330414661757,-1.1215044484222225,0.19084080762929329,-0.055310876129146085,0.8381467004446593,0.6014167670256413,0.653050929275062,-0.3890799074315736,0
1.5652438580509145,1.4373506578504092,1.12252363252126,1.090263229965003,1.2947644960127682,1.159645216768088,0.8381467004446593,0.6014167670256413,0.7489802628201767,0.8425842478969815,1
0.47139168665022824,1.4373506578504092,1.12252363252126,1.090263229965003,1.2947644960127682,1.159645216768088,0.8381467004446593,0.6014167670256413,1.6123442647262096,1.2904621225619106,1
1.2527146662221478,-0.06556468168733408,-1.1839330414661757,-0.015620609228609717,0.19084080762929329,0.43067156102974796,0.8381467004446593,0.6014167670256413,0.07747492800437346,-1.396805125427664,0
-0.6224604847504593,-0.06556468168733408,-0.030704704472457878,-1.1215044484222225,-0.0544755675670345,0.673662779609194,-1.1931085566160113,0.6014167670256413,-1.3614650751723478,-0.2771104387653413,0
-1.5600480602367621,-0.06556468168733408,-0.030704704472457878,-1.1215044484222225,-0.1771337551651984,-1.513258187605826,0.8381467004446593,-1.6627404735414788,-1.3614650751723478,-1.1728661880951996,0
-1.716312656151147,1.4373506578504092,-0.030704704472457878,-1.1215044484222225,0.6814735580219489,-1.513258187605826,0.8381467004446593,0.6014167670256413,-1.0736770745370037,-0.2771104387653413,1
-0.4661958888360746,-0.06556468168733408,-1.1839330414661757,-0.015620609228609717,-0.7904246931560178,-1.513258187605826,-1.1931085566160113,-1.6627404735414788,-1.3614650751723478,-1.2848356567614319,0
0.0025978989070768233,-0.06556468168733408,-1.1839330414661757,-1.1215044484222225,-0.1771337551651984,-1.2702669690263801,-1.1931085566160113,0.6014167670256413,-1.3614650751723478,-1.5087745940938964,0
-0.30993129292169125,-0.06556468168733408,1.12252363252126,-0.015620609228609717,-0.9130828807541818,0.43067156102974796,0.8381467004446593,0.6014167670256413,0.9408389299104063,0.9545537165632137,1
-0.30993129292169125,-1.5684800212250773,-1.1839330414661757,-0.015620609228609717,-1.4037156311468373,-1.7562494061852731,0.8381467004446593,0.6014167670256413,-1.3614650751723478,-1.0608967194289673,0
0.15886249482146017,-0.06556468168733408,-1.1839330414661757,-1.1215044484222225,-1.6490320063431652,-0.5412933132880401,-1.1931085566160113,0.6014167670256413,-0.7858890739016593,0.8425842478969815,0
0.47139168665022824,-1.5684800212250773,-1.1839330414661757,1.090263229965003,1.1721063084146044,0.916653998188642,0.8381467004446593,0.6014167670256413,0.269333595094603,1.0665231852294461,1
-1.8725772520655304,-0.06556468168733408,-1.1839330414661757,-1.1215044484222225,-0.5451083179596901,-0.5412933132880401,-1.1931085566160113,-1.6627404735414788,-1.3614650751723478,-0.3890799074315736,0
0.9401854743933811,-0.06556468168733408,1.12252363252126,-1.1215044484222225,1.2947644960127682,1.159645216768088,0.8381467004446593,0.6014167670256413,1.3245562640908652,0.8425842478969815,1
1.7215084539653005,1.4373506578504092,1.12252363252126,1.090263229965003,1.2947644960127682,1.159645216768088,0.8381467004446593,0.6014167670256413,-0.4021717397212003,1.2904621225619106,1
0.9401854743933811,-0.06556468168733408,-0.030704704472457878,-1.1215044484222225,0.5588153704237849,-0.29830209470859204,0.8381467004446593,0.6014167670256413,1.2286269305457505,0.7306147792307492,1
0.9401854743933811,-0.06556468168733408,1.12252363252126,1.090263229965003,1.2947644960127682,1.159645216768088,0.8381467004446593,0.6014167670256413,1.6123442647262096,1.0665231852294461,1
-1.247518868407994,-0.06556468168733408,-1.1839330414661757,-0.015620609228609717,-0.9130828807541818,-1.7562494061852731,-1.1931085566160113,-1.6627404735414788,-0.7858890739016593,-1.732713531426361,0
0.6276562825646116,1.4373506578504092,1.12252363252126,1.090263229965003,0.6814735580219489,0.43067156102974796,-1.1931085566160113,0.6014167670256413,-1.3614650751723478,0.058797967233355536,1
-0.30993129292169125,-0.06556468168733408,-1.1839330414661757,-0.015620609228609717,-0.2997919427633623,0.43067156102974796,0.8381467004446593,-1.6627404735414788,0.653050929275062,-0.7249883134302705,0
1.4089792621365311,-0.06556468168733408,1.12252363252126,1.090263229965003,1.2947644960127682,1.159645216768088,0.8381467004446593,0.6014167670256413,1.42048559763598,1.1784926538956784,1
0.7839208784789949,-0.06556468168733408,-1.1839330414661757,1.090263229965003,-0.4224501303615262,0.43067156102974796,0.8381467004446593,0.6014167670256413,-1.0736770745370037,0.7306147792307492,1
0.15886249482146017,-0.06556468168733408,-0.030704704472457878,-1.1215044484222225,1.2947644960127682,1.159645216768088,0.8381467004446593,0.6014167670256413,1.42048559763598,1.0665231852294461,0
1.0964500703077644,-0.06556468168733408,-2.3371613784598937,1.090263229965003,0.19084080762929329,-0.29830209470859204,0.8381467004446593,0.6014167670256413,0.4611922621848325,1.5144010598943751,1
-1.716312656151147,-1.5684800212250773,-0.030704704472457878,-0.015620609228609717,-1.526373818745001,-0.29830209470859204,-1.1931085566160113,0.6014167670256413,-1.3614650751723478,-0.948927250762735,0
1.4089792621365311,1.4373506578504092,1.12252363252126,-0.015620609228609717,1.2947644960127682,1.159645216768088,0.8381467004446593,0.6014167670256413,-0.5940304068114298,1.0665231852294461,1
0.7839208784789949,-0.06556468168733408,-0.030704704472457878,1.090263229965003,1.1721063084146044,-0.055310876129146085,0.8381467004446593,0.6014167670256413,0.653050929275062,0.9545537165632137,1
1.0964500703077644,1.4373506578504092,1.12252363252126,1.090263229965003,0.43615718282562105,1.159645216768088,0.8381467004446593,0.6014167670256413,0.7489802628201767,1.2904621225619106,1
0.9401854743933811,-0.06556468168733408,-1.1839330414661757,-1.1215044484222225,1.2947644960127682,-0.055310876129146085,0.8381467004446593,0.6014167670256413,0.7489802628201767,0.618645310564517,0
-1.247518868407994,-0.06556468168733408,1.12252363252126,-1.1215044484222225,-0.7904246931560178,0.43067156102974796,-1.1931085566160113,-1.6627404735414788,-1.265535741627233,1.2904621225619106,0
0.47139168665022824,1.4373506578504092,1.12252363252126,1.090263229965003,1.2947644960127682,1.159645216768088,0.8381467004446593,0.6014167670256413,-0.11438373908585606,1.1784926538956784,1
-0.15366669700730792,-0.06556468168733408,-1.1839330414661757,-1.1215044484222225,-0.2997919427633623,-0.29830209470859204,0.8381467004446593,0.6014167670256413,-0.11438373908585606,1.2904621225619106,0
0.7839208784789949,-0.06556468168733408,-1.1839330414661757,-1.1215044484222225,-1.0357410683523456,-0.784284531867486,-1.1931085566160113,0.6014167670256413,-1.265535741627233,-0.948927250762735,0
1.4089792621365311,-0.06556468168733408,-0.030704704472457878,1.090263229965003,1.2947644960127682,1.159645216768088,0.8381467004446593,0.6014167670256413,1.036768263455521,1.4024315912281429,1
-0.30993129292169125,-0.06556468168733408,-1.1839330414661757,-0.015620609228609717,0.9267899332182766,0.916653998188642,0.8381467004446593,0.6014167670256413,-0.11438373908585606,-1.0608967194289673,1
1.2527146662221478,-1.5684800212250773,1.12252363252126,1.090263229965003,1.2947644960127682,1.159645216768088,0.8381467004446593,0.6014167670256413,0.07747492800437346,1.5144010598943751,1
0.7839208784789949,1.4373506578504092,1.12252363252126,1.090263229965003,1.2947644960127682,-0.29830209470859204,0.8381467004446593,0.6014167670256413,1.3245562640908652,0.2827369045658201,1
-1.4037834643223788,-0.06556468168733408,1.12252363252126,-1.1215044484222225,-1.6490320063431652,-1.7562494061852731,0.8381467004446593,0.6014167670256413,-1.3614650751723478,-1.5087745940938964,1
-1.247518868407994,-1.5684800212250773,-1.1839330414661757,-1.1215044484222225,-2.3849811319321486,0.673662779609194,-1.1931085566160113,-1.6627404735414788,1.036768263455521,-0.8369577820965027,0
-1.4037834643223788,-0.06556468168733408,-1.1839330414661757,-0.015620609228609717,-0.1771337551651984,-0.5412933132880401,0.8381467004446593,-1.6627404735414788,0.8449095963652915,1.2904621225619106,0
-0.4661958888360746,1.4373506578504092,-1.1839330414661757,1.090263229965003,-2.1396647567358205,0.916653998188642,-1.1931085566160113,-1.6627404735414788,-1.3614650751723478,-0.3890799074315736,0
0.0025978989070768233,-1.5684800212250773,1.12252363252126,-1.1215044484222225,0.9267899332182766,0.916653998188642,0.8381467004446593,0.6014167670256413,1.1326975970006357,-1.6207440627601286,1
0.9401854743933811,-1.5684800212250773,1.12252363252126,1.090263229965003,1.2947644960127682,1.159645216768088,0.8381467004446593,0.6014167670256413,1.7082735982713242,1.0665231852294461,1
-1.5600480602367621,-1.5684800212250773,-1.1839330414661757,-1.1215044484222225,-0.5451083179596901,0.673662779609194,-1.1931085566160113,0.6014167670256413,-0.5940304068114298,-1.5087745940938964,0
-1.4037834643223788,-0.06556468168733408,-1.1839330414661757,-0.015620609228609717,-0.5451083179596901,-0.055310876129146085,-1.1931085566160113,0.6014167670256413,-1.3614650751723478,-0.8369577820965027,0
0.9401854743933811,1.4373506578504092,1.12252363252126,1.090263229965003,0.19084080762929329,1.159645216768088,0.8381467004446593,0.6014167670256413,0.07747492800437346,1.1784926538956784,1
0.7839208784789949,-0.06556468168733408,-1.1839330414661757,-0.015620609228609717,-0.667766505557854,0.673662779609194,0.8381467004446593,-1.6627404735414788,-0.4981010732663151,-0.8369577820965027,0
-0.6224604847504593,-0.06556468168733408,-0.030704704472457878,-1.1215044484222225,0.31349899522745717,0.18768034245030202,0.8381467004446593,-1.6627404735414788,-1.3614650751723478,-1.0608967194289673,0
-1.8725772520655304,-0.06556468168733408,-1.1839330414661757,-0.015620609228609717,0.43615718282562105,0.18768034245030202,-1.1931085566160113,-1.6627404735414788,-1.3614650751723478,-1.0608967194289673,0
-0.30993129292169125,-1.5684800212250773,-1.1839330414661757,-0.015620609228609717,-1.8943483815394928,-0.055310876129146085,-1.1931085566160113,0.6014167670256413,-1.3614650751723478,-1.1728661880951996,0
-0.30993129292169125,-0.06556468168733408,-1.1839330414661757,-0.015620609228609717,0.43615718282562105,0.18768034245030202,-1.1931085566160113,0.6014167670256413,-1.265535741627233,-1.2848356567614319,0
1.4089792621365311,1.4373506578504092,1.12252363252126,1.090263229965003,1.2947644960127682,1.159645216768088,0.8381467004446593,0.6014167670256413,0.1734042615494882,1.5144010598943751,1
-0.15366669700730792,-0.06556468168733408,-0.030704704472457878,1.090263229965003,-0.4224501303615262,1.159645216768088,0.8381467004446593,0.6014167670256413,-0.11438373908585606,1.1784926538956784,0
-1.5600480602367621,-1.5684800212250773,-0.030704704472457878,-1.1215044484222225,-0.5451083179596901,-0.29830209470859204,-1.1931085566160113,0.6014167670256413,-1.3614650751723478,-1.1728661880951996,0
1.8777730498796839,-0.06556468168733408,1.12252363252126,1.090263229965003,0.8041317456201127,1.159645216768088,0.8381467004446593,0.6014167670256413,0.8449095963652915,0.2827369045658201,1
-1.8725772520655304,-0.06556468168733408,-0.030704704472457878,2.1961470691586156,-0.2997919427633623,0.18768034245030202,0.8381467004446593,-1.6627404735414788,-0.4981010732663151,0.618645310564517,0
1.2527146662221478,1.4373506578504092,1.12252363252126,1.090263229965003,-0.2997919427633623,0.43067156102974796,0.8381467004446593,0.6014167670256413,1.1326975970006357,1.1784926538956784,1
1.4089792621365311,1.4373506578504092,1.12252363252126,1.090263229965003,0.8041317456201127,-0.5412933132880401,0.8381467004446593,0.6014167670256413,0.5571215957299472,1.1784926538956784,1
-1.0912542724936107,-0.06556468168733408,-1.1839330414661757,1.090263229965003,-0.667766505557854,0.43067156102974796,0.8381467004446593,0.6014167670256413,0.8449095963652915,1.2904621225619106,0
-1.5600480602367621,-0.06556468168733408,-1.1839330414661757,-1.1215044484222225,-1.8943483815394928,-1.513258187605826,-1.1931085566160113,0.6014167670256413,-1.3614650751723478,-1.6207440627601286,0
0.47139168665022824,-1.5684800212250773,1.12252363252126,1.090263229965003,0.19084080762929329,0.43067156102974796,0.8381467004446593,0.6014167670256413,1.5164149311810948,1.5144010598943751,1
0.3151270907358449,1.4373506578504092,1.12252363252126,1.090263229965003,1.2947644960127682,1.159645216768088,0.8381467004446593,0.6014167670256413,0.4611922621848325,0.618645310564517,1
0.7839208784789949,-1.5684800212250773,1.12252363252126,-0.015620609228609717,1.2947644960127682,1.159645216768088,0.8381467004446593,0.6014167670256413,1.2286269305457505,1.0665231852294461,1
-1.8725772520655304,-1.5684800212250773,-1.1839330414661757,-1.1215044484222225,0.8041317456201127,-1.0272757504469332,-1.1931085566160113,-1.6627404735414788,0.269333595094603,-0.5010493760978059,0
-1.716312656151147,-0.06556468168733408,-1.1839330414661757,-0.015620609228609717,-1.8943483815394928,-0.5412933132880401,0.8381467004446593,-1.6627404735414788,-1.3614650751723478,-0.6130188447640381,0
0.3151270907358449,-0.06556468168733408,-0.030704704472457878,-1.1215044484222225,0.8041317456201127,0.43067156102974796,0.8381467004446593,0.6014167670256413,0.653050929275062,-0.5010493760978059,0
-1.5600480602367621,-1.5684800212250773,1.12252363252126,-1.1215044484222225,1.2947644960127682,-0.055310876129146085,0.8381467004446593,0.6014167670256413,0.9408389299104063,-1.0608967194289673,1
0.47139168665022824,-0.06556468168733408,-0.030704704472457878,-1.1215044484222225,0.6814735580219489,-0.055310876129146085,-1.1931085566160113,0.6014167670256413,-0.9777477409918889,-0.2771104387653413,0
-0.9349896765792275,-0.06556468168733408,-0.030704704472457878,-0.015620609228609717,-1.4037156311468373,-0.29830209470859204,-1.1931085566160113,-1.6627404735414788,0.653050929275062,-1.1728661880951996,0
0.6276562825646116,-0.06556468168733408,1.12252363252126,2.1961470691586156,1.2947644960127682,1.159645216768088,0.8381467004446593,0.6014167670256413,-0.0184544055407413,0.8425842478969815,1
0.9401854743933811,1.4373506578504092,1.12252363252126,-0.015620609228609717,1.2947644960127682,1.159645216768088,0.8381467004446593,-1.6627404735414788,-1.3614650751723478,0.618645310564517,1
1.0964500703077644,-0.06556468168733408,1.12252363252126,1.090263229965003,1.2947644960127682,0.673662779609194,0.8381467004446593,0.6014167670256413,0.3652629286397177,1.0665231852294461,1
1.2527146662221478,1.4373506578504092,1.12252363252126,1.090263229965003,1.2947644960127682,1.159645216768088,0.8381467004446593,0.6014167670256413,1.036768263455521,1.0665231852294461,1
-0.15366669700730792,-0.06556468168733408,1.12252363252126,-1.1215044484222225,-1.0357410683523456,0.916653998188642,0.8381467004446593,-1.6627404735414788,-0.4981010732663151,-0.8369577820965027,0
0.3151270907358449,-0.06556468168733408,1.12252363252126,2.1961470691586156,0.8041317456201127,0.43067156102974796,0.8381467004446593,0.6014167670256413,-0.0184544055407413,-0.8369577820965027,1
0.3151270907358449,-0.06556468168733408,1.12252363252126,1.090263229965003,1.2947644960127682,1.159645216768088,0.8381467004446593,-1.6627404735414788,1.42048559763598,1.5144010598943751,1
-0.30993129292169125,-1.5684800212250773,1.12252363252126,-0.015620609228609717,-1.771690193941329,-0.29830209470859204,-1.1931085566160113,-1.6627404735414788,-1.0736770745370037,-0.8369577820965027,0
0.9401854743933811,-1.5684800212250773,1.12252363252126,-1.1215044484222225,0.9267899332182766,0.673662779609194,0.8381467004446593,0.6014167670256413,0.653050929275062,0.7306147792307492,1
0.9401854743933811,-0.06556468168733408,1.12252363252126,1.090263229965003,1.0494481208164406,1.159645216768088,0.8381467004446593,0.6014167670256413,0.7489802628201767,-0.7249883134302705,1
-1.8725772520655304,-0.06556468168733408,-0.030704704472457878,-1.1215044484222225,-1.526373818745001,0.18768034245030202,-1.1931085566160113,-1.6627404735414788,0.269333595094603,-0.7249883134302705,0
0.6276562825646116,-1.5684800212250773,1.12252363252126,-1.1215044484222225,1.2947644960127682,0.43067156102974796,0.8381467004446593,-1.6627404735414788,0.8449095963652915,1.1784926538956784,1
-0.4661958888360746,-1.5684800212250773,-1.1839330414661757,-0.015620609228609717,-1.1583992559505094,-0.055310876129146085,-1.1931085566160113,0.6014167670256413,-1.3614650751723478,-0.6130188447640381,0
-0.15366669700730792,-0.06556468168733408,-1.1839330414661757,-1.1215044484222225,-0.7904246931560178,-0.055310876129146085,-1.1931085566160113,0.6014167670256413,-1.3614650751723478,0.17076743589958782,1
-0.9349896765792275,-0.06556468168733408,-1.1839330414661757,-0.015620609228609717,0.9267899332182766,-0.29830209470859204,-1.1931085566160113,-1.6627404735414788,0.5571215957299472,-0.5010493760978059,0
1.4089792621365311,-1.5684800212250773,-1.1839330414661757,-1.1215044484222225,-1.6490320063431652,0.18768034245030202,-1.1931085566160113,0.6014167670256413,-1.265535741627233,-0.2771104387653413,0
-0.30993129292169125,-1.5684800212250773,1.12252363252126,-0.015620609228609717,-0.667766505557854,1.159645216768088,0.8381467004446593,0.6014167670256413,0.653050929275062,-0.3890799074315736,0
0.15886249482146017,-1.5684800212250773,-0.030704704472457878,-1.1215044484222225,-0.667766505557854,0.916653998188642,0.8381467004446593,0.6014167670256413,0.7489802628201767,0.7306147792307492,1
-0.6224604847504593,-0.06556468168733408,-1.1839330414661757,-1.1215044484222225,-0.0544755675670345,-0.784284531867486,-1.1931085566160113,0.6014167670256413,-0.21031307263097082,0.7306147792307492,0
0.7839208784789949,-0.06556468168733408,-1.1839330414661757,-0.015620609228609717,-0.0544755675670345,-0.5412933132880401,0.8381467004446593,0.6014167670256413,-1.0736770745370037,0.9545537165632137,0
0.6276562825646116,-0.06556468168733408,-1.1839330414661757,-0.015620609228609717,-1.1583992559505094,0.673662779609194,-1.1931085566160113,-1.6627404735414788,-0.6899597403565446,-0.8369577820965027,0
1.7215084539653005,1.4373506578504092,1.12252363252126,1.090263229965003,1.2947644960127682,1.159645216768088,0.8381467004446593,0.6014167670256413,0.269333595094603,1.2904621225619106,1
1.0964500703077644,-1.5684800212250773,1.12252363252126,1.090263229965003,1.0494481208164406,-1.513258187605826,0.8381467004446593,0.6014167670256413,0.653050929275062,1.1784926538956784,1
-1.8725772520655304,-0.06556468168733408,-0.030704704472457878,-0.015620609228609717,0.31349899522745717,-0.784284531867486,-1.1931085566160113,0.6014167670256413,0.4611922621848325,-0.05317150143287675,0
0.15886249482146017,1.4373506578504092,1.12252363252126,1.090263229965003,1.2947644960127682,0.916653998188642,0.8381467004446593,0.6014167670256413,1.036768263455521,1.2904621225619106,1
0.6276562825646116,1.4373506578504092,1.12252363252126,1.090263229965003,0.8041317456201127,0.43067156102974796,0.8381467004446593,0.6014167670256413,1.42048559763598,0.7306147792307492,1
0.9401854743933811,-0.06556468168733408,-0.030704704472457878,1.090263229965003,1.1721063084146044,1.159645216768088,0.8381467004446593,0.6014167670256413,0.5571215957299472,0.9545537165632137,1
0.7839208784789949,-0.06556468168733408,1.12252363252126,1.090263229965003,0.6814735580219489,0.673662779609194,0.8381467004446593,0.6014167670256413,1.6123442647262096,0.3947063732320524,1
-0.15366669700730792,-0.06556468168733408,1.12252363252126,-1.1215044484222225,0.9267899332182766,0.18768034245030202,0.8381467004446593,0.6014167670256413,0.1734042615494882,-0.3890799074315736,1
1.0964500703077644,-0.06556468168733408,1.12252363252126,1.090263229965003,1.2947644960127682,1.159645216768088,0.8381467004446593,0.6014167670256413,1.804202931816439,1.0665231852294461,1
0.15886249482146017,1.4373506578504092,1.12252363252126,1.090263229965003,0.5588153704237849,-0.5412933132880401,0.8381467004446593,0.6014167670256413,0.653050929275062,0.618645310564517,1
-0.30993129292169125,-1.5684800212250773,1.12252363252126,1.090263229965003,0.8041317456201127,0.18768034245030202,-1.1931085566160113,0.6014167670256413,1.3245562640908652,1.1784926538956784,0
1.0964500703077644,1.4373506578504092,1.12252363252126,1.090263229965003,1.2947644960127682,1.159645216768088,0.8381467004446593,0.6014167670256413,0.9408389299104063,1.2904621225619106,1
0.6276562825646116,-0.06556468168733408,-0.030704704472457878,-1.1215044484222225,1.0494481208164406,0.673662779609194,0.8381467004446593,0.6014167670256413,1.2286269305457505,1.2904621225619106,1
1.5652438580509145,1.4373506578504092,-1.1839330414661757,2.1961470691586156,0.31349899522745717,0.43067156102974796,0.8381467004446593,0.6014167670256413,0.653050929275062,-0.16514097009910902,1
-0.15366669700730792,-0.06556468168733408,-1.1839330414661757,-1.1215044484222225,-0.667766505557854,0.673662779609194,0.8381467004446593,0.6014167670256413,0.653050929275062,-1.1728661880951996,0
1.2527146662221478,1.4373506578504092,1.12252363252126,-1.1215044484222225,0.31349899522745717,0.18768034245030202,0.8381467004446593,0.6014167670256413,1.7082735982713242,0.9545537165632137,1
1.2527146662221478,-0.06556468168733408,1.12252363252126,1.090263229965003,1.1721063084146044,1.159645216768088,0.8381467004446593,0.6014167670256413,1.2286269305457505,0.9545537165632137,1
-1.0912542724936107,-0.06556468168733408,-1.1839330414661757,-0.015620609228609717,-1.1583992559505094,-0.784284531867486,-1.1931085566160113,-1.6627404735414788,-0.8818184074467741,-1.8446830000925933,0
0.0025978989070768233,-0.06556468168733408,-0.030704704472457878,-1.1215044484222225,-2.017006569137657,-0.055310876129146085,-1.1931085566160113,-1.6627404735414788,-1.3614650751723478,-0.2771104387653413,0
1.8777730498796839,1.4373506578504092,1.12252363252126,-1.1215044484222225,1.2947644960127682,1.159645216768088,0.8381467004446593,0.6014167670256413,0.1734042615494882,1.0665231852294461,1
1.7215084539653005,-0.06556468168733408,1.12252363252126,1.090263229965003,0.5588153704237849,-0.29830209470859204,0.8381467004446593,0.6014167670256413,0.3652629286397177,0.8425842478969815,1
0.9401854743933811,1.4373506578504092,1.12252363252126,1.090263229965003,1.2947644960127682,1.159645216768088,0.8381467004446593,0.6014167670256413,0.4611922621848325,0.9545537165632137,1
0.15886249482146017,1.4373506578504092,-1.1839330414661757,1.090263229965003,0.43615718282562105,-0.055310876129146085,0.8381467004446593,0.6014167670256413,0.7489802628201767,-0.5010493760978059,0
-0.30993129292169125,-0.06556468168733408,1.12252363252126,-1.1215044484222225,0.06818262003112939,0.43067156102974796,0.8381467004446593,-1.6627404735414788,0.7489802628201767,0.618645310564517,0
-0.30993129292169125,-0.06556468168733408,-0.030704704472457878,-1.1215044484222225,0.31349899522745717,0.18768034245030202,-1.1931085566160113,0.6014167670256413,-1.1696064080821185,-1.5087745940938964,1
1.2527146662221478,-0.06556468168733408,-1.1839330414661757,1.090263229965003,0.43615718282562105,-0.055310876129146085,0.8381467004446593,0.6014167670256413,1.9001322653615538,1.2904621225619106,1
0.7839208784789949,-0.06556468168733408,1.12252363252126,1.090263229965003,1.2947644960127682,1.159645216768088,0.8381467004446593,0.6014167670256413,1.1326975970006357,0.9545537165632137,1
-0.30993129292169125,-1.5684800212250773,-1.1839330414661757,-1.1215044484222225,0.6814735580219489,-1.0272757504469332,0.8381467004446593,0.6014167670256413,1.2286269305457505,0.7306147792307492,0
-0.30993129292169125,-0.06556468168733408,-1.1839330414661757,-0.015620609228609717,-1.1583992559505094,-1.2702669690263801,-1.1931085566160113,-1.6627404735414788,-1.3614650751723478,-1.2848356567614319,0
0.0025978989070768233,-0.06556468168733408,-1.1839330414661757,-1.1215044484222225,1.2947644960127682,0.673662779609194,-1.1931085566160113,-1.6627404735414788,0.3652629286397177,1.5144010598943751,1
-0.6224604847504593,-1.5684800212250773,-1.1839330414661757,2.1961470691586156,0.19084080762929329,1.159645216768088,0.8381467004446593,0.6014167670256413,0.653050929275062,1.4024315912281429,0
1.5652438580509145,1.4373506578504092,1.12252363252126,2.1961470691586156,1.2947644960127682,1.159645216768088,0.8381467004446593,0.6014167670256413,0.7489802628201767,1.2904621225619106,1
1.0964500703077644,-0.06556468168733408,1.12252363252126,1.090263229965003,1.2947644960127682,1.159645216768088,0.8381467004446593,-1.6627404735414788,0.7489802628201767,0.8425842478969815,0
0.15886249482146017,-1.5684800212250773,-0.030704704472457878,-1.1215044484222225,0.06818262003112939,-0.5412933132880401,-1.1931085566160113,0.6014167670256413,-0.8818184074467741,0.9545537165632137,1
-0.30993129292169125,-0.06556468168733408,-1.1839330414661757,-1.1215044484222225,-0.1771337551651984,-2.485223061923614,-1.1931085566160113,-1.6627404735414788,-0.4981010732663151,-1.5087745940938964,0
-0.15366669700730792,-0.06556468168733408,-0.030704704472457878,-1.1215044484222225,0.31349899522745717,-0.784284531867486,-1.1931085566160113,-1.6627404735414788,-0.9777477409918889,-0.7249883134302705,0
0.0025978989070768233,-1.5684800212250773,-1.1839330414661757,-1.1215044484222225,0.19084080762929329,1.159645216768088,0.8381467004446593,0.6014167670256413,-0.0184544055407413,-1.2848356567614319,1
0.3151270907358449,1.4373506578504092,-1.1839330414661757,1.090263229965003,0.19084080762929329,1.159645216768088,0.8381467004446593,-1.6627404735414788,1.2286269305457505,0.8425842478969815,1
-1.4037834643223788,1.4373506578504092,1.12252363252126,1.090263229965003,1.2947644960127682,-0.055310876129146085,0.8381467004446593,0.6014167670256413,1.1326975970006357,0.5066758418982846,0
1.0964500703077644,-1.5684800212250773,-1.1839330414661757,2.1961470691586156,0.43615718282562105,-0.055310876129146085,0.8381467004446593,0.6014167670256413,0.1734042615494882,-0.05317150143287675,0
1.2527146662221478,1.4373506578504092,1.12252363252126,1.090263229965003,1.2947644960127682,1.159645216768088,0.8381467004446593,0.6014167670256413,0.3652629286397177,1.5144010598943751,1
0.15886249482146017,-1.5684800212250773,-1.1839330414661757,-1.1215044484222225,-0.667766505557854,-0.784284531867486,-1.1931085566160113,-1.6627404735414788,-1.3614650751723478,-1.2848356567614319,0
0.7839208784789949,-1.5684800212250773,-0.030704704472457878,-0.015620609228609717,0.43615718282562105,1.159645216768088,-1.1931085566160113,0.6014167670256413,0.1734042615494882,-1.0608967194289673,0
0.3151270907358449,-0.06556468168733408,-1.1839330414661757,-1.1215044484222225,-0.9130828807541818,-1.7562494061852731,-1.1931085566160113,-1.6627404735414788,-1.3614650751723478,-0.7249883134302705,0
-1.8725772520655304,-0.06556468168733408,1.12252363252126,1.090263229965003,-0.5451083179596901,0.916653998188642,0.8381467004446593,-1.6627404735414788,0.8449095963652915,-1.396805125427664,0
-1.716312656151147,-0.06556468168733408,-0.030704704472457878,-0.015620609228609717,-1.4037156311468373,0.916653998188642,-1.1931085566160113,-1.6627404735414788,-1.265535741627233,-0.948927250762735,0
-1.247518868407994,-0.06556468168733408,-0.030704704472457878,-0.015620609228609717,-0.9130828807541818,-1.99924062476472,-1.1931085566160113,0.6014167670256413,-1.0736770745370037,-0.5010493760978059,0
-0.4661958888360746,-0.06556468168733408,-1.1839330414661757,-1.1215044484222225,-0.9130828807541818,-0.5412933132880401,-1.1931085566160113,0.6014167670256413,0.653050929275062,-0.05317150143287675,0
-0.15366669700730792,-0.06556468168733408,1.12252363252126,1.090263229965003,-0.5451083179596901,-0.055310876129146085,0.8381467004446593,-1.6627404735414788,-1.3614650751723478,-1.1728661880951996,0
-0.4661958888360746,-0.06556468168733408,-1.1839330414661757,-0.015620609228609717,-1.4037156311468373,0.916653998188642,-1.1931085566160113,0.6014167670256413,-1.3614650751723478,-0.948927250762735,0
1.0964500703077644,-0.06556468168733408,1.12252363252126,-1.1215044484222225,-0.4224501303615262,0.916653998188642,0.8381467004446593,0.6014167670256413,0.269333595094603,-0.05317150143287675,1
-0.30993129292169125,-0.06556468168733408,-1.1839330414661757,-1.1215044484222225,-1.526373818745001,-0.055310876129146085,-1.1931085566160113,-1.6627404735414788,-0.7858890739016593,-0.6130188447640381,0
0.7839208784789949,1.4373506578504092,1.12252363252126,1.090263229965003,1.2947644960127682,1.159645216768088,0.8381467004446593,0.6014167670256413,1.42048559763598,1.5144010598943751,1
0.15886249482146017,-0.06556468168733408,-0.030704704472457878,1.090263229965003,1.2947644960127682,1.159645216768088,0.8381467004446593,0.6014167670256413,0.7489802628201767,1.1784926538956784,1
1.4089792621365311,1.4373506578504092,1.12252363252126,1.090263229965003,1.2947644960127682,0.43067156102974796,0.8381467004446593,0.6014167670256413,0.9408389299104063,1.0665231852294461,1
-1.8725772520655304,-0.06556468168733408,-1.1839330414661757,-0.015620609228609717,-1.526373818745001,-1.7562494061852731,-1.1931085566160113,-1.6627404735414788,-1.3614650751723478,-1.0608967194289673,0
0.9401854743933811,-0.06556468168733408,1.12252363252126,1.090263229965003,0.8041317456201127,1.159645216768088,0.8381467004446593,-1.6627404735414788,0.07747492800437346,0.618645310564517,0
0.9401854743933811,1.4373506578504092,1.12252363252126,1.090263229965003,1.1721063084146044,1.159645216768088,0.8381467004446593,0.6014167670256413,0.8449095963652915,1.2904621225619106,1
0.0025978989070768233,-0.06556468168733408,-0.030704704472457878,-1.1215044484222225,-1.2810574435486735,-1.99924062476472,-1.1931085566160113,0.6014167670256413,-1.265535741627233,-1.732713531426361,0
0.0025978989070768233,1.4373506578504092,-1.1839330414661757,-1.1215044484222225,-1.0357410683523456,0.43067156102974796,0.8381467004446593,0.6014167670256413,0.07747492800437346,-0.5010493760978059,0
-1.8725772520655304,-1.5684800212250773,-1.1839330414661757,-1.1215044484222225,-1.8943483815394928,-0.055310876129146085,0.8381467004446593,0.6014167670256413,-0.4981010732663151,-1.2848356567614319,0
0.7839208784789949,1.4373506578504092,1.12252363252126,1.090263229965003,1.0494481208164406,0.916653998188642,0.8381467004446593,0.6014167670256413,1.3245562640908652,0.9545537165632137,1
-0.9349896765792275,-1.5684800212250773,-1.1839330414661757,-1.1215044484222225,-0.4224501303615262,-1.0272757504469332,-1.1931085566160113,-1.6627404735414788,-0.4981010732663151,-0.6130188447640381,0
0.0025978989070768233,-0.06556468168733408,-1.1839330414661757,-1.1215044484222225,-1.2810574435486735,-0.784284531867486,-1.1931085566160113,-1.6627404735414788,-1.3614650751723478,-0.6130188447640381,0
-1.5600480602367621,-0.06556468168733408,-1.1839330414661757,-1.1215044484222225,-1.6490320063431652,0.18768034245030202,-1.1931085566160113,0.6014167670256413,-0.5940304068114298,-0.8369577820965027,0
-0.9349896765792275,-0.06556468168733408,-1.1839330414661757,-1.1215044484222225,-0.2997919427633623,-0.5412933132880401,-1.1931085566160113,0.6014167670256413,0.4611922621848325,-0.948927250762735,0
-0.9349896765792275,1.4373506578504092,-0.030704704472457878,1.090263229965003,0.43615718282562105,1.159645216768088,0.8381467004446593,0.6014167670256413,-0.6899597403565446,1.2904621225619106,1
0.3151270907358449,1.4373506578504092,-1.1839330414661757,1.090263229965003,1.1721063084146044,1.159645216768088,0.8381467004446593,-1.6627404735414788,0.8449095963652915,0.2827369045658201,0
1.0964500703077644,1.4373506578504092,1.12252363252126,1.090263229965003,1.1721063084146044,0.18768034245030202,0.8381467004446593,0.6014167670256413,0.5571215957299472,1.5144010598943751,1
-0.6224604847504593,-0.06556468168733408,1.12252363252126,-0.015620609228609717,-0.0544755675670345,-2.485223061923614,-1.1931085566160113,0.6014167670256413,0.269333595094603,-0.6130188447640381,0
0.47139168665022824,-1.5684800212250773,-2.3371613784598937,1.090263229965003,-0.4224501303615262,1.159645216768088,0.8381467004446593,-1.6627404735414788,-0.6899597403565446,-1.1728661880951996,1
-0.30993129292169125,-1.5684800212250773,1.12252363252126,1.090263229965003,1.2947644960127682,1.159645216768088,0.8381467004446593,-1.6627404735414788,1.1326975970006357,-0.948927250762735,1
-0.6224604847504593,-0.06556468168733408,-1.1839330414661757,-1.1215044484222225,-1.771690193941329,-1.0272757504469332,-1.1931085566160113,-1.6627404735414788,-0.0184544055407413,-0.8369577820965027,0
-0.4661958888360746,-1.5684800212250773,-1.1839330414661757,-0.015620609228609717,0.06818262003112939,-0.29830209470859204,-1.1931085566160113,-1.6627404735414788,-1.3614650751723478,-0.6130188447640381,0
-1.0912542724936107,-0.06556468168733408,-1.1839330414661757,-0.015620609228609717,0.8041317456201127,-1.2702669690263801,-1.1931085566160113,-1.6627404735414788,-1.1696064080821185,-0.2771104387653413,0
0.0025978989070768233,-1.5684800212250773,-1.1839330414661757,-0.015620609228609717,-1.4037156311468373,-2.485223061923614,-1.1931085566160113,0.6014167670256413,-1.0736770745370037,-0.5010493760978059,0
0.15886249482146017,-1.5684800212250773,1.12252363252126,1.090263229965003,0.6814735580219489,0.673662779609194,0.8381467004446593,0.6014167670256413,0.5571215957299472,0.7306147792307492,0
-0.15366669700730792,-1.5684800212250773,-1.1839330414661757,-0.015620609228609717,-0.7904246931560178,-2.485223061923614,-1.1931085566160113,-1.6627404735414788,-1.265535741627233,-1.396805125427664,0
-1.8725772520655304,-1.5684800212250773,-0.030704704472457878,-1.1215044484222225,-0.667766505557854,0.43067156102974796,-1.1931085566160113,-1.6627404735414788,-0.6899597403565446,-0.7249883134302705,0
0.7839208784789949,-0.06556468168733408,-1.1839330414661757,1.090263229965003,-0.5451083179596901,-0.055310876129146085,-1.1931085566160113,0.6014167670256413,0.07747492800437346,1.1784926538956784,1
-0.7787250806648427,-0.06556468168733408,-0.030704704472457878,-0.015620609228609717,-0.2997919427633623,-0.5412933132880401,-1.1931085566160113,0.6014167670256413,-1.3614650751723478,-1.1728661880951996,0
-1.4037834643223788,-0.06556468168733408,-0.030704704472457878,-0.015620609228609717,-0.1771337551651984,0.18768034245030202,-1.1931085566160113,-1.6627404735414788,-1.3614650751723478,-1.2848356567614319,0
-0.15366669700730792,1.4373506578504092,-0.030704704472457878,1.090263229965003,-2.3849811319321486,0.18768034245030202,-1.1931085566160113,-1.6627404735414788,-1.3614650751723478,-1.5087745940938964,0
0.9401854743933811,-1.5684800212250773,-0.030704704472457878,-1.1215044484222225,-0.1771337551651984,0.43067156102974796,-1.1931085566160113,0.6014167670256413,0.8449095963652915,-0.948927250762735,1
0.0025978989070768233,-0.06556468168733408,-0.030704704472457878,-1.1215044484222225,0.31349899522745717,-0.5412933132880401,-1.1931085566160113,0.6014167670256413,0.4611922621848325,-0.05317150143287675,0
0.47139168665022824,-0.06556468168733408,1.12252363252126,-0.015620609228609717,1.1721063084146044,0.43067156102974796,0.8381467004446593,0.6014167670256413,1.2286269305457505,0.9545537165632137,1
-0.30993129292169125,-0.06556468168733408,-1.1839330414661757,-1.1215044484222225,-1.1583992559505094,1.159645216768088,-1.1931085566160113,-1.6627404735414788,-0.7858890739016593,-0.2771104387653413,0
1.0964500703077644,-0.06556468168733408,-1.1839330414661757,-0.015620609228609717,-0.7904246931560178,-0.055310876129146085,-1.1931085566160113,0.6014167670256413,-0.4981010732663151,-0.16514097009910902,0
1.0964500703077644,1.4373506578504092,1.12252363252126,1.090263229965003,0.5588153704237849,-1.513258187605826,-1.1931085566160113,-1.6627404735414788,1.1326975970006357,0.8425842478969815,0
0.7839208784789949,-0.06556468168733408,1.12252363252126,1.090263229965003,1.0494481208164406,1.159645216768088,0.8381467004446593,0.6014167670256413,0.7489802628201767,0.618645310564517,0
-0.7787250806648427,-0.06556468168733408,-1.1839330414661757,-0.015620609228609717,-2.017006569137657,-1.0272757504469332,-1.1931085566160113,-1.6627404735414788,-0.7858890739016593,-0.8369577820965027,0
0.9401854743933811,-0.06556468168733408,-0.030704704472457878,1.090263229965003,1.2947644960127682,1.159645216768088,0.8381467004446593,0.6014167670256413,0.8449095963652915,1.1784926538956784,1
-0.15366669700730792,-0.06556468168733408,-1.1839330414661757,-0.015620609228609717,-1.6490320063431652,-0.055310876129146085,-1.1931085566160113,-1.6627404735414788,-1.265535741627233,-0.3890799074315736,0
-1.8725772520655304,-0.06556468168733408,-1.1839330414661757,-0.015620609228609717,-1.4037156311468373,-1.513258187605826,-1.1931085566160113,-1.6627404735414788,-1.3614650751723478,-1.1728661880951996,0
0.6276562825646116,1.4373506578504092,1.12252363252126,1.090263229965003,1.2947644960127682,1.159645216768088,0.8381467004446593,0.6014167670256413,1.9960615989066686,1.2904621225619106,1
-0.4661958888360746,-0.06556468168733408,-1.1839330414661757,1.090263229965003,-1.4037156311468373,-0.055310876129146085,-1.1931085566160113,0.6014167670256413,-0.7858890739016593,-1.6207440627601286,0
0.7839208784789949,1.4373506578504092,1.12252363252126,1.090263229965003,1.2947644960127682,1.159645216768088,0.8381467004446593,0.6014167670256413,0.7489802628201767,1.5144010598943751,1
1.2527146662221478,1.4373506578504092,1.12252363252126,1.090263229965003,1.2947644960127682,1.159645216768088,0.8381467004446593,0.6014167670256413,0.7489802628201767,1.5144010598943751,1
-0.30993129292169125,-0.06556468168733408,-0.030704704472457878,-0.015620609228609717,-0.7904246931560178,1.159645216768088,0.8381467004446593,-1.6627404735414788,-0.8818184074467741,0.2827369045658201,0
1.0964500703077644,-1.5684800212250773,-0.030704704472457878,-0.015620609228609717,0.6814735580219489,-0.055310876129146085,0.8381467004446593,0.6014167670256413,-0.6899597403565446,0.7306147792307492,1
0.3151270907358449,-0.06556468168733408,1.12252363252126,1.090263229965003,0.5588153704237849,1.159645216768088,0.8381467004446593,-1.6627404735414788,0.1734042615494882,1.0665231852294461,1
-0.15366669700730792,-0.06556468168733408,-0.030704704472457878,-0.015620609228609717,-0.7904246931560178,-1.513258187605826,-1.1931085566160113,0.6014167670256413,-1.3614650751723478,-1.396805125427664,0
-0.15366669700730792,-0.06556468168733408,-1.1839330414661757,-1.1215044484222225,0.5588153704237849,-0.29830209470859204,0.8381467004446593,0.6014167670256413,-0.6899597403565446,-1.1728661880951996,0
-0.7787250806648427,-0.06556468168733408,-1.1839330414661757,-1.1215044484222225,-0.1771337551651984,-0.29830209470859204,-1.1931085566160113,-1.6627404735414788,-0.4021717397212003,-0.05317150143287675,0
0.15886249482146017,-0.06556468168733408,-1.1839330414661757,-0.015620609228609717,-2.017006569137657,-0.5412933132880401,-1.1931085566160113,0.6014167670256413,-1.3614650751723478,-0.8369577820965027,0
0.15886249482146017,1.4373506578504092,-1.1839330414661757,-1.1215044484222225,1.0494481208164406,-0.784284531867486,-1.1931085566160113,0.6014167670256413,-1.3614650751723478,-0.6130188447640381,0
-0.15366669700730792,-0.06556468168733408,-1.1839330414661757,-1.1215044484222225,-0.4224501303615262,-0.784284531867486,-1.1931085566160113,0.6014167670256413,0.5571215957299472,-0.5010493760978059,1
-1.4037834643223788,-1.5684800212250773,-1.1839330414661757,1.090263229965003,-0.2997919427633623,-1.7562494061852731,-1.1931085566160113,0.6014167670256413,-1.1696064080821185,-1.1728661880951996,0
-0.15366669700730792,-0.06556468168733408,-1.1839330414661757,-1.1215044484222225,-1.526373818745001,-1.2702669690263801,-1.1931085566160113,-1.6627404735414788,-1.3614650751723478,-1.1728661880951996,0
-0.30993129292169125,-0.06556468168733408,-1.1839330414661757,-1.1215044484222225,-1.8943483815394928,-2.2422318433441673,-1.1931085566160113,-1.6627404735414788,-1.265535741627233,-0.948927250762735,0
1.0964500703077644,-0.06556468168733408,1.12252363252126,-1.1215044484222225,-0.5451083179596901,0.18768034245030202,0.8381467004446593,0.6014167670256413,-0.11438373908585606,1.2904621225619106,1
1.0964500703077644,-0.06556468168733408,-1.1839330414661757,-0.015620609228609717,0.5588153704237849,-0.29830209470859204,0.8381467004446593,-1.6627404735414788,0.3652629286397177,-0.05317150143287675,0
0.15886249482146017,-0.06556468168733408,-1.1839330414661757,1.090263229965003,0.6814735580219489,-1.2702669690263801,-1.1931085566160113,0.6014167670256413,-0.8818184074467741,-0.8369577820965027,0
1.0964500703077644,-0.06556468168733408,1.12252363252126,1.090263229965003,1.2947644960127682,-0.055310876129146085,0.8381467004446593,0.6014167670256413,0.3652629286397177,1.1784926538956784,1
-1.8725772520655304,-1.5684800212250773,1.12252363252126,1.090263229965003,0.5588153704237849,-1.0272757504469332,0.8381467004446593,0.6014167670256413,1.3245562640908652,1.5144010598943751,1
-0.7787250806648427,-0.06556468168733408,-0.030704704472457878,-1.1215044484222225,-1.2810574435486735,0.43067156102974796,-1.1931085566160113,0.6014167670256413,-1.265535741627233,-0.8369577820965027,1
-1.8725772520655304,-0.06556468168733408,-0.030704704472457878,-1.1215044484222225,-0.4224501303615262,-0.055310876129146085,0.8381467004446593,0.6014167670256413,-0.0184544055407413,-0.16514097009910902,0
-1.716312656151147,-0.06556468168733408,-1.1839330414661757,-0.015620609228609717,0.19084080762929329,-0.784284531867486,-1.1931085566160113,-1.6627404735414788,-1.3614650751723478,-0.948927250762735,0
-1.8725772520655304,1.4373506578504092,1.12252363252126,-1.1215044484222225,1.0494481208164406,0.43067156102974796,-1.1931085566160113,-1.6627404735414788,0.9408389299104063,-1.396805125427664,0
0.7839208784789949,1.4373506578504092,-0.030704704472457878,1.090263229965003,1.2947644960127682,0.673662779609194,0.8381467004446593,0.6014167670256413,-0.11438373908585606,1.4024315912281429,1
-0.4661958888360746,-0.06556468168733408,-1.1839330414661757,-0.015620609228609717,-2.017006569137657,-1.7562494061852731,-1.1931085566160113,-1.6627404735414788,-0.4021717397212003,-1.0608967194289673,0
-0.7787250806648427,-1.5684800212250773,-0.030704704472457878,-0.015620609228609717,-1.0357410683523456,-1.7562494061852731,-1.1931085566160113,-1.6627404735414788,-1.3614650751723478,-0.7249883134302705,0
-0.30993129292169125,-0.06556468168733408,-0.030704704472457878,-1.1215044484222225,0.9267899332182766,0.673662779609194,0.8381467004446593,0.6014167670256413,1.3245562640908652,0.7306147792307492,1
-0.30993129292169125,-1.5684800212250773,-1.1839330414661757,-1.1215044484222225,0.06818262003112939,-0.5412933132880401,-1.1931085566160113,0.6014167670256413,-0.6899597403565446,-0.16514097009910902,0
-0.4661958888360746,-0.06556468168733408,-1.1839330414661757,-1.1215044484222225,-1.2810574435486735,-1.7562494061852731,-1.1931085566160113,0.6014167670256413,-1.3614650751723478,-0.5010493760978059,0
0.6276562825646116,1.4373506578504092,1.12252363252126,1.090263229965003,1.2947644960127682,1.159645216768088,0.8381467004446593,0.6014167670256413,0.653050929275062,1.0665231852294461,1
0.15886249482146017,1.4373506578504092,1.12252363252126,-1.1215044484222225,-0.1771337551651984,1.159645216768088,0.8381467004446593,-1.6627404735414788,0.4611922621848325,0.8425842478969815,1
-0.15366669700730792,-0.06556468168733408,-1.1839330414661757,-0.015620609228609717,-0.7904246931560178,0.43067156102974796,-1.1931085566160113,-1.6627404735414788,-1.3614650751723478,-1.5087745940938964,0
0.47139168665022824,-0.06556468168733408,-1.1839330414661757,-1.1215044484222225,-0.2997919427633623,-1.0272757504469332,0.8381467004446593,0.6014167670256413,0.269333595094603,-0.7249883134302705,1
-0.30993129292169125,-0.06556468168733408,-1.1839330414661757,-1.1215044484222225,-2.3849811319321486,-1.513258187605826,-1.1931085566160113,-1.6627404735414788,-1.3614650751723478,-1.2848356567614319,0
1.0964500703077644,1.4373506578504092,1.12252363252126,1.090263229965003,1.2947644960127682,1.159645216768088,0.8381467004446593,0.6014167670256413,1.3245562640908652,1.0665231852294461,1
0.3151270907358449,-0.06556468168733408,-1.1839330414661757,1.090263229965003,-1.8943483815394928,-0.29830209470859204,-1.1931085566160113,0.6014167670256413,-1.265535741627233,-0.7249883134302705,1
-1.247518868407994,-0.06556468168733408,1.12252363252126,-0.015620609228609717,0.5588153704237849,0.18768034245030202,0.8381467004446593,0.6014167670256413,0.3652629286397177,1.5144010598943751,1
0.0025978989070768233,-0.06556468168733408,-1.1839330414661757,-0.015620609228609717,0.5588153704237849,0.18768034245030202,0.8381467004446593,0.6014167670256413,0.269333595094603,-0.3890799074315736,0
-0.30993129292169125,-0.06556468168733408,-1.1839330414661757,-0.015620609228609717,-1.6490320063431652,-0.055310876129146085,-1.1931085566160113,-1.6627404735414788,-1.1696064080821185,-1.2848356567614319,0
0.6276562825646116,1.4373506578504092,1.12252363252126,1.090263229965003,1.2947644960127682,1.159645216768088,0.8381467004446593,0.6014167670256413,1.6123442647262096,1.5144010598943751,1
-1.716312656151147,-1.5684800212250773,1.12252363252126,-1.1215044484222225,0.8041317456201127,1.159645216768088,-1.1931085566160113,-1.6627404735414788,0.9408389299104063,-0.948927250762735,0
0.7839208784789949,-1.5684800212250773,1.12252363252126,1.090263229965003,0.06818262003112939,0.18768034245030202,0.8381467004446593,0.6014167670256413,-0.4981010732663151,1.1784926538956784,1
-1.5600480602367621,-0.06556468168733408,-0.030704704472457878,-0.015620609228609717,-0.4224501303615262,-2.7282142805030603,-1.1931085566160113,0.6014167670256413,-1.3614650751723478,0.618645310564517,0
-0.15366669700730792,-0.06556468168733408,1.12252363252126,-0.015620609228609717,-0.667766505557854,-0.055310876129146085,0.8381467004446593,0.6014167670256413,-0.11438373908585606,-1.1728661880951996,1
-1.4037834643223788,-1.5684800212250773,-1.1839330414661757,-1.1215044484222225,-1.526373818745001,-1.7562494061852731,-1.1931085566160113,-1.6627404735414788,-1.3614650751723478,-1.396805125427664,0
-1.5600480602367621,-0.06556468168733408,-1.1839330414661757,-0.015620609228609717,0.43615718282562105,-0.055310876129146085,-1.1931085566160113,-1.6627404735414788,-1.3614650751723478,-1.2848356567614319,0
1.0964500703077644,-0.06556468168733408,1.12252363252126,1.090263229965003,-0.5451083179596901,0.43067156102974796,0.8381467004446593,0.6014167670256413,0.9408389299104063,-1.396805125427664,0
-0.15366669700730792,-0.06556468168733408,-1.1839330414661757,-1.1215044484222225,-2.2623229443339845,-1.513258187605826,-1.1931085566160113,-1.6627404735414788,-0.4981010732663151,-0.16514097009910902,0
-0.6224604847504593,-1.5684800212250773,-1.1839330414661757,-1.1215044484222225,-0.1771337551651984,-1.513258187605826,-1.1931085566160113,0.6014167670256413,0.9408389299104063,1.2904621225619106,0
0.0025978989070768233,-1.5684800212250773,-0.030704704472457878,-1.1215044484222225,-0.4224501303615262,-1.513258187605826,-1.1931085566160113,0.6014167670256413,-1.0736770745370037,-0.8369577820965027,0
-0.4661958888360746,-0.06556468168733408,-0.030704704472457878,-1.1215044484222225,0.06818262003112939,-0.055310876129146085,-1.1931085566160113,0.6014167670256413,-0.4021717397212003,-0.8369577820965027,0
-1.5600480602367621,-0.06556468168733408,-1.1839330414661757,-1.1215044484222225,-0.2997919427633623,-1.2702669690263801,-1.1931085566160113,-1.6627404735414788,-1.3614650751723478,-1.9566524687588256,0
-0.4661958888360746,-0.06556468168733408,-0.030704704472457878,-1.1215044484222225,-0.667766505557854,-0.5412933132880401,0.8381467004446593,0.6014167670256413,-0.30624240617608556,-0.7249883134302705,0
0.6276562825646116,-0.06556468168733408,1.12252363252126,2.1961470691586156,1.2947644960127682,1.159645216768088,0.8381467004446593,0.6014167670256413,-0.21031307263097082,0.9545537165632137,1
1.0964500703077644,-0.06556468168733408,-1.1839330414661757,2.1961470691586156,1.2947644960127682,0.43067156102974796,0.8381467004446593,0.6014167670256413,0.269333595094603,-0.6130188447640381,1
-1.8725772520655304,-0.06556468168733408,-1.1839330414661757,-1.1215044484222225,-0.667766505557854,-1.0272757504469332,-1.1931085566160113,-1.6627404735414788,0.07747492800437346,-0.8369577820965027,0
1.2527146662221478,-1.5684800212250773,-1.1839330414661757,-0.015620609228609717,1.2947644960127682,1.159645216768088,0.8381467004446593,-1.6627404735414788,-0.7858890739016593,0.058797967233355536,0
1.4089792621365311,1.4373506578504092,1.12252363252126,1.090263229965003,1.2947644960127682,1.159645216768088,0.8381467004446593,0.6014167670256413,1.1326975970006357,0.7306147792307492,1
1.5652438580509145,-1.5684800212250773,-1.1839330414661757,-1.1215044484222225,0.9267899332182766,1.159645216768088,0.8381467004446593,-1.6627404735414788,0.7489802628201767,0.5066758418982846,1
0.7839208784789949,-0.06556468168733408,1.12252363252126,1.090263229965003,1.1721063084146044,0.43067156102974796,0.8381467004446593,0.6014167670256413,1.42048559763598,1.5144010598943751,1
0.0025978989070768233,1.4373506578504092,-1.1839330414661757,-1.1215044484222225,0.6814735580219489,-1.99924062476472,0.8381467004446593,0.6014167670256413,-0.9777477409918889,-0.2771104387653413,0
1.0964500703077644,-0.06556468168733408,-1.1839330414661757,-0.015620609228609717,-1.526373818745001,-1.99924062476472,-1.1931085566160113,0.6014167670256413,-1.3614650751723478,-1.1728661880951996,0
-1.247518868407994,-0.06556468168733408,-1.1839330414661757,-0.015620609228609717,-0.5451083179596901,-1.513258187605826,-1.1931085566160113,0.6014167670256413,-0.4021717397212003,-0.948927250762735,0
0.7839208784789949,-0.06556468168733408,1.12252363252126,-1.1215044484222225,0.5588153704237849,-0.5412933132880401,0.8381467004446593,0.6014167670256413,0.7489802628201767,-0.8369577820965027,1
0.9401854743933811,-1.5684800212250773,1.12252363252126,1.090263229965003,1.1721063084146044,1.159645216768088,0.8381467004446593,0.6014167670256413,1.6123442647262096,1.1784926538956784,1
-0.4661958888360746,-0.06556468168733408,-1.1839330414661757,-0.015620609228609717,0.31349899522745717,-1.513258187605826,-1.1931085566160113,-1.6627404735414788,-1.265535741627233,0.058797967233355536,0
-1.716312656151147,-0.06556468168733408,-0.030704704472457878,-1.1215044484222225,-0.1771337551651984,-0.5412933132880401,0.8381467004446593,-1.6627404735414788,0.4611922621848325,-1.1728661880951996,0
-0.15366669700730792,-1.5684800212250773,-1.1839330414661757,1.090263229965003,-0.0544755675670345,1.159645216768088,0.8381467004446593,0.6014167670256413,-1.265535741627233,1.1784926538956784,1
0.9401854743933811,1.4373506578504092,1.12252363252126,-1.1215044484222225,0.31349899522745717,0.673662779609194,0.8381467004446593,0.6014167670256413,1.036768263455521,-0.8369577820965027,1
-1.8725772520655304,-1.5684800212250773,-1.1839330414661757,-0.015620609228609717,0.5588153704237849,-1.7562494061852731,-1.1931085566160113,-1.6627404735414788,-0.7858890739016593,-1.2848356567614319,0
-0.30993129292169125,-0.06556468168733408,-1.1839330414661757,-1.1215044484222225,-1.1583992559505094,-1.513258187605826,-1.1931085566160113,0.6014167670256413,-1.3614650751723478,-0.2771104387653413,0
1.4089792621365311,1.4373506578504092,1.12252363252126,-1.1215044484222225,0.19084080762929329,0.916653998188642,0.8381467004446593,0.6014167670256413,0.7489802628201767,0.3947063732320524,1
1.0964500703077644,1.4373506578504092,-0.030704704472457878,1.090263229965003,-0.1771337551651984,0.43067156102974796,0.8381467004446593,0.6014167670256413,0.5571215957299472,0.618645310564517,1
1.0964500703077644,-1.5684800212250773,1.12252363252126,1.090263229965003,0.9267899332182766,1.159645216768088,0.8381467004446593,0.6014167670256413,1.1326975970006357,0.9545537165632137,1
-1.8725772520655304,-0.06556468168733408,-1.1839330414661757,-1.1215044484222225,-2.1396647567358205,-0.784284531867486,-1.1931085566160113,-1.6627404735414788,-0.7858890739016593,-0.05317150143287675,0
1.0964500703077644,-0.06556468168733408,-1.1839330414661757,-0.015620609228609717,-1.1583992559505094,1.159645216768088,0.8381467004446593,-1.6627404735414788,-0.21031307263097082,1.0665231852294461,0
0.6276562825646116,-1.5684800212250773,1.12252363252126,-1.1215044484222225,1.2947644960127682,1.159645216768088,0.8381467004446593,0.6014167670256413,1.42048559763598,1.5144010598943751,1
0.0025978989070768233,-0.06556468168733408,-1.1839330414661757,-0.015620609228609717,-1.526373818745001,-1.513258187605826,-1.1931085566160113,-1.6627404735414788,-1.3614650751723478,-0.7249883134302705,0
-0.15366669700730792,1.4373506578504092,-0.030704704472457878,1.090263229965003,-1.526373818745001,0.916653998188642,0.8381467004446593,-1.6627404735414788,-1.1696064080821185,-0.948927250762735,0
-1.8725772520655304,-0.06556468168733408,-1.1839330414661757,-0.015620609228609717,-1.6490320063431652,-1.513258187605826,-1.1931085566160113,0.6014167670256413,-1.3614650751723478,-1.5087745940938964,0
0.7839208784789949,-0.06556468168733408,1.12252363252126,1.090263229965003,1.2947644960127682,0.916653998188642,0.8381467004446593,0.6014167670256413,1.1326975970006357,1.5144010598943751,1
-0.15366669700730792,-0.06556468168733408,-0.030704704472457878,-1.1215044484222225,-0.9130828807541818,-0.29830209470859204,-1.1931085566160113,0.6014167670256413,-0.9777477409918889,-1.0608967194289673,1
-1.247518868407994,-0.06556468168733408,-1.1839330414661757,-0.015620609228609717,-2.1396647567358205,-1.99924062476472,-1.1931085566160113,-1.6627404735414788,-1.3614650751723478,-0.948927250762735,0
-1.8725772520655304,-1.5684800212250773,-1.1839330414661757,-0.015620609228609717,-1.6490320063431652,0.673662779609194,-1.1931085566160113,-1.6627404735414788,-0.6899597403565446,-0.948927250762735,0
-0.4661958888360746,-0.06556468168733408,-1.1839330414661757,-0.015620609228609717,-1.8943483815394928,-1.0272757504469332,-1.1931085566160113,-1.6627404735414788,-0.5940304068114298,-1.5087745940938964,0
-0.15366669700730792,-0.06556468168733408,-0.030704704472457878,-1.1215044484222225,-0.7904246931560178,-1.513258187605826,-1.1931085566160113,0.6014167670256413,-0.21031307263097082,-1.5087745940938964,0
1.4089792621365311,1.4373506578504092,1.12252363252126,-0.015620609228609717,0.31349899522745717,0.43067156102974796,0.8381467004446593,0.6014167670256413,0.7489802628201767,0.8425842478969815,1
0.15886249482146017,-0.06556468168733408,-1.1839330414661757,-1.1215044484222225,-1.0357410683523456,-0.5412933132880401,0.8381467004446593,0.6014167670256413,0.7489802628201767,-0.8369577820965027,1
1.0964500703077644,1.4373506578504092,1.12252363252126,1.090263229965003,1.2947644960127682,1.159645216768088,0.8381467004446593,0.6014167670256413,0.8449095963652915,0.9545537165632137,1
-0.30993129292169125,-1.5684800212250773,-0.030704704472457878,-1.1215044484222225,0.31349899522745717,1.159645216768088,0.8381467004446593,0.6014167670256413,-0.11438373908585606,-1.1728661880951996,1
0.9401854743933811,-0.06556468168733408,1.12252363252126,-0.015620609228609717,0.19084080762929329,-0.055310876129146085,0.8381467004446593,0.6014167670256413,0.9408389299104063,1.5144010598943751,0
-1.8725772520655304,1.4373506578504092,-1.1839330414661757,-1.1215044484222225,-0.5451083179596901,-0.055310876129146085,0.8381467004446593,0.6014167670256413,-0.0184544055407413,-0.16514097009910902,0
1.0964500703077644,1.4373506578504092,1.12252363252126,1.090263229965003,1.1721063084146044,0.43067156102974796,0.8381467004446593,0.6014167670256413,1.2286269305457505,0.9545537165632137,1
-0.30993129292169125,-0.06556468168733408,-1.1839330414661757,-0.015620609228609717,0.31349899522745717,0.673662779609194,-1.1931085566160113,0.6014167670256413,-0.9777477409918889,-0.05317150143287675,0
0.15886249482146017,1.4373506578504092,1.12252363252126,1.090263229965003,0.19084080762929329,1.159645216768088,-1.1931085566160113,0.6014167670256413,-0.4021717397212003,0.5066758418982846,0
0.0025978989070768233,-0.06556468168733408,1.12252363252126,-0.015620609228609717,-1.0357410683523456,0.673662779609194,0.8381467004446593,-1.6627404735414788,-1.3614650751723478,-0.2771104387653413,0
-0.15366669700730792,-0.06556468168733408,-1.1839330414661757,-0.015620609228609717,-0.2997919427633623,-0.29830209470859204,-1.1931085566160113,0.6014167670256413,-0.9777477409918889,-0.3890799074315736,0
1.4089792621365311,-0.06556468168733408,1.12252363252126,1.090263229965003,1.2947644960127682,1.159645216768088,0.8381467004446593,0.6014167670256413,0.8449095963652915,1.4024315912281429,1
-1.4037834643223788,-0.06556468168733408,-0.030704704472457878,-0.015620609228609717,-0.5451083179596901,-0.784284531867486,-1.1931085566160113,0.6014167670256413,-0.6899597403565446,0.17076743589958782,0
1.5652438580509145,-0.06556468168733408,-0.030704704472457878,1.090263229965003,-0.2997919427633623,-0.055310876129146085,0.8381467004446593,0.6014167670256413,0.9408389299104063,1.5144010598943751,1
0.6276562825646116,1.4373506578504092,1.12252363252126,1.090263229965003,1.2947644960127682,1.159645216768088,0.8381467004446593,0.6014167670256413,1.036768263455521,1.4024315912281429,1
1.0964500703077644,1.4373506578504092,1.12252363252126,1.090263229965003,1.0494481208164406,0.916653998188642,0.8381467004446593,0.6014167670256413,0.8449095963652915,1.1784926538956784,1
-0.30993129292169125,-0.06556468168733408,-1.1839330414661757,-0.015620609228609717,-1.4037156311468373,-0.055310876129146085,-1.1931085566160113,-1.6627404735414788,-0.7858890739016593,-0.8369577820965027,0
-1.8725772520655304,1.4373506578504092,-0.030704704472457878,-0.015620609228609717,0.19084080762929329,1.159645216768088,-1.1931085566160113,-1.6627404735414788,-0.7858890739016593,-0.6130188447640381,0
-0.30993129292169125,-0.06556468168733408,-0.030704704472457878,-1.1215044484222225,0.19084080762929329,-0.055310876129146085,-1.1931085566160113,0.6014167670256413,-0.30624240617608556,-0.948927250762735,0
1.0964500703077644,-0.06556468168733408,1.12252363252126,-1.1215044484222225,-0.7904246931560178,0.916653998188642,0.8381467004446593,0.6014167670256413,0.269333595094603,-0.16514097009910902,0
-0.15366669700730792,1.4373506578504092,1.12252363252126,1.090263229965003,1.2947644960127682,0.43067156102974796,0.8381467004446593,0.6014167670256413,0.5571215957299472,0.9545537165632137,1
0.15886249482146017,1.4373506578504092,1.12252363252126,-1.1215044484222225,0.19084080762929329,0.43067156102974796,0.8381467004446593,0.6014167670256413,0.7489802628201767,0.7306147792307492,0
-0.30993129292169125,-0.06556468168733408,-1.1839330414661757,-1.1215044484222225,0.31349899522745717,0.43067156102974796,-1.1931085566160113,0.6014167670256413,-0.6899597403565446,-0.2771104387653413,0
1.5652438580509145,-0.06556468168733408,1.12252363252126,1.090263229965003,0.06818262003112939,0.916653998188642,0.8381467004446593,0.6014167670256413,0.653050929275062,0.8425842478969815,1
-1.8725772520655304,-0.06556468168733408,-1.1839330414661757,-1.1215044484222225,-1.0357410683523456,0.43067156102974796,-1.1931085566160113,-1.6627404735414788,-0.7858890739016593,-1.0608967194289673,0
-0.15366669700730792,1.4373506578504092,-1.1839330414661757,-0.015620609228609717,1.1721063084146044,-1.0272757504469332,-1.1931085566160113,0.6014167670256413,-1.3614650751723478,-0.8369577820965027,0
0.0025978989070768233,-0.06556468168733408,1.12252363252126,1.090263229965003,0.8041317456201127,0.18768034245030202,0.8381467004446593,0.6014167670256413,1.3245562640908652,-0.8369577820965027,1
-1.8725772520655304,-0.06556468168733408,-1.1839330414661757,-1.1215044484222225,0.06818262003112939,-1.2702669690263801,-1.1931085566160113,0.6014167670256413,-0.4981010732663151,-0.6130188447640381,0
0.6276562825646116,-0.06556468168733408,1.12252363252126,-1.1215044484222225,1.0494481208164406,-0.784284531867486,0.8381467004446593,0.6014167670256413,0.653050929275062,-0.948927250762735,1
0.3151270907358449,1.4373506578504092,-1.1839330414661757,-1.1215044484222225,-0.7904246931560178,-0.29830209470859204,-1.1931085566160113,-1.6627404735414788,-1.265535741627233,-0.3890799074315736,0
0.47139168665022824,-1.5684800212250773,1.12252363252126,2.1961470691586156,-0.9130828807541818,0.43067156102974796,0.8381467004446593,0.6014167670256413,0.1734042615494882,0.7306147792307492,1
0.6276562825646116,-0.06556468168733408,-0.030704704472457878,-1.1215044484222225,-0.0544755675670345,0.43067156102974796,0.8381467004446593,0.6014167670256413,-0.4021717397212003,0.17076743589958782,0
-0.15366669700730792,-0.06556468168733408,-1.1839330414661757,-1.1215044484222225,-0.667766505557854,0.43067156102974796,-1.1931085566160113,0.6014167670256413,0.07747492800437346,-0.948927250762735,0
0.9401854743933811,-0.06556468168733408,1.12252363252126,1.090263229965003,0.6814735580219489,1.159645216768088,0.8381467004446593,0.6014167670256413,1.036768263455521,0.8425842478969815,1
-0.30993129292169125,-1.5684800212250773,-1.1839330414661757,-0.015620609228609717,0.31349899522745717,0.916653998188642,-1.1931085566160113,-1.6627404735414788,0.269333595094603,-0.5010493760978059,0
0.15886249482146017,-1.5684800212250773,1.12252363252126,1.090263229965003,1.1721063084146044,0.916653998188642,0.8381467004446593,0.6014167670256413,0.269333595094603,1.5144010598943751,1
0.15886249482146017,1.4373506578504092,-0.030704704472457878,1.090263229965003,1.2947644960127682,1.159645216768088,0.8381467004446593,-1.6627404735414788,1.1326975970006357,0.8425842478969815,1
0.47139168665022824,1.4373506578504092,1.12252363252126,1.090263229965003,1.2947644960127682,0.916653998188642,0.8381467004446593,0.6014167670256413,0.8449095963652915,0.618645310564517,1
-0.4661958888360746,-0.06556468168733408,-1.1839330414661757,-1.1215044484222225,-0.0544755675670345,-0.784284531867486,0.8381467004446593,0.6014167670256413,-0.21031307263097082,0.5066758418982846,1
0.47139168665022824,-0.06556468168733408,-1.1839330414661757,1.090263229965003,-0.1771337551651984,-0.055310876129146085,0.8381467004446593,-1.6627404735414788,-0.21031307263097082,-0.6130188447640381,0
1.4089792621365311,-0.06556468168733408,-0.030704704472457878,-1.1215044484222225,-0.5451083179596901,-1.0272757504469332,0.8381467004446593,0.6014167670256413,0.653050929275062,-1.5087745940938964,1
0.15886249482146017,1.4373506578504092,-0.030704704472457878,-1.1215044484222225,-1.2810574435486735,-1.513258187605826,-1.1931085566160113,-1.6627404735414788,0.07747492800437346,-0.8369577820965027,0
-0.7787250806648427,1.4373506578504092,-1.1839330414661757,2.1961470691586156,0.5588153704237849,-1.0272757504469332,-1.1931085566160113,0.6014167670256413,0.269333595094603,-0.7249883134302705,0
0.47139168665022824,1.4373506578504092,1.12252363252126,1.090263229965003,1.2947644960127682,1.159645216768088,0.8381467004446593,0.6014167670256413,0.1734042615494882,1.4024315912281429,1
-1.0912542724936107,-0.06556468168733408,-1.1839330414661757,-1.1215044484222225,-0.9130828807541818,0.18768034245030202,-1.1931085566160113,0.6014167670256413,0.4611922621848325,-1.0608967194289673,0
-1.0912542724936107,-0.06556468168733408,-1.1839330414661757,-1.1215044484222225,-1.771690193941329,0.673662779609194,0.8381467004446593,0.6014167670256413,-1.0736770745370037,-1.8446830000925933,0
-0.4661958888360746,-0.06556468168733408,1.12252363252126,1.090263229965003,0.43615718282562105,1.159645216768088,-1.1931085566160113,0.6014167670256413,-0.11438373908585606,1.5144010598943751,1
-0.30993129292169125,-0.06556468168733408,-1.1839330414661757,-0.015620609228609717,-1.8943483815394928,0.673662779609194,-1.1931085566160113,0.6014167670256413,-1.3614650751723478,-1.732713531426361,0
0.15886249482146017,-0.06556468168733408,1.12252363252126,-1.1215044484222225,0.31349899522745717,-1.513258187605826,0.8381467004446593,-1.6627404735414788,0.5571215957299472,-1.2848356567614319,0
-1.247518868407994,-0.06556468168733408,-0.030704704472457878,-1.1215044484222225,-1.6490320063431652,0.18768034245030202,0.8381467004446593,0.6014167670256413,-1.1696064080821185,1.0665231852294461,1
0.15886249482146017,1.4373506578504092,1.12252363252126,1.090263229965003,1.2947644960127682,1.159645216768088,0.8381467004446593,0.6014167670256413,1.6123442647262096,0.8425842478969815,1
-0.15366669700730792,-0.06556468168733408,-0.030704704472457878,-1.1215044484222225,-0.1771337551651984,-1.2702669690263801,-1.1931085566160113,-1.6627404735414788,0.1734042615494882,-1.1728661880951996,0
-0.15366669700730792,-0.06556468168733408,-1.1839330414661757,2.1961470691586156,-1.771690193941329,-0.784284531867486,0.8381467004446593,0.6014167670256413,-1.3614650751723478,-0.6130188447640381,0
0.0025978989070768233,-0.06556468168733408,1.12252363252126,1.090263229965003,1.2947644960127682,0.43067156102974796,0.8381467004446593,0.6014167670256413,1.1326975970006357,1.2904621225619106,1
0.9401854743933811,1.4373506578504092,1.12252363252126,1.090263229965003,0.5588153704237849,0.43067156102974796,0.8381467004446593,-1.6627404735414788,0.3652629286397177,1.0665231852294461,1
-1.0912542724936107,-1.5684800212250773,-1.1839330414661757,-0.015620609228609717,0.6814735580219489,1.159645216768088,0.8381467004446593,-1.6627404735414788,-1.3614650751723478,-1.2848356567614319,0
0.0025978989070768233,-0.06556468168733408,-0.030704704472457878,1.090263229965003,0.8041317456201127,1.159645216768088,0.8381467004446593,0.6014167670256413,0.3652629286397177,1.2904621225619106,1
-1.4037834643223788,-1.5684800212250773,-1.1839330414661757,-1.1215044484222225,0.8041317456201127,-0.784284531867486,-1.1931085566160113,-1.6627404735414788,-1.3614650751723478,-0.3890799074315736,0
1.0964500703077644,-0.06556468168733408,1.12252363252126,1.090263229965003,1.2947644960127682,0.43067156102974796,0.8381467004446593,0.6014167670256413,0.7489802628201767,1.4024315912281429,1
0.9401854743933811,-0.06556468168733408,1.12252363252126,1.090263229965003,0.9267899332182766,0.673662779609194,-1.1931085566160113,0.6014167670256413,0.5571215957299472,-1.396805125427664,1
-0.4661958888360746,-0.06556468168733408,1.12252363252126,-1.1215044484222225,0.9267899332182766,1.159645216768088,0.8381467004446593,0.6014167670256413,0.269333595094603,1.1784926538956784,1
-1.4037834643223788,-0.06556468168733408,-1.1839330414661757,-1.1215044484222225,-0.667766505557854,-0.055310876129146085,-1.1931085566160113,0.6014167670256413,-1.3614650751723478,-0.948927250762735,0
-1.8725772520655304,-0.06556468168733408,-1.1839330414661757,-1.1215044484222225,-1.1583992559505094,-0.5412933132880401,0.8381467004446593,0.6014167670256413,-1.0736770745370037,-1.8446830000925933,0
-0.4661958888360746,-1.5684800212250773,-1.1839330414661757,-1.1215044484222225,-0.2997919427633623,0.18768034245030202,-1.1931085566160113,-1.6627404735414788,-0.7858890739016593,-1.0608967194289673,0
0.6276562825646116,1.4373506578504092,1.12252363252126,1.090263229965003,0.8041317456201127,-1.2702669690263801,0.8381467004446593,0.6014167670256413,0.1734042615494882,1.0665231852294461,1
0.3151270907358449,1.4373506578504092,1.12252363252126,1.090263229965003,0.5588153704237849,-0.784284531867486,0.8381467004446593,-1.6627404735414788,1.804202931816439,0.7306147792307492,0
1.4089792621365311,-0.06556468168733408,-0.030704704472457878,-0.015620609228609717,-1.526373818745001,-0.784284531867486,0.8381467004446593,0.6014167670256413,-1.3614650751723478,-0.8369577820965027,0
1.2527146662221478,1.4373506578504092,-0.030704704472457878,1.090263229965003,0.9267899332182766,1.159645216768088,0.8381467004446593,0.6014167670256413,1.804202931816439,1.2904621225619106,1
-0.15366669700730792,-0.06556468168733408,-1.1839330414661757,-1.1215044484222225,-0.667766505557854,-1.2702669690263801,-1.1931085566160113,-1.6627404735414788,-1.3614650751723478,-0.2771104387653413,0
-0.30993129292169125,-0.06556468168733408,1.12252363252126,-1.1215044484222225,0.43615718282562105,0.673662779609194,0.8381467004446593,0.6014167670256413,1.1326975970006357,0.618645310564517,0
-0.15366669700730792,-0.06556468168733408,-0.030704704472457878,-0.015620609228609717,-1.526373818745001,-1.0272757504469332,-1.1931085566160113,-1.6627404735414788,-1.3614650751723478,-1.0608967194289673,0
0.0025978989070768233,-0.06556468168733408,-0.030704704472457878,-1.1215044484222225,-0.7904246931560178,1.159645216768088,0.8381467004446593,0.6014167670256413,-1.3614650751723478,-1.2848356567614319,1
1.0964500703077644,-1.5684800212250773,1.12252363252126,1.090263229965003,1.0494481208164406,-0.055310876129146085,0.8381467004446593,0.6014167670256413,1.42048559763598,1.0665231852294461,1
0.6276562825646116,-0.06556468168733408,-0.030704704472457878,-0.015620609228609717,0.06818262003112939,0.18768034245030202,0.8381467004446593,0.6014167670256413,0.653050929275062,1.1784926538956784,1
1.2527146662221478,1.4373506578504092,1.12252363252126,1.090263229965003,0.43615718282562105,0.673662779609194,0.8381467004446593,0.6014167670256413,0.3652629286397177,0.7306147792307492,1
0.47139168665022824,1.4373506578504092,-0.030704704472457878,1.090263229965003,0.9267899332182766,0.673662779609194,0.8381467004446593,0.6014167670256413,0.07747492800437346,0.9545537165632137,0
-0.30993129292169125,-0.06556468168733408,-0.030704704472457878,1.090263229965003,-1.1583992559505094,0.916653998188642,0.8381467004446593,0.6014167670256413,-1.3614650751723478,-0.5010493760978059,0
-0.15366669700730792,-1.5684800212250773,-1.1839330414661757,-1.1215044484222225,-1.526373818745001,-0.055310876129146085,0.8381467004446593,0.6014167670256413,-0.9777477409918889,-0.6130188447640381,0
-1.8725772520655304,-0.06556468168733408,1.12252363252126,1.090263229965003,0.6814735580219489,-1.513258187605826,0.8381467004446593,0.6014167670256413,0.9408389299104063,1.2904621225619106,1
-0.4661958888360746,-1.5684800212250773,-1.1839330414661757,-0.015620609228609717,-1.771690193941329,-0.5412933132880401,-1.1931085566160113,0.6014167670256413,-1.0736770745370037,-0.6130188447640381,0
0.6276562825646116,1.4373506578504092,1.12252363252126,1.090263229965003,1.2947644960127682,0.673662779609194,0.8381467004446593,0.6014167670256413,1.1326975970006357,1.5144010598943751,1
-0.30993129292169125,-0.06556468168733408,1.12252363252126,-0.015620609228609717,-0.1771337551651984,-0.784284531867486,-1.1931085566160113,-1.6627404735414788,0.5571215957299472,-0.948927250762735,0
-1.8725772520655304,1.4373506578504092,-1.1839330414661757,-0.015620609228609717,-0.1771337551651984,-1.99924062476472,-1.1931085566160113,0.6014167670256413,-0.7858890739016593,-0.8369577820965027,0
0.7839208784789949,-0.06556468168733408,-1.1839330414661757,-0.015620609228609717,-0.667766505557854,-1.513258187605826,-1.1931085566160113,0.6014167670256413,-0.8818184074467741,-1.5087745940938964,1
0.47139168665022824,-1.5684800212250773,-1.1839330414661757,-1.1215044484222225,0.43615718282562105,-2.485223061923614,-1.1931085566160113,0.6014167670256413,-1.0736770745370037,-0.5010493760978059,0
0.6276562825646116,-0.06556468168733408,-0.030704704472457878,1.090263229965003,0.8041317456201127,1.159645216768088,0.8381467004446593,0.6014167670256413,0.653050929275062,1.1784926538956784,1
0.7839208784789949,1.4373506578504092,1.12252363252126,1.090263229965003,1.2947644960127682,0.916653998188642,0.8381467004446593,0.6014167670256413,0.269333595094603,1.0665231852294461,1
0.0025978989070768233,-1.5684800212250773,-0.030704704472457878,-1.1215044484222225,1.2947644960127682,0.43067156102974796,0.8381467004446593,0.6014167670256413,1.6123442647262096,1.0665231852294461,1
0.0025978989070768233,-0.06556468168733408,-0.030704704472457878,-0.015620609228609717,-2.2623229443339845,-0.784284531867486,-1.1931085566160113,-1.6627404735414788,-1.3614650751723478,-0.948927250762735,0
-1.8725772520655304,-0.06556468168733408,-1.1839330414661757,-0.015620609228609717,-1.1583992559505094,-2.485223061923614,-1.1931085566160113,0.6014167670256413,-1.3614650751723478,-1.6207440627601286,0
-1.247518868407994,-0.06556468168733408,-1.1839330414661757,-1.1215044484222225,-2.2623229443339845,-1.99924062476472,-1.1931085566160113,-1.6627404735414788,-0.30624240617608556,-0.948927250762735,0
-0.6224604847504593,-0.06556468168733408,-1.1839330414661757,-1.1215044484222225,0.06818262003112939,-1.2702669690263801,0.8381467004446593,0.6014167670256413,-0.9777477409918889,-1.8446830000925933,1
-0.6224604847504593,-1.5684800212250773,-1.1839330414661757,-0.015620609228609717,-1.1583992559505094,-1.99924062476472,-1.1931085566160113,-1.6627404735414788,-1.1696064080821185,-1.0608967194289673,0
-1.0912542724936107,-0.06556468168733408,-1.1839330414661757,-0.015620609228609717,-0.5451083179596901,-0.29830209470859204,0.8381467004446593,0.6014167670256413,-0.7858890739016593,-1.1728661880951996,0
0.3151270907358449,-0.06556468168733408,1.12252363252126,1.090263229965003,0.9267899332182766,1.159645216768088,0.8381467004446593,0.6014167670256413,1.2286269305457505,1.5144010598943751,1
0.0025978989070768233,-0.06556468168733408,-0.030704704472457878,-0.015620609228609717,-0.9130828807541818,0.43067156102974796,-1.1931085566160113,0.6014167670256413,-1.3614650751723478,-1.0608967194289673,0
-0.4661958888360746,-1.5684800212250773,1.12252363252126,-0.015620609228609717,1.2947644960127682,-1.2702669690263801,-1.1931085566160113,0.6014167670256413,1.2286269305457505,-0.7249883134302705,0
0.6276562825646116,-1.5684800212250773,1.12252363252126,-0.015620609228609717,0.8041317456201127,0.916653998188642,0.8381467004446593,0.6014167670256413,-0.5940304068114298,0.5066758418982846,1
1.2527146662221478,-0.06556468168733408,1.12252363252126,-0.015620609228609717,0.43615718282562105,0.916653998188642,0.8381467004446593,0.6014167670256413,-1.3614650751723478,1.0665231852294461,1
0.7839208784789949,1.4373506578504092,1.12252363252126,1.090263229965003,0.6814735580219489,1.159645216768088,0.8381467004446593,-1.6627404735414788,1.42048559763598,0.17076743589958782,0
1.2527146662221478,1.4373506578504092,1.12252363252126,1.090263229965003,1.2947644960127682,1.159645216768088,0.8381467004446593,0.6014167670256413,1.5164149311810948,1.2904621225619106,1
-1.8725772520655304,-1.5684800212250773,-1.1839330414661757,-1.1215044484222225,-1.6490320063431652,-2.2422318433441673,-1.1931085566160113,-1.6627404735414788,-1.3614650751723478,-0.948927250762735,0
0.0025978989070768233,-1.5684800212250773,-1.1839330414661757,1.090263229965003,0.43615718282562105,0.18768034245030202,0.8381467004446593,0.6014167670256413,-1.265535741627233,-1.5087745940938964,1
1.4089792621365311,-0.06556468168733408,1.12252363252126,1.090263229965003,1.2947644960127682,1.159645216768088,0.8381467004446593,0.6014167670256413,-1.3614650751723478,1.1784926538956784,1
-1.716312656151147,-1.5684800212250773,-1.1839330414661757,-0.015620609228609717,-1.6490320063431652,-1.513258187605826,-1.1931085566160113,-1.6627404735414788,-1.265535741627233,-1.2848356567614319,0
-1.5600480602367621,-0.06556468168733408,-0.030704704472457878,-1.1215044484222225,-1.526373818745001,-1.0272757504469332,-1.1931085566160113,-1.6627404735414788,-0.9777477409918889,-0.6130188447640381,0
-1.8725772520655304,-0.06556468168733408,1.12252363252126,1.090263229965003,-0.1771337551651984,-0.055310876129146085,0.8381467004446593,0.6014167670256413,-1.3614650751723478,0.8425842478969815,0
-0.6224604847504593,-0.06556468168733408,1.12252363252126,-1.1215044484222225,-0.2997919427633623,-0.29830209470859204,-1.1931085566160113,-1.6627404735414788,-0.30624240617608556,-1.396805125427664,0
-1.8725772520655304,-0.06556468168733408,-1.1839330414661757,1.090263229965003,-1.0357410683523456,-0.5412933132880401,0.8381467004446593,0.6014167670256413,-0.4981010732663151,1.1784926538956784,0
-0.30993129292169125,-0.06556468168733408,-1.1839330414661757,-0.015620609228609717,-0.7904246931560178,-0.29830209470859204,0.8381467004446593,0.6014167670256413,-0.4981010732663151,-0.2771104387653413,0
1.8777730498796839,1.4373506578504092,-1.1839330414661757,1.090263229965003,1.2947644960127682,0.916653998188642,0.8381467004446593,0.6014167670256413,0.5571215957299472,1.0665231852294461,1
1.0964500703077644,1.4373506578504092,1.12252363252126,1.090263229965003,1.2947644960127682,1.159645216768088,0.8381467004446593,0.6014167670256413,0.653050929275062,1.1784926538956784,1
0.0025978989070768233,-0.06556468168733408,-0.030704704472457878,-1.1215044484222225,-0.667766505557854,0.916653998188642,-1.1931085566160113,0.6014167670256413,-1.3614650751723478,-0.05317150143287675,1
-0.4661958888360746,-1.5684800212250773,-0.030704704472457878,-1.1215044484222225,-0.5451083179596901,-1.99924062476472,-1.1931085566160113,0.6014167670256413,-1.3614650751723478,-0.3890799074315736,0
0.15886249482146017,1.4373506578504092,1.12252363252126,1.090263229965003,1.2947644960127682,1.159645216768088,0.8381467004446593,0.6014167670256413,1.1326975970006357,1.5144010598943751,1
0.0025978989070768233,-1.5684800212250773,-1.1839330414661757,-0.015620609228609717,-1.771690193941329,-0.784284531867486,-1.1931085566160113,-1.6627404735414788,-1.1696064080821185,-0.948927250762735,0
-1.8725772520655304,-0.06556468168733408,-0.030704704472457878,-0.015620609228609717,-2.017006569137657,-3.214196717661954,-1.1931085566160113,-1.6627404735414788,-1.3614650751723478,-1.5087745940938964,0
1.5652438580509145,1.4373506578504092,1.12252363252126,1.090263229965003,1.2947644960127682,1.159645216768088,0.8381467004446593,0.6014167670256413,0.7489802628201767,1.2904621225619106,1
0.7839208784789949,-0.06556468168733408,-1.1839330414661757,-1.1215044484222225,0.19084080762929329,-0.055310876129146085,0.8381467004446593,0.6014167670256413,-0.8818184074467741,-0.5010493760978059,1
-0.30993129292169125,-0.06556468168733408,-0.030704704472457878,-1.1215044484222225,-0.4224501303615262,0.43067156102974796,0.8381467004446593,0.6014167670256413,-0.0184544055407413,0.9545537165632137,1
-1.8725772520655304,-0.06556468168733408,-0.030704704472457878,-0.015620609228609717,-2.1396647567358205,0.18768034245030202,-1.1931085566160113,0.6014167670256413,-0.8818184074467741,-0.948927250762735,0
-0.15366669700730792,-0.06556468168733408,-1.1839330414661757,-1.1215044484222225,0.43615718282562105,-1.513258187605826,0.8381467004446593,0.6014167670256413,-0.0184544055407413,0.8425842478969815,0
0.3151270907358449,-0.06556468168733408,-0.030704704472457878,-1.1215044484222225,-0.2997919427633623,-0.29830209470859204,-1.1931085566160113,0.6014167670256413,0.5571215957299472,-1.2848356567614319,0
-0.15366669700730792,-1.5684800212250773,-1.1839330414661757,-0.015620609228609717,0.19084080762929329,-0.055310876129146085,0.8381467004446593,-1.6627404735414788,0.4611922621848325,-0.8369577820965027,0
-0.30993129292169125,-0.06556468168733408,-0.030704704472457878,-1.1215044484222225,0.06818262003112939,-1.7562494061852731,-1.1931085566160113,-1.6627404735414788,-1.1696064080821185,-0.6130188447640381,0
0.47139168665022824,-0.06556468168733408,1.12252363252126,-0.015620609228609717,1.2947644960127682,0.18768034245030202,-1.1931085566160113,0.6014167670256413,1.2286269305457505,-0.8369577820965027,0
-1.8725772520655304,-0.06556468168733408,-1.1839330414661757,-0.015620609228609717,-1.8943483815394928,-0.784284531867486,-1.1931085566160113,-1.6627404735414788,-1.3614650751723478,-0.3890799074315736,0
-1.5600480602367621,-0.06556468168733408,-1.1839330414661757,-1.1215044484222225,-0.5451083179596901,-0.29830209470859204,-1.1931085566160113,-1.6627404735414788,-1.265535741627233,-1.1728661880951996,0
-0.30993129292169125,-0.06556468168733408,-0.030704704472457878,-1.1215044484222225,0.43615718282562105,-0.29830209470859204,-1.1931085566160113,0.6014167670256413,-0.8818184074467741,-0.3890799074315736,0
1.0964500703077644,-1.5684800212250773,-0.030704704472457878,-0.015620609228609717,0.31349899522745717,0.916653998188642,0.8381467004446593,0.6014167670256413,-1.1696064080821185,0.058797967233355536,0
1.4089792621365311,1.4373506578504092,1.12252363252126,1.090263229965003,1.2947644960127682,1.159645216768088,0.8381467004446593,0.6014167670256413,1.036768263455521,0.8425842478969815,1
0.0025978989070768233,1.4373506578504092,1.12252363252126,2.1961470691586156,0.5588153704237849,-0.29830209470859204,0.8381467004446593,0.6014167670256413,0.269333595094603,0.5066758418982846,0
1.0964500703077644,-1.5684800212250773,1.12252363252126,-1.1215044484222225,0.9267899332182766,0.673662779609194,0.8381467004446593,0.6014167670256413,-1.1696064080821185,-0.3890799074315736,1
0.0025978989070768233,-0.06556468168733408,-1.1839330414661757,-0.015620609228609717,-1.0357410683523456,-0.055310876129146085,0.8381467004446593,-1.6627404735414788,-1.1696064080821185,-0.3890799074315736,0
-1.247518868407994,-0.06556468168733408,1.12252363252126,-0.015620609228609717,-0.9130828807541818,0.916653998188642,0.8381467004446593,0.6014167670256413,0.5571215957299472,-0.05317150143287675,1
-0.6224604847504593,-0.06556468168733408,-1.1839330414661757,-1.1215044484222225,-0.2997919427633623,-0.784284531867486,-1.1931085566160113,0.6014167670256413,-1.3614650751723478,-1.732713531426361,0
1.5652438580509145,-0.06556468168733408,1.12252363252126,1.090263229965003,0.6814735580219489,1.159645216768088,0.8381467004446593,0.6014167670256413,1.036768263455521,0.618645310564517,1
0.15886249482146017,1.4373506578504092,1.12252363252126,-0.015620609228609717,0.6814735580219489,1.159645216768088,0.8381467004446593,0.6014167670256413,0.9408389299104063,0.9545537165632137,1
-0.4661958888360746,-0.06556468168733408,-0.030704704472457878,-1.1215044484222225,-1.0357410683523456,-1.513258187605826,-1.1931085566160113,0.6014167670256413,-1.3614650751723478,-1.396805125427664,0
1.4089792621365311,1.4373506578504092,1.12252363252126,1.090263229965003,1.0494481208164406,1.159645216768088,0.8381467004446593,0.6014167670256413,0.653050929275062,1.1784926538956784,1
-0.15366669700730792,-1.5684800212250773,-0.030704704472457878,-1.1215044484222225,-0.5451083179596901,-1.7562494061852731,-1.1931085566160113,-1.6627404735414788,-1.265535741627233,-0.5010493760978059,0
0.7839208784789949,1.4373506578504092,1.12252363252126,1.090263229965003,0.8041317456201127,1.159645216768088,0.8381467004446593,0.6014167670256413,0.7489802628201767,0.9545537165632137,1
1.4089792621365311,-0.06556468168733408,-0.030704704472457878,1.090263229965003,-0.2997919427633623,-0.055310876129146085,-1.1931085566160113,-1.6627404735414788,-1.3614650751723478,-1.732713531426361,1
0.3151270907358449,-0.06556468168733408,-0.030704704472457878,1.090263229965003,-1.0357410683523456,-0.055310876129146085,0.8381467004446593,0.6014167670256413,0.7489802628201767,1.1784926538956784,0
0.47139168665022824,1.4373506578504092,1.12252363252126,1.090263229965003,1.2947644960127682,1.159645216768088,0.8381467004446593,0.6014167670256413,1.2286269305457505,0.9545537165632137,1
-0.4661958888360746,-0.06556468168733408,-1.1839330414661757,-0.015620609228609717,-1.2810574435486735,-0.29830209470859204,-1.1931085566160113,0.6014167670256413,-0.9777477409918889,-1.0608967194289673,0
-0.30993129292169125,-0.06556468168733408,1.12252363252126,1.090263229965003,-0.1771337551651984,0.673662779609194,0.8381467004446593,0.6014167670256413,0.4611922621848325,1.0665231852294461,1
1.4089792621365311,-1.5684800212250773,-1.1839330414661757,-1.1215044484222225,-0.2997919427633623,-0.5412933132880401,-1.1931085566160113,0.6014167670256413,-0.8818184074467741,-0.3890799074315736,0
0.47139168665022824,-0.06556468168733408,1.12252363252126,-1.1215044484222225,1.2947644960127682,1.159645216768088,0.8381467004446593,-1.6627404735414788,0.7489802628201767,1.0665231852294461,1
1.5652438580509145,-0.06556468168733408,-1.1839330414661757,1.090263229965003,0.31349899522745717,-0.29830209470859204,0.8381467004446593,0.6014167670256413,0.4611922621848325,1.4024315912281429,0
1.0964500703077644,1.4373506578504092,1.12252363252126,-0.015620609228609717,0.8041317456201127,0.916653998188642,0.8381467004446593,0.6014167670256413,1.9960615989066686,0.618645310564517,1
-0.30993129292169125,-1.5684800212250773,-1.1839330414661757,1.090263229965003,-0.9130828807541818,0.18768034245030202,-1.1931085566160113,0.6014167670256413,-1.3614650751723478,-0.6130188447640381,0
-0.30993129292169125,-1.5684800212250773,-0.030704704472457878,-1.1215044484222225,0.8041317456201127,-0.29830209470859204,0.8381467004446593,0.6014167670256413,0.4611922621848325,-0.948927250762735,1
1.4089792621365311,-0.06556468168733408,1.12252363252126,-1.1215044484222225,-0.667766505557854,0.18768034245030202,0.8381467004446593,0.6014167670256413,1.6123442647262096,0.7306147792307492,1
-0.30993129292169125,-0.06556468168733408,1.12252363252126,1.090263229965003,-0.1771337551651984,1.159645216768088,-1.1931085566160113,0.6014167670256413,-0.11438373908585606,-0.6130188447640381,0
-0.6224604847504593,-1.5684800212250773,-1.1839330414661757,-1.1215044484222225,-0.5451083179596901,0.916653998188642,0.8381467004446593,0.6014167670256413,-0.21031307263097082,-0.2771104387653413,1
-1.8725772520655304,-1.5684800212250773,-0.030704704472457878,-0.015620609228609717,0.9267899332182766,1.159645216768088,0.8381467004446593,0.6014167670256413,0.4611922621848325,1.5144010598943751,1
-0.15366669700730792,-1.5684800212250773,-1.1839330414661757,-0.015620609228609717,-2.1396647567358205,-0.5412933132880401,-1.1931085566160113,-1.6627404735414788,-1.3614650751723478,-0.7249883134302705,0
0.7839208784789949,-0.06556468168733408,1.12252363252126,-1.1215044484222225,1.2947644960127682,-0.5412933132880401,-1.1931085566160113,0.6014167670256413,0.653050929275062,-0.05317150143287675,1
0.7839208784789949,1.4373506578504092,-0.030704704472457878,1.090263229965003,0.31349899522745717,0.916653998188642,0.8381467004446593,-1.6627404735414788,0.5571215957299472,-0.7249883134302705,1
0.7839208784789949,-0.06556468168733408,1.12252363252126,1.090263229965003,1.2947644960127682,1.159645216768088,-1.1931085566160113,0.6014167670256413,0.1734042615494882,0.9545537165632137,1
1.0964500703077644,-0.06556468168733408,1.12252363252126,-0.015620609228609717,0.06818262003112939,0.673662779609194,0.8381467004446593,0.6014167670256413,0.4611922621848325,0.7306147792307492,1
-0.15366669700730792,-0.06556468168733408,-1.1839330414661757,-1.1215044484222225,-1.0357410683523456,-1.0272757504469332,0.8381467004446593,0.6014167670256413,-1.3614650751723478,0.3947063732320524,1
-0.15366669700730792,-0.06556468168733408,-1.1839330414661757,-1.1215044484222225,-0.5451083179596901,-0.784284531867486,-1.1931085566160113,-1.6627404735414788,-1.3614650751723478,-1.9566524687588256,0
0.15886249482146017,-0.06556468168733408,-1.1839330414661757,-1.1215044484222225,0.8041317456201127,0.673662779609194,-1.1931085566160113,0.6014167670256413,-0.9777477409918889,-0.6130188447640381,0
-1.8725772520655304,-0.06556468168733408,-1.1839330414661757,-0.015620609228609717,-0.667766505557854,-0.784284531867486,-1.1931085566160113,-1.6627404735414788,-1.265535741627233,-0.16514097009910902,0
-0.6224604847504593,-0.06556468168733408,-0.030704704472457878,2.1961470691586156,1.2947644960127682,0.18768034245030202,-1.1931085566160113,0.6014167670256413,-0.4981010732663151,0.9545537165632137,1
-0.30993129292169125,-0.06556468168733408,-1.1839330414661757,-0.015620609228609717,-1.0357410683523456,-0.055310876129146085,-1.1931085566160113,0.6014167670256413,-1.3614650751723478,-0.2771104387653413,0
1.7215084539653005,1.4373506578504092,1.12252363252126,1.090263229965003,1.0494481208164406,0.916653998188642,0.8381467004446593,0.6014167670256413,0.8449095963652915,1.5144010598943751,1
-0.15366669700730792,-1.5684800212250773,-1.1839330414661757,-0.015620609228609717,-1.771690193941329,-0.29830209470859204,0.8381467004446593,0.6014167670256413,-1.0736770745370037,-1.0608967194289673,0
0.15886249482146017,-0.06556468168733408,-0.030704704472457878,-1.1215044484222225,-1.1583992559505094,1.159645216768088,0.8381467004446593,0.6014167670256413,0.4611922621848325,-0.8369577820965027,0
0.7839208784789949,1.4373506578504092,1.12252363252126,1.090263229965003,1.2947644960127682,1.159645216768088,0.8381467004446593,0.6014167670256413,1.6123442647262096,0.9545537165632137,1
1.4089792621365311,1.4373506578504092,1.12252363252126,1.090263229965003,-0.4224501303615262,1.159645216768088,0.8381467004446593,0.6014167670256413,-0.11438373908585606,0.618645310564517,0
0.0025978989070768233,-0.06556468168733408,-0.030704704472457878,-1.1215044484222225,0.6814735580219489,-1.513258187605826,-1.1931085566160113,0.6014167670256413,-1.265535741627233,-0.2771104387653413,0
-0.4661958888360746,-0.06556468168733408,-1.1839330414661757,-1.1215044484222225,-0.7904246931560178,-0.5412933132880401,-1.1931085566160113,0.6014167670256413,-1.3614650751723478,-0.8369577820965027,0
0.0025978989070768233,-1.5684800212250773,1.12252363252126,-1.1215044484222225,0.5588153704237849,-0.055310876129146085,0.8381467004446593,0.6014167670256413,1.1326975970006357,-0.8369577820965027,1
-1.5600480602367621,-1.5684800212250773,-1.1839330414661757,-0.015620609228609717,-0.5451083179596901,-2.7282142805030603,-1.1931085566160113,-1.6627404735414788,-1.3614650751723478,-0.3890799074315736,0
-1.247518868407994,-1.5684800212250773,-1.1839330414661757,-1.1215044484222225,-0.9130828807541818,0.18768034245030202,-1.1931085566160113,-1.6627404735414788,-1.3614650751723478,-1.9566524687588256,0
-1.247518868407994,1.4373506578504092,1.12252363252126,-1.1215044484222225,0.06818262003112939,0.18768034245030202,0.8381467004446593,0.6014167670256413,0.4611922621848325,-0.8369577820965027,0
-0.4661958888360746,-0.06556468168733408,-1.1839330414661757,-1.1215044484222225,0.9267899332182766,-1.513258187605826,-1.1931085566160113,0.6014167670256413,1.036768263455521,0.17076743589958782,0
1.5652438580509145,1.4373506578504092,1.12252363252126,1.090263229965003,1.2947644960127682,0.916653998188642,0.8381467004446593,0.6014167670256413,0.7489802628201767,1.5144010598943751,1
-0.30993129292169125,-0.06556468168733408,-1.1839330414661757,-0.015620609228609717,-0.0544755675670345,-1.7562494061852731,-1.1931085566160113,0.6014167670256413,-0.5940304068114298,-1.0608967194289673,0
0.15886249482146017,1.4373506578504092,1.12252363252126,1.090263229965003,0.31349899522745717,0.673662779609194,-1.1931085566160113,0.6014167670256413,1.6123442647262096,0.7306147792307492,1
-1.8725772520655304,-1.5684800212250773,-1.1839330414661757,-0.015620609228609717,-2.017006569137657,-1.513258187605826,-1.1931085566160113,-1.6627404735414788,-1.0736770745370037,-0.948927250762735,0
-1.5600480602367621,-1.5684800212250773,1.12252363252126,1.090263229965003,1.0494481208164406,0.916653998188642,0.8381467004446593,0.6014167670256413,1.2286269305457505,0.8425842478969815,1
0.7839208784789949,-0.06556468168733408,-0.030704704472457878,-1.1215044484222225,0.9267899332182766,-0.29830209470859204,0.8381467004446593,0.6014167670256413,1.1326975970006357,0.618645310564517,0
0.0025978989070768233,-0.06556468168733408,-0.030704704472457878,-1.1215044484222225,-0.4224501303615262,-0.5412933132880401,0.8381467004446593,0.6014167670256413,-0.8818184074467741,-0.2771104387653413,0
-0.9349896765792275,1.4373506578504092,-1.1839330414661757,-1.1215044484222225,-0.9130828807541818,-0.055310876129146085,-1.1931085566160113,0.6014167670256413,-1.265535741627233,-1.2848356567614319,0
0.47139168665022824,-0.06556468168733408,1.12252363252126,-0.015620609228609717,0.31349899522745717,0.18768034245030202,0.8381467004446593,0.6014167670256413,0.3652629286397177,1.1784926538956784,0
1.4089792621365311,1.4373506578504092,1.12252363252126,-0.015620609228609717,1.2947644960127682,1.159645216768088,0.8381467004446593,0.6014167670256413,0.5571215957299472,0.9545537165632137,1
-0.4661958888360746,-0.06556468168733408,-1.1839330414661757,-0.015620609228609717,0.8041317456201127,-0.29830209470859204,-1.1931085566160113,0.6014167670256413,-1.265535741627233,-0.7249883134302705,0
-0.7787250806648427,-1.5684800212250773,-1.1839330414661757,-0.015620609228609717,-0.7904246931560178,-2.2422318433441673,-1.1931085566160113,0.6014167670256413,0.3652629286397177,-0.5010493760978059,0
0.3151270907358449,-0.06556468168733408,1.12252363252126,1.090263229965003,1.2947644960127682,-1.7562494061852731,0.8381467004446593,0.6014167670256413,0.07747492800437346,0.9545537165632137,1
0.6276562825646116,-1.5684800212250773,-0.030704704472457878,1.090263229965003,-1.4037156311468373,1.159645216768088,-1.1931085566160113,0.6014167670256413,0.269333595094603,-0.2771104387653413,0
1.2527146662221478,1.4373506578504092,1.12252363252126,1.090263229965003,1.2947644960127682,-0.5412933132880401,0.8381467004446593,0.6014167670256413,0.4611922621848325,0.7306147792307492,1
-1.5600480602367621,-0.06556468168733408,-1.1839330414661757,-1.1215044484222225,-2.017006569137657,0.673662779609194,-1.1931085566160113,-1.6627404735414788,-0.21031307263097082,-0.948927250762735,0
0.7839208784789949,-0.06556468168733408,1.12252363252126,1.090263229965003,0.9267899332182766,0.673662779609194,0.8381467004446593,0.6014167670256413,0.7489802628201767,1.5144010598943751,1
0.3151270907358449,-0.06556468168733408,-1.1839330414661757,-1.1215044484222225,-0.4224501303615262,-0.29830209470859204,0.8381467004446593,0.6014167670256413,0.07747492800437346,-1.6207440627601286,0
-1.4037834643223788,-1.5684800212250773,-1.1839330414661757,-0.015620609228609717,-1.8943483815394928,-1.2702669690263801,-1.1931085566160113,-1.6627404735414788,-1.3614650751723478,-0.3890799074315736,0
-1.716312656151147,-0.06556468168733408,-1.1839330414661757,-1.1215044484222225,-1.1583992559505094,-2.485223061923614,-1.1931085566160113,0.6014167670256413,-0.8818184074467741,-0.7249883134302705,0
1.4089792621365311,-0.06556468168733408,-0.030704704472457878,-0.015620609228609717,-0.1771337551651984,-0.055310876129146085,0.8381467004446593,0.6014167670256413,0.07747492800437346,-0.8369577820965027,1
-0.30993129292169125,-0.06556468168733408,-1.1839330414661757,-1.1215044484222225,-1.526373818745001,0.673662779609194,-1.1931085566160113,-1.6627404735414788,1.6123442647262096,-1.396805125427664,0
-1.8725772520655304,-0.06556468168733408,-0.030704704472457878,-0.015620609228609717,1.1721063084146044,0.673662779609194,-1.1931085566160113,0.6014167670256413,0.5571215957299472,-0.16514097009910902,0
0.15886249482146017,-1.5684800212250773,-0.030704704472457878,-0.015620609228609717,-2.1396647567358205,-1.7562494061852731,-1.1931085566160113,-1.6627404735414788,-1.3614650751723478,-0.948927250762735,0
-0.4661958888360746,-1.5684800212250773,1.12252363252126,-1.1215044484222225,0.43615718282562105,-1.99924062476472,-1.1931085566160113,0.6014167670256413,-0.11438373908585606,1.0665231852294461,1
-1.8725772520655304,1.4373506578504092,-0.030704704472457878,-0.015620609228609717,1.0494481208164406,-1.0272757504469332,-1.1931085566160113,0.6014167670256413,-0.11438373908585606,-0.16514097009910902,0
-0.30993129292169125,-1.5684800212250773,-1.1839330414661757,-1.1215044484222225,-0.667766505557854,-0.5412933132880401,-1.1931085566160113,-1.6627404735414788,-1.3614650751723478,-0.7249883134302705,0
-1.4037834643223788,-0.06556468168733408,-0.030704704472457878,1.090263229965003,-0.4224501303615262,-1.513258187605826,0.8381467004446593,0.6014167670256413,-1.3614650751723478,-1.2848356567614319,0
-0.30993129292169125,-0.06556468168733408,-1.1839330414661757,-0.015620609228609717,-1.6490320063431652,-1.513258187605826,-1.1931085566160113,0.6014167670256413,-0.0184544055407413,-0.5010493760978059,0
1.0964500703077644,-0.06556468168733408,1.12252363252126,1.090263229965003,0.43615718282562105,1.159645216768088,0.8381467004446593,0.6014167670256413,0.1734042615494882,0.7306147792307492,0
-1.5600480602367621,-0.06556468168733408,-1.1839330414661757,-0.015620609228609717,-0.9130828807541818,-0.29830209470859204,-1.1931085566160113,0.6014167670256413,-1.3614650751723478,-1.2848356567614319,0
1.2527146662221478,1.4373506578504092,1.12252363252126,1.090263229965003,1.2947644960127682,1.159645216768088,0.8381467004446593,0.6014167670256413,1.5164149311810948,1.4024315912281429,1
-1.247518868407994,-1.5684800212250773,-1.1839330414661757,-0.015620609228609717,-0.667766505557854,1.159645216768088,-1.1931085566160113,0.6014167670256413,-0.30624240617608556,-1.396805125427664,0
0.6276562825646116,1.4373506578504092,1.12252363252126,1.090263229965003,1.2947644960127682,0.43067156102974796,0.8381467004446593,0.6014167670256413,0.8449095963652915,0.7306147792307492,1
0.7839208784789949,-0.06556468168733408,-0.030704704472457878,-1.1215044484222225,1.0494481208164406,-0.055310876129146085,-1.1931085566160113,-1.6627404735414788,0.653050929275062,0.7306147792307492,1
0.7839208784789949,1.4373506578504092,1.12252363252126,-0.015620609228609717,-1.1583992559505094,-1.2702669690263801,-1.1931085566160113,-1.6627404735414788,0.3652629286397177,-1.0608967194289673,0
-1.8725772520655304,-1.5684800212250773,-0.030704704472457878,-0.015620609228609717,0.06818262003112939,-1.0272757504469332,-1.1931085566160113,-1.6627404735414788,-1.3614650751723478,-1.0608967194289673,0
0.9401854743933811,1.4373506578504092,1.12252363252126,-0.015620609228609717,1.0494481208164406,-1.2702669690263801,0.8381467004446593,0.6014167670256413,-1.0736770745370037,1.4024315912281429,1
0.47139168665022824,1.4373506578504092,1.12252363252126,-1.1215044484222225,1.1721063084146044,0.43067156102974796,0.8381467004446593,0.6014167670256413,0.653050929275062,1.0665231852294461,1
0.15886249482146017,-0.06556468168733408,-0.030704704472457878,-1.1215044484222225,0.5588153704237849,0.43067156102974796,-1.1931085566160113,-1.6627404735414788,-1.3614650751723478,-1.396805125427664,0
-1.8725772520655304,-0.06556468168733408,-0.030704704472457878,-1.1215044484222225,0.5588153704237849,-0.29830209470859204,-1.1931085566160113,-1.6627404735414788,0.9408389299104063,-1.0608967194289673,0
1.5652438580509145,1.4373506578504092,-1.1839330414661757,-0.015620609228609717,-2.017006569137657,-0.784284531867486,0.8381467004446593,0.6014167670256413,-0.8818184074467741,-1.0608967194289673,0
-0.7787250806648427,-0.06556468168733408,-0.030704704472457878,1.090263229965003,-0.4224501303615262,-1.7562494061852731,-1.1931085566160113,-1.6627404735414788,-0.8818184074467741,0.058797967233355536,0
-0.6224604847504593,-0.06556468168733408,-1.1839330414661757,-1.1215044484222225,-0.667766505557854,-1.513258187605826,-1.1931085566160113,-1.6627404735414788,-0.6899597403565446,-1.0608967194289673,0
-1.5600480602367621,-0.06556468168733408,-1.1839330414661757,-1.1215044484222225,-0.5451083179596901,-0.5412933132880401,0.8381467004446593,0.6014167670256413,0.07747492800437346,-0.7249883134302705,0
1.5652438580509145,1.4373506578504092,1.12252363252126,1.090263229965003,1.2947644960127682,1.159645216768088,0.8381467004446593,0.6014167670256413,1.036768263455521,0.9545537165632137,1
-1.8725772520655304,-1.5684800212250773,-0.030704704472457878,-0.015620609228609717,-0.9130828807541818,-1.0272757504469332,-1.1931085566160113,0.6014167670256413,-0.9777477409918889,-1.6207440627601286,0
-0.6224604847504593,-0.06556468168733408,-1.1839330414661757,-1.1215044484222225,-1.771690193941329,0.673662779609194,0.8381467004446593,0.6014167670256413,-0.6899597403565446,-0.05317150143287675,0
-1.8725772520655304,-0.06556468168733408,-1.1839330414661757,-1.1215044484222225,-0.5451083179596901,-1.99924062476472,-1.1931085566160113,-1.6627404735414788,-1.3614650751723478,-0.8369577820965027,0
0.7839208784789949,1.4373506578504092,1.12252363252126,1.090263229965003,1.2947644960127682,1.159645216768088,0.8381467004446593,0.6014167670256413,1.1326975970006357,0.7306147792307492,1
-1.4037834643223788,-0.06556468168733408,-1.1839330414661757,-1.1215044484222225,-0.0544755675670345,-0.055310876129146085,-1.1931085566160113,0.6014167670256413,-1.265535741627233,-0.5010493760978059,1
0.7839208784789949,-0.06556468168733408,1.12252363252126,1.090263229965003,0.6814735580219489,0.673662779609194,0.8381467004446593,0.6014167670256413,0.1734042615494882,0.9545537165632137,1
1.5652438580509145,1.4373506578504092,1.12252363252126,1.090263229965003,1.2947644960127682,1.159645216768088,0.8381467004446593,0.6014167670256413,1.1326975970006357,0.618645310564517,1
-0.7787250806648427,-0.06556468168733408,-1.1839330414661757,-0.015620609228609717,-1.526373818745001,-0.055310876129146085,-1.1931085566160113,-1.6627404735414788,0.4611922621848325,-0.2771104387653413,0
-1.8725772520655304,-0.06556468168733408,-1.1839330414661757,-0.015620609228609717,-1.4037156311468373,-0.5412933132880401,-1.1931085566160113,0.6014167670256413,0.8449095963652915,-0.7249883134302705,0
1.2527146662221478,-0.06556468168733408,1.12252363252126,1.090263229965003,1.2947644960127682,1.159645216768088,0.8381467004446593,0.6014167670256413,1.7082735982713242,1.1784926538956784,1
0.9401854743933811,1.4373506578504092,-1.1839330414661757,-1.1215044484222225,0.19084080762929329,-0.055310876129146085,0.8381467004446593,0.6014167670256413,1.6123442647262096,-0.5010493760978059,0
-0.15366669700730792,1.4373506578504092,-0.030704704472457878,-1.1215044484222225,0.5588153704237849,-0.5412933132880401,-1.1931085566160113,0.6014167670256413,-1.3614650751723478,0.058797967233355536,0
0.7839208784789949,1.4373506578504092,1.12252363252126,1.090263229965003,1.2947644960127682,1.159645216768088,0.8381467004446593,0.6014167670256413,1.036768263455521,1.4024315912281429,1
1.0964500703077644,-1.5684800212250773,-1.1839330414661757,-1.1215044484222225,-0.1771337551651984,0.43067156102974796,-1.1931085566160113,0.6014167670256413,-1.3614650751723478,-0.948927250762735,0
-0.30993129292169125,-0.06556468168733408,-0.030704704472457878,-0.015620609228609717,-0.7904246931560178,-0.29830209470859204,0.8381467004446593,0.6014167670256413,0.653050929275062,-0.3890799074315736,0
1.2527146662221478,1.4373506578504092,1.12252363252126,1.090263229965003,1.2947644960127682,1.159645216768088,0.8381467004446593,0.6014167670256413,0.1734042615494882,1.4024315912281429,1
1.5652438580509145,1.4373506578504092,-0.030704704472457878,1.090263229965003,1.2947644960127682,1.159645216768088,0.8381467004446593,0.6014167670256413,0.4611922621848325,1.0665231852294461,1
-0.15366669700730792,-0.06556468168733408,-1.1839330414661757,1.090263229965003,-0.7904246931560178,-0.29830209470859204,0.8381467004446593,-1.6627404735414788,-0.4981010732663151,0.17076743589958782,0
-0.15366669700730792,-0.06556468168733408,1.12252363252126,-1.1215044484222225,0.06818262003112939,0.916653998188642,-1.1931085566160113,-1.6627404735414788,0.7489802628201767,-0.5010493760978059,0
0.9401854743933811,-0.06556468168733408,-0.030704704472457878,-1.1215044484222225,-1.2810574435486735,0.18768034245030202,-1.1931085566160113,0.6014167670256413,-1.3614650751723478,-1.2848356567614319,0
1.0964500703077644,-0.06556468168733408,-1.1839330414661757,-0.015620609228609717,-0.667766505557854,-1.2702669690263801,0.8381467004446593,-1.6627404735414788,-0.0184544055407413,0.17076743589958782,0
0.47139168665022824,-0.06556468168733408,-0.030704704472457878,1.090263229965003,1.2947644960127682,0.916653998188642,0.8381467004446593,0.6014167670256413,0.7489802628201767,1.5144010598943751,0
1.0964500703077644,1.4373506578504092,1.12252363252126,1.090263229965003,1.2947644960127682,1.159645216768088,0.8381467004446593,0.6014167670256413,0.653050929275062,1.2904621225619106,1
1.7215084539653005,-0.06556468168733408,-1.1839330414661757,1.090263229965003,0.9267899332182766,0.18768034245030202,0.8381467004446593,0.6014167670256413,0.8449095963652915,0.7306147792307492,1
1.0964500703077644,1.4373506578504092,1.12252363252126,1.090263229965003,1.2947644960127682,0.18768034245030202,0.8381467004446593,0.6014167670256413,1.3245562640908652,0.7306147792307492,1
0.6276562825646116,1.4373506578504092,1.12252363252126,-0.015620609228609717,0.31349899522745717,-0.29830209470859204,-1.1931085566160113,-1.6627404735414788,0.4611922621848325,-1.396805125427664,0
0.3151270907358449,-1.5684800212250773,1.12252363252126,1.090263229965003,1.1721063084146044,0.43067156102974796,-1.1931085566160113,-1.6627404735414788,-0.5940304068114298,-1.732713531426361,1
0.6276562825646116,-0.06556468168733408,1.12252363252126,-1.1215044484222225,-2.2623229443339845,-1.0272757504469332,-1.1931085566160113,0.6014167670256413,-0.7858890739016593,-0.7249883134302705,0
-0.15366669700730792,-1.5684800212250773,-1.1839330414661757,-0.015620609228609717,-0.5451083179596901,-1.7562494061852731,-1.1931085566160113,0.6014167670256413,-0.9777477409918889,-1.396805125427664,0
0.9401854743933811,1.4373506578504092,1.12252363252126,1.090263229965003,1.2947644960127682,0.916653998188642,0.8381467004446593,0.6014167670256413,1.5164149311810948,0.8425842478969815,1
0.9401854743933811,1.4373506578504092,1.12252363252126,-1.1215044484222225,1.2947644960127682,1.159645216768088,0.8381467004446593,0.6014167670256413,-0.11438373908585606,0.9545537165632137,1
-0.4661958888360746,-1.5684800212250773,-1.1839330414661757,-1.1215044484222225,-1.771690193941329,-0.29830209470859204,-1.1931085566160113,-1.6627404735414788,-1.3614650751723478,-0.5010493760978059,0
1.4089792621365311,-1.5684800212250773,-0.030704704472457878,1.090263229965003,0.43615718282562105,-1.0272757504469332,0.8381467004446593,0.6014167670256413,0.07747492800437346,1.1784926538956784,0
0.9401854743933811,-0.06556468168733408,-1.1839330414661757,-0.015620609228609717,-0.7904246931560178,-0.5412933132880401,-1.1931085566160113,-1.6627404735414788,0.8449095963652915,0.9545537165632137,0
0.9401854743933811,-0.06556468168733408,1.12252363252126,1.090263229965003,0.31349899522745717,-0.055310876129146085,0.8381467004446593,0.6014167670256413,-0.7858890739016593,-0.948927250762735,0
0.47139168665022824,1.4373506578504092,-0.030704704472457878,1.090263229965003,0.9267899332182766,-1.2702669690263801,0.8381467004446593,0.6014167670256413,0.9408389299104063,0.3947063732320524,1
1.5652438580509145,1.4373506578504092,1.12252363252126,1.090263229965003,1.2947644960127682,1.159645216768088,0.8381467004446593,0.6014167670256413,0.653050929275062,1.1784926538956784,1
1.2527146662221478,1.4373506578504092,1.12252363252126,1.090263229965003,0.6814735580219489,1.159645216768088,0.8381467004446593,0.6014167670256413,0.3652629286397177,0.9545537165632137,1
0.9401854743933811,1.4373506578504092,1.12252363252126,1.090263229965003,1.2947644960127682,1.159645216768088,0.8381467004446593,0.6014167670256413,1.3245562640908652,1.4024315912281429,1
-1.8725772520655304,-1.5684800212250773,-1.1839330414661757,-1.1215044484222225,-0.5451083179596901,0.43067156102974796,-1.1931085566160113,-1.6627404735414788,-1.0736770745370037,1.0665231852294461,0
-1.247518868407994,-0.06556468168733408,-1.1839330414661757,-0.015620609228609717,-1.526373818745001,-1.0272757504469332,-1.1931085566160113,0.6014167670256413,-0.6899597403565446,-0.948927250762735,0
-0.15366669700730792,-0.06556468168733408,-1.1839330414661757,-1.1215044484222225,0.5588153704237849,-0.5412933132880401,-1.1931085566160113,-1.6627404735414788,-1.3614650751723478,1.2904621225619106,0
-1.8725772520655304,-0.06556468168733408,-1.1839330414661757,-0.015620609228609717,-2.2623229443339845,-2.971205499082507,-1.1931085566160113,-1.6627404735414788,-0.11438373908585606,-0.05317150143287675,0
0.0025978989070768233,-0.06556468168733408,-0.030704704472457878,-0.015620609228609717,-0.667766505557854,-0.5412933132880401,-1.1931085566160113,0.6014167670256413,-0.21031307263097082,-1.1728661880951996,0
1.2527146662221478,-0.06556468168733408,1.12252363252126,1.090263229965003,0.8041317456201127,0.43067156102974796,0.8381467004446593,0.6014167670256413,1.9001322653615538,0.2827369045658201,1
-0.30993129292169125,-1.5684800212250773,1.12252363252126,-0.015620609228609717,-0.7904246931560178,-0.784284531867486,-1.1931085566160113,-1.6627404735414788,-1.265535741627233,-0.948927250762735,0
0.9401854743933811,1.4373506578504092,-1.1839330414661757,-0.015620609228609717,-1.0357410683523456,-1.0272757504469332,-1.1931085566160113,0.6014167670256413,-1.0736770745370037,-0.948927250762735,0
0.6276562825646116,-0.06556468168733408,1.12252363252126,1.090263229965003,1.2947644960127682,1.159645216768088,0.8381467004446593,0.6014167670256413,0.9408389299104063,1.0665231852294461,1
-0.15366669700730792,-1.5684800212250773,-1.1839330414661757,-1.1215044484222225,-0.5451083179596901,-0.784284531867486,-1.1931085566160113,-1.6627404735414788,-0.21031307263097082,-0.7249883134302705,0
-1.5600480602367621,-0.06556468168733408,-1.1839330414661757,-0.015620609228609717,0.19084080762929329,-0.5412933132880401,-1.1931085566160113,-1.6627404735414788,-0.4981010732663151,-0.2771104387653413,0
0.3151270907358449,-0.06556468168733408,-0.030704704472457878,-0.015620609228609717,0.8041317456201127,0.673662779609194,0.8381467004446593,0.6014167670256413,1.2286269305457505,-1.396805125427664,1
1.0964500703077644,1.4373506578504092,-0.030704704472457878,2.1961470691586156,0.31349899522745717,-0.055310876129146085,0.8381467004446593,-1.6627404735414788,0.5571215957299472,0.9545537165632137,0
0.6276562825646116,1.4373506578504092,1.12252363252126,1.090263229965003,0.6814735580219489,1.159645216768088,0.8381467004446593,0.6014167670256413,1.3245562640908652,1.0665231852294461,1
0.47139168665022824,-1.5684800212250773,1.12252363252126,1.090263229965003,1.2947644960127682,1.159645216768088,0.8381467004446593,0.6014167670256413,1.42048559763598,0.8425842478969815,1
-1.5600480602367621,-0.06556468168733408,-1.1839330414661757,-1.1215044484222225,0.19084080762929329,-0.5412933132880401,-1.1931085566160113,-1.6627404735414788,-1.3614650751723478,-1.1728661880951996,0
0.47139168665022824,1.4373506578504092,1.12252363252126,1.090263229965003,0.8041317456201127,-1.2702669690263801,0.8381467004446593,0.6014167670256413,1.7082735982713242,1.2904621225619106,1
1.0964500703077644,-0.06556468168733408,1.12252363252126,1.090263229965003,1.1721063084146044,-0.29830209470859204,0.8381467004446593,0.6014167670256413,0.653050929275062,0.9545537165632137,1
0.6276562825646116,-0.06556468168733408,-0.030704704472457878,1.090263229965003,-0.2997919427633623,-2.485223061923614,0.8381467004446593,0.6014167670256413,0.3652629286397177,-0.3890799074315736,0
0.7839208784789949,-0.06556468168733408,1.12252363252126,1.090263229965003,-0.0544755675670345,-0.5412933132880401,0.8381467004446593,0.6014167670256413,0.8449095963652915,-1.0608967194289673,1
-0.15366669700730792,-0.06556468168733408,-1.1839330414661757,-0.015620609228609717,-0.667766505557854,-1.0272757504469332,0.8381467004446593,-1.6627404735414788,-1.3614650751723478,-1.0608967194289673,0
1.0964500703077644,1.4373506578504092,1.12252363252126,1.090263229965003,1.2947644960127682,0.43067156102974796,0.8381467004446593,0.6014167670256413,1.42048559763598,1.1784926538956784,0
0.3151270907358449,1.4373506578504092,-1.1839330414661757,2.1961470691586156,-1.1583992559505094,-0.784284531867486,0.8381467004446593,0.6014167670256413,-0.21031307263097082,0.7306147792307492,1
-1.716312656151147,-0.06556468168733408,-1.1839330414661757,-1.1215044484222225,-1.4037156311468373,-1.0272757504469332,0.8381467004446593,0.6014167670256413,-1.3614650751723478,-0.8369577820965027,1
1.0964500703077644,-1.5684800212250773,1.12252363252126,1.090263229965003,1.2947644960127682,1.159645216768088,0.8381467004446593,0.6014167670256413,1.1326975970006357,1.2904621225619106,1
0.7839208784789949,1.4373506578504092,1.12252363252126,1.090263229965003,1.2947644960127682,1.159645216768088,0.8381467004446593,0.6014167670256413,0.9408389299104063,1.0665231852294461,1
1.5652438580509145,-0.06556468168733408,1.12252363252126,-1.1215044484222225,0.9267899332182766,1.159645216768088,0.8381467004446593,0.6014167670256413,-0.4021717397212003,0.8425842478969815,0
-1.716312656151147,-1.5684800212250773,-1.1839330414661757,-0.015620609228609717,-1.4037156311468373,-0.5412933132880401,-1.1931085566160113,0.6014167670256413,-1.3614650751723478,-0.948927250762735,0
-0.4661958888360746,-0.06556468168733408,-1.1839330414661757,-0.015620609228609717,-1.4037156311468373,0.43067156102974796,-1.1931085566160113,-1.6627404735414788,-0.0184544055407413,-0.7249883134302705,0
0.15886249482146017,-0.06556468168733408,1.12252363252126,-1.1215044484222225,-0.4224501303615262,0.916653998188642,0.8381467004446593,0.6014167670256413,-1.1696064080821185,0.8425842478969815,1
-0.15366669700730792,-1.5684800212250773,1.12252363252126,-1.1215044484222225,0.31349899522745717,0.18768034245030202,0.8381467004446593,-1.6627404735414788,1.42048559763598,0.618645310564517,0
0.9401854743933811,1.4373506578504092,1.12252363252126,1.090263229965003,1.2947644960127682,1.159645216768088,0.8381467004446593,0.6014167670256413,1.2286269305457505,1.1784926538956784,1
0.3151270907358449,-0.06556468168733408,-0.030704704472457878,-0.015620609228609717,-1.8943483815394928,-0.29830209470859204,-1.1931085566160113,0.6014167670256413,-0.8818184074467741,-1.8446830000925933,0
-1.8725772520655304,-1.5684800212250773,-1.1839330414661757,-0.015620609228609717,-0.4224501303615262,-0.29830209470859204,-1.1931085566160113,0.6014167670256413,-1.1696064080821185,-0.7249883134302705,0
-1.8725772520655304,-0.06556468168733408,1.12252363252126,-1.1215044484222225,0.06818262003112939,-0.055310876129146085,0.8381467004446593,0.6014167670256413,1.2286269305457505,-0.7249883134302705,0
-1.8725772520655304,-0.06556468168733408,-1.1839330414661757,-0.015620609228609717,0.5588153704237849,0.673662779609194,-1.1931085566160113,-1.6627404735414788,1.5164149311810948,-0.16514097009910902,0
-0.4661958888360746,-0.06556468168733408,-0.030704704472457878,-0.015620609228609717,-0.9130828807541818,0.18768034245030202,-1.1931085566160113,0.6014167670256413,-1.3614650751723478,-0.5010493760978059,0
0.9401854743933811,-1.5684800212250773,-1.1839330414661757,-1.1215044484222225,1.2947644960127682,-0.5412933132880401,-1.1931085566160113,-1.6627404735414788,-0.5940304068114298,-0.948927250762735,0
-0.15366669700730792,-0.06556468168733408,-1.1839330414661757,-1.1215044484222225,-1.2810574435486735,-1.0272757504469332,-1.1931085566160113,-1.6627404735414788,-0.9777477409918889,-1.1728661880951996,0
-1.8725772520655304,-0.06556468168733408,-1.1839330414661757,-1.1215044484222225,-0.1771337551651984,0.18768034245030202,-1.1931085566160113,-1.6627404735414788,-0.4981010732663151,-0.7249883134302705,0
0.3151270907358449,-0.06556468168733408,1.12252363252126,1.090263229965003,1.1721063084146044,1.159645216768088,0.8381467004446593,0.6014167670256413,0.8449095963652915,1.0665231852294461,1
0.0025978989070768233,-0.06556468168733408,-1.1839330414661757,-0.015620609228609717,0.8041317456201127,-0.055310876129146085,-1.1931085566160113,0.6014167670256413,-0.8818184074467741,-1.2848356567614319,0
1.0964500703077644,-0.06556468168733408,1.12252363252126,1.090263229965003,1.2947644960127682,1.159645216768088,0.8381467004446593,0.6014167670256413,-0.0184544055407413,1.4024315912281429,1
-1.716312656151147,-0.06556468168733408,-0.030704704472457878,-1.1215044484222225,-0.0544755675670345,-1.0272757504469332,-1.1931085566160113,0.6014167670256413,-0.8818184074467741,-0.6130188447640381,0
-0.15366669700730792,-0.06556468168733408,-0.030704704472457878,-1.1215044484222225,1.2947644960127682,1.159645216768088,0.8381467004446593,0.6014167670256413,-1.3614650751723478,0.7306147792307492,0
-1.8725772520655304,-0.06556468168733408,-1.1839330414661757,-1.1215044484222225,0.06818262003112939,-0.055310876129146085,0.8381467004446593,0.6014167670256413,0.5571215957299472,-0.7249883134302705,0
-1.4037834643223788,-0.06556468168733408,-1.1839330414661757,-1.1215044484222225,-0.667766505557854,-0.784284531867486,0.8381467004446593,-1.6627404735414788,-0.6899597403565446,0.9545537165632137,0
1.4089792621365311,-1.5684800212250773,1.12252363252126,1.090263229965003,1.1721063084146044,-0.055310876129146085,0.8381467004446593,0.6014167670256413,1.3245562640908652,-0.7249883134302705,1
0.3151270907358449,-0.06556468168733408,1.12252363252126,1.090263229965003,1.2947644960127682,1.159645216768088,0.8381467004446593,0.6014167670256413,0.653050929275062,-0.5010493760978059,1
0.7839208784789949,-1.5684800212250773,-1.1839330414661757,-0.015620609228609717,1.1721063084146044,0.916653998188642,0.8381467004446593,0.6014167670256413,1.1326975970006357,-0.05317150143287675,0
0.47139168665022824,-0.06556468168733408,1.12252363252126,-0.015620609228609717,-0.5451083179596901,-0.29830209470859204,0.8381467004446593,0.6014167670256413,0.653050929275062,1.0665231852294461,0
-0.30993129292169125,-0.06556468168733408,-1.1839330414661757,-0.015620609228609717,-1.771690193941329,0.18768034245030202,-1.1931085566160113,0.6014167670256413,-1.3614650751723478,-1.6207440627601286,0
-0.15366669700730792,-0.06556468168733408,1.12252363252126,-1.1215044484222225,1.2947644960127682,1.159645216768088,0.8381467004446593,0.6014167670256413,1.42048559763598,1.2904621225619106,1
-1.0912542724936107,-0.06556468168733408,-1.1839330414661757,-1.1215044484222225,-0.667766505557854,-0.055310876129146085,-1.1931085566160113,0.6014167670256413,-0.30624240617608556,-0.3890799074315736,0
0.0025978989070768233,-1.5684800212250773,-1.1839330414661757,-0.015620609228609717,-1.526373818745001,0.18768034245030202,-1.1931085566160113,-1.6627404735414788,-1.3614650751723478,-1.5087745940938964,0
0.9401854743933811,1.4373506578504092,1.12252363252126,-1.1215044484222225,1.2947644960127682,0.916653998188642,0.8381467004446593,0.6014167670256413,0.3652629286397177,0.2827369045658201,1
-0.15366669700730792,-0.06556468168733408,1.12252363252126,1.090263229965003,-0.0544755675670345,-1.2702669690263801,0.8381467004446593,0.6014167670256413,0.5571215957299472,1.5144010598943751,1
0.7839208784789949,-1.5684800212250773,1.12252363252126,1.090263229965003,0.9267899332182766,1.159645216768088,0.8381467004446593,-1.6627404735414788,0.5571215957299472,1.5144010598943751,1
1.4089792621365311,-0.06556468168733408,-0.030704704472457878,1.090263229965003,0.43615718282562105,-0.784284531867486,0.8381467004446593,0.6014167670256413,-0.4021717397212003,-0.2771104387653413,0
1.0964500703077644,-0.06556468168733408,1.12252363252126,-0.015620609228609717,0.8041317456201127,0.43067156102974796,0.8381467004446593,0.6014167670256413,0.5571215957299472,0.8425842478969815,0
1.0964500703077644,1.4373506578504092,-0.030704704472457878,-1.1215044484222225,0.43615718282562105,1.159645216768088,0.8381467004446593,-1.6627404735414788,0.1734042615494882,-0.948927250762735,1
-0.30993129292169125,-1.5684800212250773,-0.030704704472457878,-0.015620609228609717,0.19084080762929329,-0.5412933132880401,0.8381467004446593,-1.6627404735414788,-1.265535741627233,-0.948927250762735,0
0.7839208784789949,-0.06556468168733408,-0.030704704472457878,-0.015620609228609717,0.19084080762929329,-0.055310876129146085,0.8381467004446593,0.6014167670256413,1.2286269305457505,1.2904621225619106,1
-1.247518868407994,-1.5684800212250773,-1.1839330414661757,-1.1215044484222225,-1.526373818745001,-1.0272757504469332,0.8381467004446593,-1.6627404735414788,-0.21031307263097082,-1.0608967194289673,0
-1.8725772520655304,-0.06556468168733408,-1.1839330414661757,-1.1215044484222225,-1.771690193941329,-1.7562494061852731,-1.1931085566160113,-1.6627404735414788,-1.3614650751723478,0.17076743589958782,0
0.9401854743933811,1.4373506578504092,1.12252363252126,1.090263229965003,1.2947644960127682,1.159645216768088,0.8381467004446593,0.6014167670256413,1.036768263455521,1.5144010598943751,1
-1.4037834643223788,-0.06556468168733408,-0.030704704472457878,-1.1215044484222225,-0.5451083179596901,-0.055310876129146085,-1.1931085566160113,0.6014167670256413,-1.3614650751723478,-0.8369577820965027,0
0.7839208784789949,-0.06556468168733408,1.12252363252126,1.090263229965003,0.31349899522745717,0.43067156102974796,0.8381467004446593,0.6014167670256413,1.3245562640908652,0.7306147792307492,1
0.3151270907358449,1.4373506578504092,1.12252363252126,2.1961470691586156,-0.1771337551651984,0.43067156102974796,0.8381467004446593,0.6014167670256413,0.1734042615494882,1.4024315912281429,1
1.0964500703077644,1.4373506578504092,1.12252363252126,1.090263229965003,1.2947644960127682,0.916653998188642,0.8381467004446593,0.6014167670256413,1.804202931816439,0.618645310564517,1
-0.4661958888360746,1.4373506578504092,1.12252363252126,-0.015620609228609717,-0.0544755675670345,0.18768034245030202,-1.1931085566160113,0.6014167670256413,0.5571215957299472,-0.16514097009910902,0
0.0025978989070768233,-0.06556468168733408,-1.1839330414661757,-1.1215044484222225,0.06818262003112939,1.159645216768088,0.8381467004446593,0.6014167670256413,-1.3614650751723478,-1.5087745940938964,0
0.47139168665022824,-0.06556468168733408,-1.1839330414661757,1.090263229965003,-0.4224501303615262,-2.2422318433441673,0.8381467004446593,0.6014167670256413,-0.7858890739016593,-0.948927250762735,0
1.0964500703077644,-0.06556468168733408,1.12252363252126,-1.1215044484222225,0.31349899522745717,-0.055310876129146085,0.8381467004446593,0.6014167670256413,0.4611922621848325,-0.7249883134302705,1
-0.30993129292169125,-0.06556468168733408,-1.1839330414661757,-1.1215044484222225,-2.3849811319321486,-2.485223061923614,-1.1931085566160113,0.6014167670256413,-1.3614650751723478,-0.2771104387653413,0
1.2527146662221478,-0.06556468168733408,1.12252363252126,1.090263229965003,1.2947644960127682,1.159645216768088,0.8381467004446593,0.6014167670256413,0.653050929275062,1.1784926538956784,1
0.7839208784789949,-0.06556468168733408,-1.1839330414661757,1.090263229965003,0.8041317456201127,0.18768034245030202,-1.1931085566160113,-1.6627404735414788,0.653050929275062,0.8425842478969815,0
0.15886249482146017,-0.06556468168733408,-0.030704704472457878,-0.015620609228609717,-0.667766505557854,-0.055310876129146085,-1.1931085566160113,-1.6627404735414788,-1.3614650751723478,-0.7249883134302705,0
-1.8725772520655304,-0.06556468168733408,-1.1839330414661757,-1.1215044484222225,-1.771690193941329,-0.055310876129146085,-1.1931085566160113,-1.6627404735414788,-0.7858890739016593,-0.5010493760978059,0
0.7839208784789949,-0.06556468168733408,-0.030704704472457878,-1.1215044484222225,-0.0544755675670345,1.159645216768088,-1.1931085566160113,0.6014167670256413,-1.265535741627233,-0.948927250762735,0
1.0964500703077644,-0.06556468168733408,1.12252363252126,1.090263229965003,0.8041317456201127,0.18768034245030202,0.8381467004446593,-1.6627404735414788,0.9408389299104063,0.17076743589958782,0
-0.30993129292169125,-0.06556468168733408,-1.1839330414661757,-0.015620609228609717,-2.017006569137657,-1.99924062476472,-1.1931085566160113,-1.6627404735414788,-1.3614650751723478,-1.1728661880951996,0
1.0964500703077644,-0.06556468168733408,-1.1839330414661757,-1.1215044484222225,-0.667766505557854,-0.055310876129146085,0.8381467004446593,0.6014167670256413,0.269333595094603,1.5144010598943751,0
-1.5600480602367621,-0.06556468168733408,-0.030704704472457878,-1.1215044484222225,-0.667766505557854,-0.5412933132880401,-1.1931085566160113,-1.6627404735414788,-0.7858890739016593,-1.1728661880951996,0
1.7215084539653005,1.4373506578504092,1.12252363252126,1.090263229965003,1.2947644960127682,1.159645216768088,0.8381467004446593,0.6014167670256413,0.1734042615494882,1.0665231852294461,1
0.3151270907358449,1.4373506578504092,1.12252363252126,1.090263229965003,-0.5451083179596901,-1.0272757504469332,0.8381467004446593,0.6014167670256413,0.5571215957299472,-0.7249883134302705,1
0.9401854743933811,1.4373506578504092,1.12252363252126,1.090263229965003,1.2947644960127682,1.159645216768088,0.8381467004446593,0.6014167670256413,1.9960615989066686,1.2904621225619106,1
1.4089792621365311,1.4373506578504092,1.12252363252126,1.090263229965003,0.9267899332182766,0.916653998188642,0.8381467004446593,0.6014167670256413,1.6123442647262096,1.0665231852294461,1
-0.4661958888360746,1.4373506578504092,-1.1839330414661757,-0.015620609228609717,0.19084080762929329,-0.784284531867486,0.8381467004446593,-1.6627404735414788,0.653050929275062,-0.948927250762735,1
0.9401854743933811,-0.06556468168733408,1.12252363252126,-1.1215044484222225,0.31349899522745717,-0.5412933132880401,-1.1931085566160113,0.6014167670256413,0.653050929275062,-0.5010493760978059,0
0.9401854743933811,1.4373506578504092,1.12252363252126,1.090263229965003,1.2947644960127682,1.159645216768088,0.8381467004446593,0.6014167670256413,1.1326975970006357,1.5144010598943751,1
-0.15366669700730792,-1.5684800212250773,-0.030704704472457878,-1.1215044484222225,-0.667766505557854,-0.784284531867486,0.8381467004446593,0.6014167670256413,-0.6899597403565446,-1.2848356567614319,1
0.7839208784789949,1.4373506578504092,1.12252363252126,-0.015620609228609717,1.2947644960127682,1.159645216768088,0.8381467004446593,0.6014167670256413,1.42048559763598,0.3947063732320524,1
0.3151270907358449,1.4373506578504092,1.12252363252126,1.090263229965003,1.2947644960127682,0.673662779609194,0.8381467004446593,0.6014167670256413,1.2286269305457505,1.4024315912281429,1
-0.4661958888360746,-0.06556468168733408,-0.030704704472457878,-1.1215044484222225,0.5588153704237849,-0.5412933132880401,-1.1931085566160113,0.6014167670256413,-1.3614650751723478,-1.1728661880951996,0
-1.716312656151147,1.4373506578504092,-1.1839330414661757,-1.1215044484222225,-1.526373818745001,-1.0272757504469332,-1.1931085566160113,-1.6627404735414788,-1.3614650751723478,-0.05317150143287675,0
0.15886249482146017,-0.06556468168733408,1.12252363252126,-1.1215044484222225,1.1721063084146044,0.673662779609194,0.8381467004446593,0.6014167670256413,0.7489802628201767,1.5144010598943751,1
-0.4661958888360746,-0.06556468168733408,-1.1839330414661757,-1.1215044484222225,0.9267899332182766,-2.7282142805030603,-1.1931085566160113,-1.6627404735414788,-0.7858890739016593,-0.2771104387653413,0
-0.4661958888360746,-0.06556468168733408,-1.1839330414661757,-0.015620609228609717,-1.526373818745001,-2.485223061923614,-1.1931085566160113,-1.6627404735414788,-1.3614650751723478,-1.2848356567614319,0
-0.30993129292169125,-0.06556468168733408,-1.1839330414661757,-1.1215044484222225,-0.4224501303615262,0.916653998188642,-1.1931085566160113,-1.6627404735414788,-1.3614650751723478,-1.1728661880951996,0
-1.716312656151147,-1.5684800212250773,-1.1839330414661757,-0.015620609228609717,-1.0357410683523456,-2.2422318433441673,-1.1931085566160113,-1.6627404735414788,-1.265535741627233,-0.5010493760978059,0
0.9401854743933811,1.4373506578504092,1.12252363252126,1.090263229965003,0.8041317456201127,1.159645216768088,0.8381467004446593,0.6014167670256413,0.8449095963652915,1.2904621225619106,1
0.0025978989070768233,-1.5684800212250773,-1.1839330414661757,-1.1215044484222225,-1.2810574435486735,-0.5412933132880401,-1.1931085566160113,-1.6627404735414788,-0.5940304068114298,-1.0608967194289673,0
0.3151270907358449,-0.06556468168733408,-0.030704704472457878,-1.1215044484222225,-0.1771337551651984,0.43067156102974796,0.8381467004446593,0.6014167670256413,0.5571215957299472,0.7306147792307492,1
0.7839208784789949,-1.5684800212250773,-1.1839330414661757,-0.015620609228609717,0.6814735580219489,0.916653998188642,0.8381467004446593,-1.6627404735414788,1.1326975970006357,-0.948927250762735,0
0.0025978989070768233,-0.06556468168733408,-1.1839330414661757,-0.015620609228609717,-0.7904246931560178,-1.513258187605826,-1.1931085566160113,0.6014167670256413,-1.0736770745370037,-1.1728661880951996,0
0.6276562825646116,-0.06556468168733408,-1.1839330414661757,-1.1215044484222225,0.06818262003112939,0.43067156102974796,-1.1931085566160113,-1.6627404735414788,0.9408389299104063,-0.2771104387653413,0
0.15886249482146017,1.4373506578504092,-0.030704704472457878,1.090263229965003,0.06818262003112939,1.159645216768088,0.8381467004446593,0.6014167670256413,0.9408389299104063,-0.6130188447640381,0
-1.8725772520655304,-1.5684800212250773,-1.1839330414661757,-1.1215044484222225,-1.526373818745001,-1.513258187605826,-1.1931085566160113,-1.6627404735414788,-0.4981010732663151,-0.948927250762735,0
-1.8725772520655304,-0.06556468168733408,-1.1839330414661757,-0.015620609228609717,0.31349899522745717,-0.5412933132880401,-1.1931085566160113,-1.6627404735414788,-0.4021717397212003,-1.0608967194289673,0
1.0964500703077644,-1.5684800212250773,1.12252363252126,1.090263229965003,1.2947644960127682,1.159645216768088,0.8381467004446593,0.6014167670256413,1.804202931816439,0.9545537165632137,1
1.5652438580509145,-1.5684800212250773,-1.1839330414661757,1.090263229965003,0.31349899522745717,0.43067156102974796,0.8381467004446593,0.6014167670256413,0.3652629286397177,1.2904621225619106,1
-0.4661958888360746,-0.06556468168733408,-1.1839330414661757,-1.1215044484222225,0.8041317456201127,0.43067156102974796,0.8381467004446593,0.6014167670256413,-0.0184544055407413,1.2904621225619106,0
1.0964500703077644,-1.5684800212250773,1.12252363252126,-0.015620609228609717,0.8041317456201127,-0.784284531867486,0.8381467004446593,0.6014167670256413,1.5164149311810948,-0.8369577820965027,0
-0.30993129292169125,-1.5684800212250773,-1.1839330414661757,-0.015620609228609717,-1.526373818745001,-1.7562494061852731,0.8381467004446593,-1.6627404735414788,-1.3614650751723478,-1.6207440627601286,0
0.15886249482146017,-0.06556468168733408,1.12252363252126,1.090263229965003,0.9267899332182766,1.159645216768088,0.8381467004446593,0.6014167670256413,-0.21031307263097082,1.5144010598943751,1
0.9401854743933811,-0.06556468168733408,1.12252363252126,1.090263229965003,0.31349899522745717,0.916653998188642,-1.1931085566160113,-1.6627404735414788,-0.9777477409918889,-1.2848356567614319,1
-0.15366669700730792,-0.06556468168733408,-1.1839330414661757,-1.1215044484222225,-1.1583992559505094,-0.5412933132880401,-1.1931085566160113,-1.6627404735414788,-0.7858890739016593,-1.2848356567614319,0
0.6276562825646116,-0.06556468168733408,1.12252363252126,-1.1215044484222225,1.2947644960127682,0.18768034245030202,0.8381467004446593,0.6014167670256413,1.9001322653615538,0.618645310564517,1
-0.6224604847504593,-0.06556468168733408,-1.1839330414661757,-1.1215044484222225,-1.1583992559505094,-1.0272757504469332,-1.1931085566160113,-1.6627404735414788,-0.7858890739016593,-1.1728661880951996,0
0.7839208784789949,-1.5684800212250773,-1.1839330414661757,-1.1215044484222225,0.19084080762929329,0.18768034245030202,0.8381467004446593,-1.6627404735414788,-0.5940304068114298,0.2827369045658201,1
-1.716312656151147,-0.06556468168733408,-1.1839330414661757,-1.1215044484222225,-0.2997919427633623,-0.29830209470859204,-1.1931085566160113,-1.6627404735414788,-0.4981010732663151,-1.732713531426361,0
-0.15366669700730792,-0.06556468168733408,-1.1839330414661757,-0.015620609228609717,0.6814735580219489,-0.055310876129146085,-1.1931085566160113,0.6014167670256413,0.7489802628201767,-0.5010493760978059,0
0.9401854743933811,-1.5684800212250773,1.12252363252126,1.090263229965003,1.2947644960127682,1.159645216768088,0.8381467004446593,-1.6627404735414788,1.9960615989066686,1.0665231852294461,1
0.15886249482146017,-1.5684800212250773,-1.1839330414661757,-0.015620609228609717,0.5588153704237849,-0.055310876129146085,0.8381467004446593,-1.6627404735414788,-0.21031307263097082,0.618645310564517,0
0.7839208784789949,-0.06556468168733408,-0.030704704472457878,-0.015620609228609717,-0.2997919427633623,-1.513258187605826,0.8381467004446593,0.6014167670256413,0.5571215957299472,0.9545537165632137,1
0.3151270907358449,-0.06556468168733408,-0.030704704472457878,-0.015620609228609717,0.8041317456201127,-0.29830209470859204,-1.1931085566160113,0.6014167670256413,-0.8818184074467741,-1.2848356567614319,0
0.47139168665022824,-0.06556468168733408,1.12252363252126,-1.1215044484222225,0.43615718282562105,1.159645216768088,-1.1931085566160113,0.6014167670256413,0.5571215957299472,0.9545537165632137,0
1.5652438580509145,1.4373506578504092,1.12252363252126,1.090263229965003,-0.4224501303615262,-0.055310876129146085,0.8381467004446593,0.6014167670256413,1.2286269305457505,0.9545537165632137,1
-1.8725772520655304,-1.5684800212250773,-1.1839330414661757,-1.1215044484222225,-0.5451083179596901,-0.5412933132880401,-1.1931085566160113,0.6014167670256413,1.3245562640908652,-0.8369577820965027,0
-0.15366669700730792,-0.06556468168733408,-0.030704704472457878,-1.1215044484222225,0.5588153704237849,-1.7562494061852731,-1.1931085566160113,0.6014167670256413,0.5571215957299472,-1.6207440627601286,1
-0.30993129292169125,-0.06556468168733408,1.12252363252126,-1.1215044484222225,0.8041317456201127,-0.29830209470859204,0.8381467004446593,0.6014167670256413,1.1326975970006357,-0.3890799074315736,0
0.7839208784789949,-0.06556468168733408,-1.1839330414661757,1.090263229965003,0.43615718282562105,0.18768034245030202,0.8381467004446593,0.6014167670256413,-0.4981010732663151,0.618645310564517,1
-1.8725772520655304,-0.06556468168733408,-1.1839330414661757,-1.1215044484222225,-0.0544755675670345,-0.784284531867486,-1.1931085566160113,-1.6627404735414788,-1.3614650751723478,-0.5010493760978059,0
-0.4661958888360746,1.4373506578504092,1.12252363252126,-1.1215044484222225,0.06818262003112939,0.43067156102974796,0.8381467004446593,0.6014167670256413,0.7489802628201767,1.4024315912281429,1
1.2527146662221478,-0.06556468168733408,1.12252363252126,-0.015620609228609717,0.31349899522745717,0.916653998188642,0.8381467004446593,0.6014167670256413,0.653050929275062,1.5144010598943751,1
1.4089792621365311,1.4373506578504092,1.12252363252126,1.090263229965003,1.1721063084146044,1.159645216768088,0.8381467004446593,0.6014167670256413,0.3652629286397177,1.4024315912281429,1
-0.30993129292169125,-0.06556468168733408,-0.030704704472457878,1.090263229965003,0.43615718282562105,-2.971205499082507,-1.1931085566160113,-1.6627404735414788,-1.0736770745370037,-0.05317150143287675,0
-0.15366669700730792,-0.06556468168733408,-0.030704704472457878,1.090263229965003,-0.7904246931560178,0.916653998188642,0.8381467004446593,0.6014167670256413,-0.7858890739016593,0.058797967233355536,0
1.0964500703077644,1.4373506578504092,1.12252363252126,1.090263229965003,1.2947644960127682,-0.5412933132880401,0.8381467004446593,0.6014167670256413,0.8449095963652915,0.9545537165632137,1
0.47139168665022824,-1.5684800212250773,1.12252363252126,1.090263229965003,0.43615718282562105,0.916653998188642,0.8381467004446593,0.6014167670256413,0.8449095963652915,1.1784926538956784,1
1.0964500703077644,-1.5684800212250773,-1.1839330414661757,-1.1215044484222225,1.2947644960127682,0.673662779609194,0.8381467004446593,0.6014167670256413,1.42048559763598,0.3947063732320524,1
-0.4661958888360746,1.4373506578504092,1.12252363252126,1.090263229965003,1.1721063084146044,1.159645216768088,0.8381467004446593,-1.6627404735414788,1.804202931816439,0.8425842478969815,0
-1.716312656151147,-1.5684800212250773,-1.1839330414661757,2.1961470691586156,0.5588153704237849,-1.513258187605826,-1.1931085566160113,-1.6627404735414788,0.5571215957299472,-0.8369577820965027,0
1.0964500703077644,-0.06556468168733408,1.12252363252126,-1.1215044484222225,1.1721063084146044,1.159645216768088,0.8381467004446593,0.6014167670256413,0.9408389299104063,1.0665231852294461,1
0.9401854743933811,1.4373506578504092,1.12252363252126,1.090263229965003,1.2947644960127682,1.159645216768088,0.8381467004446593,0.6014167670256413,1.5164149311810948,0.8425842478969815,1
-1.8725772520655304,-0.06556468168733408,-1.1839330414661757,-0.015620609228609717,-1.0357410683523456,-0.29830209470859204,-1.1931085566160113,-1.6627404735414788,-1.0736770745370037,-0.3890799074315736,0
0.7839208784789949,1.4373506578504092,1.12252363252126,1.090263229965003,1.2947644960127682,1.159645216768088,0.8381467004446593,0.6014167670256413,0.7489802628201767,0.9545537165632137,1
0.47139168665022824,-0.06556468168733408,-0.030704704472457878,1.090263229965003,-0.667766505557854,-0.5412933132880401,-1.1931085566160113,0.6014167670256413,0.07747492800437346,1.0665231852294461,1
0.15886249482146017,-0.06556468168733408,-1.1839330414661757,-0.015620609228609717,0.43615718282562105,-1.513258187605826,-1.1931085566160113,0.6014167670256413,-0.4981010732663151,-0.3890799074315736,0
0.47139168665022824,1.4373506578504092,-0.030704704472457878,1.090263229965003,0.19084080762929329,0.43067156102974796,-1.1931085566160113,-1.6627404735414788,-0.0184544055407413,-0.3890799074315736,0
1.4089792621365311,-0.06556468168733408,1.12252363252126,-1.1215044484222225,1.1721063084146044,1.159645216768088,0.8381467004446593,0.6014167670256413,0.4611922621848325,-1.5087745940938964,1
-1.8725772520655304,1.4373506578504092,1.12252363252126,1.090263229965003,0.06818262003112939,-0.5412933132880401,0.8381467004446593,0.6014167670256413,0.653050929275062,1.2904621225619106,1
1.0964500703077644,1.4373506578504092,1.12252363252126,-0.015620609228609717,1.2947644960127682,1.159645216768088,0.8381467004446593,0.6014167670256413,0.653050929275062,1.4024315912281429,1
0.7839208784789949,-0.06556468168733408,-0.030704704472457878,-1.1215044484222225,-1.4037156311468373,-0.29830209470859204,-1.1931085566160113,-1.6627404735414788,-1.1696064080821185,-1.1728661880951996,0
1.4089792621365311,-0.06556468168733408,-0.030704704472457878,-1.1215044484222225,-1.4037156311468373,-1.0272757504469332,0.8381467004446593,0.6014167670256413,0.269333595094603,0.9545537165632137,1
-0.30993129292169125,-0.06556468168733408,-1.1839330414661757,-1.1215044484222225,-1.1583992559505094,-1.99924062476472,-1.1931085566160113,0.6014167670256413,0.5571215957299472,-0.948927250762735,0
1.2527146662221478,-0.06556468168733408,1.12252363252126,1.090263229965003,0.19084080762929329,-0.29830209470859204,-1.1931085566160113,0.6014167670256413,-1.3614650751723478,1.2904621225619106,0
0.47139168665022824,1.4373506578504092,-1.1839330414661757,-1.1215044484222225,1.2947644960127682,0.916653998188642,0.8381467004446593,0.6014167670256413,1.3245562640908652,1.1784926538956784,1
-0.30993129292169125,-0.06556468168733408,-1.1839330414661757,-0.015620609228609717,-1.2810574435486735,-0.784284531867486,-1.1931085566160113,0.6014167670256413,-0.7858890739016593,-0.6130188447640381,0
1.2527146662221478,1.4373506578504092,1.12252363252126,-0.015620609228609717,-1.4037156311468373,-0.784284531867486,0.8381467004446593,0.6014167670256413,0.3652629286397177,-0.5010493760978059,0
-1.716312656151147,-1.5684800212250773,-1.1839330414661757,-0.015620609228609717,-1.526373818745001,0.43067156102974796,-1.1931085566160113,-1.6627404735414788,-0.4021717397212003,-0.3890799074315736,0
-1.8725772520655304,1.4373506578504092,1.12252363252126,-1.1215044484222225,0.5588153704237849,1.159645216768088,-1.1931085566160113,0.6014167670256413,-0.6899597403565446,1.0665231852294461,0
1.2527146662221478,1.4373506578504092,1.12252363252126,2.1961470691586156,-0.4224501303615262,0.916653998188642,-1.1931085566160113,0.6014167670256413,-0.30624240617608556,1.1784926538956784,1
-0.30993129292169125,1.4373506578504092,-0.030704704472457878,-0.015620609228609717,-1.0357410683523456,-1.2702669690263801,-1.1931085566160113,0.6014167670256413,-0.8818184074467741,-0.6130188447640381,0
0.7839208784789949,1.4373506578504092,1.12252363252126,1.090263229965003,1.2947644960127682,1.159645216768088,0.8381467004446593,0.6014167670256413,0.653050929275062,1.1784926538956784,1
0.0025978989070768233,-0.06556468168733408,-0.030704704472457878,1.090263229965003,0.31349899522745717,0.916653998188642,-1.1931085566160113,0.6014167670256413,1.42048559763598,1.1784926538956784,0
0.0025978989070768233,-0.06556468168733408,-0.030704704472457878,-1.1215044484222225,-1.4037156311468373,-1.0272757504469332,-1.1931085566160113,0.6014167670256413,-0.6899597403565446,-1.2848356567614319,0
0.15886249482146017,-0.06556468168733408,-0.030704704472457878,-0.015620609228609717,0.19084080762929329,-0.5412933132880401,0.8381467004446593,0.6014167670256413,-0.7858890739016593,0.3947063732320524,1
1.4089792621365311,-0.06556468168733408,-0.030704704472457878,-0.015620609228609717,1.2947644960127682,-0.29830209470859204,-1.1931085566160113,0.6014167670256413,0.1734042615494882,-0.7249883134302705,1
1.0964500703077644,1.4373506578504092,-0.030704704472457878,1.090263229965003,-0.0544755675670345,0.916653998188642,0.8381467004446593,0.6014167670256413,0.653050929275062,0.618645310564517,1
-1.5600480602367621,-0.06556468168733408,-0.030704704472457878,-1.1215044484222225,-0.7904246931560178,-2.2422318433441673,-1.1931085566160113,0.6014167670256413,-1.3614650751723478,-1.732713531426361,0
0.3151270907358449,-1.5684800212250773,-1.1839330414661757,-1.1215044484222225,-0.0544755675670345,0.18768034245030202,0.8381467004446593,-1.6627404735414788,-1.3614650751723478,1.1784926538956784,0
1.7215084539653005,1.4373506578504092,1.12252363252126,1.090263229965003,1.2947644960127682,0.916653998188642,0.8381467004446593,0.6014167670256413,1.42048559763598,1.2904621225619106,1
1.4089792621365311,-0.06556468168733408,1.12252363252126,-1.1215044484222225,1.2947644960127682,1.159645216768088,0.8381467004446593,0.6014167670256413,1.6123442647262096,0.618645310564517,1
-0.6224604847504593,-0.06556468168733408,-1.1839330414661757,-1.1215044484222225,-1.526373818745001,-0.055310876129146085,-1.1931085566160113,0.6014167670256413,-1.3614650751723478,-1.2848356567614319,0
0.7839208784789949,1.4373506578504092,1.12252363252126,1.090263229965003,1.2947644960127682,1.159645216768088,0.8381467004446593,-1.6627404735414788,-0.0184544055407413,-0.16514097009910902,1
-0.30993129292169125,1.4373506578504092,-1.1839330414661757,-1.1215044484222225,-0.9130828807541818,-1.7562494061852731,-1.1931085566160113,0.6014167670256413,-0.7858890739016593,-1.6207440627601286,0
-1.8725772520655304,-0.06556468168733408,-0.030704704472457878,-0.015620609228609717,-1.8943483815394928,-1.513258187605826,-1.1931085566160113,0.6014167670256413,-1.3614650751723478,-0.6130188447640381,0
-0.4661958888360746,-0.06556468168733408,-1.1839330414661757,-1.1215044484222225,-1.6490320063431652,-1.2702669690263801,0.8381467004446593,0.6014167670256413,-0.6899597403565446,-1.0608967194289673,0
-1.5600480602367621,-0.06556468168733408,-1.1839330414661757,-1.1215044484222225,-0.4224501303615262,0.673662779609194,0.8381467004446593,-1.6627404735414788,0.9408389299104063,-1.0608967194289673,1
0.15886249482146017,-1.5684800212250773,1.12252363252126,-0.015620609228609717,-0.4224501303615262,-1.2702669690263801,-1.1931085566160113,0.6014167670256413,-1.3614650751723478,-0.6130188447640381,0
-0.7787250806648427,-0.06556468168733408,-0.030704704472457878,-1.1215044484222225,0.31349899522745717,-1.7562494061852731,0.8381467004446593,0.6014167670256413,0.1734042615494882,-0.05317150143287675,1
1.0964500703077644,-0.06556468168733408,1.12252363252126,1.090263229965003,1.2947644960127682,1.159645216768088,0.8381467004446593,0.6014167670256413,1.3245562640908652,1.0665231852294461,1
-0.7787250806648427,-1.5684800212250773,-1.1839330414661757,-1.1215044484222225,-1.6490320063431652,-2.485223061923614,-1.1931085566160113,-1.6627404735414788,-1.3614650751723478,-0.8369577820965027,0
-0.4661958888360746,-0.06556468168733408,1.12252363252126,1.090263229965003,1.0494481208164406,1.159645216768088,0.8381467004446593,0.6014167670256413,1.2286269305457505,1.1784926538956784,1
0.7839208784789949,-0.06556468168733408,1.12252363252126,-1.1215044484222225,0.43615718282562105,0.18768034245030202,0.8381467004446593,0.6014167670256413,1.036768263455521,1.4024315912281429,1
-1.247518868407994,-0.06556468168733408,-0.030704704472457878,-0.015620609228609717,-2.3849811319321486,1.159645216768088,0.8381467004446593,0.6014167670256413,-0.0184544055407413,-0.6130188447640381,0
-1.5600480602367621,-0.06556468168733408,-1.1839330414661757,-1.1215044484222225,-0.5451083179596901,-2.971205499082507,0.8381467004446593,0.6014167670256413,-1.3614650751723478,-0.8369577820965027,0
1.4089792621365311,1.4373506578504092,1.12252363252126,1.090263229965003,1.2947644960127682,0.916653998188642,0.8381467004446593,0.6014167670256413,1.42048559763598,1.4024315912281429,1
-1.716312656151147,-0.06556468168733408,-1.1839330414661757,-1.1215044484222225,-0.2997919427633623,-1.0272757504469332,-1.1931085566160113,-1.6627404735414788,-1.3614650751723478,-0.5010493760978059,0
-1.716312656151147,-0.06556468168733408,-0.030704704472457878,-0.015620609228609717,-1.1583992559505094,0.673662779609194,0.8381467004446593,0.6014167670256413,0.653050929275062,1.0665231852294461,0
-0.9349896765792275,-0.06556468168733408,1.12252363252126,-0.015620609228609717,-0.2997919427633623,-0.29830209470859204,0.8381467004446593,0.6014167670256413,-0.6899597403565446,-1.6207440627601286,0
0.15886249482146017,-0.06556468168733408,-0.030704704472457878,-1.1215044484222225,0.5588153704237849,-3.214196717661954,0.8381467004446593,0.6014167670256413,-0.6899597403565446,-0.5010493760978059,0
-0.15366669700730792,-0.06556468168733408,-1.1839330414661757,-1.1215044484222225,-0.9130828807541818,-1.2702669690263801,-1.1931085566160113,-1.6627404735414788,0.269333595094603,-0.8369577820965027,0
-0.15366669700730792,-0.06556468168733408,-1.1839330414661757,-0.015620609228609717,-2.1396647567358205,-2.2422318433441673,-1.1931085566160113,-1.6627404735414788,-0.8818184074467741,-1.396805125427664,0
-1.716312656151147,1.4373506578504092,-1.1839330414661757,-1.1215044484222225,-2.3849811319321486,-0.5412933132880401,0.8381467004446593,-1.6627404735414788,-0.7858890739016593,-0.948927250762735,0
0.9401854743933811,-0.06556468168733408,1.12252363252126,-1.1215044484222225,0.8041317456201127,0.18768034245030202,0.8381467004446593,0.6014167670256413,0.5571215957299472,0.5066758418982846,1
0.0025978989070768233,-0.06556468168733408,-1.1839330414661757,1.090263229965003,-1.2810574435486735,0.916653998188642,-1.1931085566160113,0.6014167670256413,0.269333595094603,-1.2848356567614319,0
-0.4661958888360746,-0.06556468168733408,-0.030704704472457878,-0.015620609228609717,-0.2997919427633623,-1.0272757504469332,-1.1931085566160113,0.6014167670256413,-1.3614650751723478,-1.1728661880951996,0
-1.8725772520655304,-1.5684800212250773,-1.1839330414661757,-1.1215044484222225,-1.6490320063431652,-0.784284531867486,-1.1931085566160113,0.6014167670256413,-0.30624240617608556,-0.2771104387653413,0
0.9401854743933811,1.4373506578504092,-1.1839330414661757,-1.1215044484222225,0.19084080762929329,-0.5412933132880401,0.8381467004446593,0.6014167670256413,0.653050929275062,0.9545537165632137,0
1.5652438580509145,1.4373506578504092,1.12252363252126,1.090263229965003,-0.0544755675670345,0.18768034245030202,0.8381467004446593,0.6014167670256413,0.653050929275062,0.9545537165632137,1
-1.8725772520655304,-1.5684800212250773,-1.1839330414661757,2.1961470691586156,-0.4224501303615262,0.18768034245030202,0.8381467004446593,-1.6627404735414788,-0.4981010732663151,-0.5010493760978059,0
-0.6224604847504593,-1.5684800212250773,-1.1839330414661757,-1.1215044484222225,-2.3849811319321486,-2.7282142805030603,-1.1931085566160113,-1.6627404735414788,-1.3614650751723478,-1.396805125427664,0
0.9401854743933811,-0.06556468168733408,-0.030704704472457878,-0.015620609228609717,-0.9130828807541818,0.916653998188642,-1.1931085566160113,0.6014167670256413,-1.3614650751723478,-0.3890799074315736,0
0.7839208784789949,-0.06556468168733408,1.12252363252126,1.090263229965003,1.2947644960127682,0.916653998188642,0.8381467004446593,0.6014167670256413,1.3245562640908652,0.618645310564517,1
0.6276562825646116,-0.06556468168733408,1.12252363252126,-1.1215044484222225,-0.2997919427633623,-0.055310876129146085,-1.1931085566160113,0.6014167670256413,0.1734042615494882,-0.6130188447640381,0
-0.4661958888360746,-0.06556468168733408,-1.1839330414661757,-1.1215044484222225,-0.5451083179596901,-0.055310876129146085,-1.1931085566160113,-1.6627404735414788,-0.8818184074467741,-1.1728661880951996,0
-0.15366669700730792,-0.06556468168733408,1.12252363252126,-1.1215044484222225,-0.5451083179596901,-0.29830209470859204,0.8381467004446593,-1.6627404735414788,0.653050929275062,0.17076743589958782,1
0.3151270907358449,-0.06556468168733408,-1.1839330414661757,-1.1215044484222225,0.19084080762929329,0.673662779609194,0.8381467004446593,-1.6627404735414788,-0.7858890739016593,-0.7249883134302705,1
0.9401854743933811,1.4373506578504092,1.12252363252126,2.1961470691586156,1.0494481208164406,1.159645216768088,0.8381467004446593,0.6014167670256413,1.42048559763598,1.4024315912281429,1
-0.15366669700730792,-0.06556468168733408,-1.1839330414661757,-0.015620609228609717,-1.771690193941329,-1.99924062476472,-1.1931085566160113,-1.6627404735414788,-1.3614650751723478,-1.8446830000925933,0
-0.30993129292169125,-0.06556468168733408,-0.030704704472457878,-0.015620609228609717,-0.0544755675670345,0.43067156102974796,-1.1931085566160113,0.6014167670256413,-0.4981010732663151,-0.7249883134302705,0
-0.30993129292169125,-1.5684800212250773,-1.1839330414661757,-1.1215044484222225,-1.0357410683523456,-0.5412933132880401,-1.1931085566160113,0.6014167670256413,0.3652629286397177,-0.948927250762735,0
-1.716312656151147,-1.5684800212250773,-1.1839330414661757,-1.1215044484222225,-0.667766505557854,-1.0272757504469332,-1.1931085566160113,0.6014167670256413,-0.5940304068114298,-1.2848356567614319,0
-1.8725772520655304,-0.06556468168733408,-0.030704704472457878,-0.015620609228609717,-0.2997919427633623,-0.29830209470859204,-1.1931085566160113,-1.6627404735414788,-0.6899597403565446,-0.3890799074315736,0
-0.4661958888360746,-1.5684800212250773,-0.030704704472457878,1.090263229965003,0.06818262003112939,1.159645216768088,-1.1931085566160113,0.6014167670256413,-0.7858890739016593,1.5144010598943751,1
0.7839208784789949,-0.06556468168733408,1.12252363252126,-1.1215044484222225,0.43615718282562105,1.159645216768088,0.8381467004446593,0.6014167670256413,0.1734042615494882,1.0665231852294461,1
-0.15366669700730792,-0.06556468168733408,-1.1839330414661757,-1.1215044484222225,0.19084080762929329,-0.29830209470859204,0.8381467004446593,-1.6627404735414788,-1.3614650751723478,0.8425842478969815,0
0.15886249482146017,-0.06556468168733408,1.12252363252126,-1.1215044484222225,0.9267899332182766,-0.5412933132880401,0.8381467004446593,0.6014167670256413,-0.30624240617608556,-1.2848356567614319,0
0.6276562825646116,1.4373506578504092,1.12252363252126,1.090263229965003,1.2947644960127682,-1.2702669690263801,0.8381467004446593,0.6014167670256413,1.9960615989066686,0.2827369045658201,1
0.0025978989070768233,-1.5684800212250773,-0.030704704472457878,2.1961470691586156,-0.2997919427633623,1.159645216768088,0.8381467004446593,0.6014167670256413,-0.21031307263097082,0.618645310564517,0
-1.247518868407994,-0.06556468168733408,-1.1839330414661757,-1.1215044484222225,-1.0357410683523456,-1.2702669690263801,-1.1931085566160113,0.6014167670256413,-1.3614650751723478,-0.5010493760978059,0
0.47139168665022824,-1.5684800212250773,-1.1839330414661757,-0.015620609228609717,-0.4224501303615262,-1.7562494061852731,-1.1931085566160113,-1.6627404735414788,-1.3614650751723478,-1.0608967194289673,0
1.5652438580509145,-0.06556468168733408,1.12252363252126,1.090263229965003,1.2947644960127682,1.159645216768088,0.8381467004446593,0.6014167670256413,0.07747492800437346,1.5144010598943751,1
-1.8725772520655304,-0.06556468168733408,-1.1839330414661757,-0.015620609228609717,-0.1771337551651984,-0.784284531867486,-1.1931085566160113,-1.6627404735414788,-0.4021717397212003,-1.0608967194289673,0
0.47139168665022824,1.4373506578504092,1.12252363252126,1.090263229965003,0.9267899332182766,0.43067156102974796,0.8381467004446593,0.6014167670256413,0.1734042615494882,1.1784926538956784,1
1.2527146662221478,1.4373506578504092,1.12252363252126,1.090263229965003,0.31349899522745717,0.916653998188642,0.8381467004446593,0.6014167670256413,0.5571215957299472,1.5144010598943751,1
0.6276562825646116,1.4373506578504092,1.12252363252126,1.090263229965003,1.2947644960127682,1.159645216768088,0.8381467004446593,0.6014167670256413,1.42048559763598,1.4024315912281429,1
-1.4037834643223788,-0.06556468168733408,-1.1839330414661757,-0.015620609228609717,0.06818262003112939,-1.99924062476472,-1.1931085566160113,0.6014167670256413,-0.4981010732663151,-0.5010493760978059,0
-1.0912542724936107,-0.06556468168733408,-0.030704704472457878,-1.1215044484222225,-0.7904246931560178,0.43067156102974796,-1.1931085566160113,0.6014167670256413,-1.3614650751723478,0.618645310564517,0
-0.4661958888360746,-1.5684800212250773,-1.1839330414661757,2.1961470691586156,-1.6490320063431652,-2.485223061923614,-1.1931085566160113,0.6014167670256413,-0.5940304068114298,-0.3890799074315736,0
-0.15366669700730792,-0.06556468168733408,-1.1839330414661757,-0.015620609228609717,-1.1583992559505094,0.916653998188642,-1.1931085566160113,0.6014167670256413,-1.3614650751723478,-0.6130188447640381,0
0.15886249482146017,-1.5684800212250773,1.12252363252126,-1.1215044484222225,1.1721063084146044,1.159645216768088,0.8381467004446593,0.6014167670256413,1.3245562640908652,0.5066758418982846,1
0.6276562825646116,1.4373506578504092,1.12252363252126,1.090263229965003,1.2947644960127682,0.916653998188642,0.8381467004446593,0.6014167670256413,0.8449095963652915,0.8425842478969815,1
1.2527146662221478,1.4373506578504092,1.12252363252126,1.090263229965003,1.2947644960127682,1.159645216768088,0.8381467004446593,0.6014167670256413,0.7489802628201767,1.5144010598943751,1
0.3151270907358449,-1.5684800212250773,-1.1839330414661757,-1.1215044484222225,0.6814735580219489,0.43067156102974796,0.8381467004446593,-1.6627404735414788,0.653050929275062,0.7306147792307492,0
1.8777730498796839,-1.5684800212250773,1.12252363252126,-1.1215044484222225,1.1721063084146044,1.159645216768088,0.8381467004446593,-1.6627404735414788,0.7489802628201767,0.3947063732320524,1
1.2527146662221478,-0.06556468168733408,1.12252363252126,1.090263229965003,1.2947644960127682,1.159645216768088,0.8381467004446593,0.6014167670256413,1.036768263455521,1.1784926538956784,1
1.4089792621365311,-1.5684800212250773,1.12252363252126,-1.1215044484222225,0.5588153704237849,1.159645216768088,0.8381467004446593,0.6014167670256413,-0.6899597403565446,0.3947063732320524,1
-1.0912542724936107,-0.06556468168733408,-1.1839330414661757,-0.015620609228609717,-0.7904246931560178,-0.055310876129146085,0.8381467004446593,0.6014167670256413,-0.6899597403565446,-1.9566524687588256,0
0.6276562825646116,1.4373506578504092,1.12252363252126,-1.1215044484222225,1.2947644960127682,0.916653998188642,0.8381467004446593,0.6014167670256413,0.9408389299104063,0.8425842478969815,1
-1.5600480602367621,-0.06556468168733408,-0.030704704472457878,-1.1215044484222225,1.2947644960127682,0.916653998188642,0.8381467004446593,0.6014167670256413,-1.3614650751723478,0.8425842478969815,1
-1.8725772520655304,-0.06556468168733408,-1.1839330414661757,1.090263229965003,-1.4037156311468373,-1.99924062476472,-1.1931085566160113,-1.6627404735414788,0.653050929275062,-1.5087745940938964,0
-0.15366669700730792,-0.06556468168733408,-1.1839330414661757,-1.1215044484222225,-0.2997919427633623,-0.5412933132880401,-1.1931085566160113,0.6014167670256413,-1.1696064080821185,-0.8369577820965027,1
-0.30993129292169125,-0.06556468168733408,-0.030704704472457878,-1.1215044484222225,-0.667766505557854,-0.29830209470859204,-1.1931085566160113,-1.6627404735414788,-1.3614650751723478,-1.2848356567614319,0
0.7839208784789949,-1.5684800212250773,-0.030704704472457878,1.090263229965003,1.2947644960127682,1.159645216768088,0.8381467004446593,0.6014167670256413,0.7489802628201767,0.9545537165632137,1
-0.30993129292169125,-0.06556468168733408,-0.030704704472457878,-0.015620609228609717,0.31349899522745717,0.916653998188642,-1.1931085566160113,0.6014167670256413,-1.3614650751723478,-0.2771104387653413,0
-0.30993129292169125,1.4373506578504092,-1.1839330414661757,-0.015620609228609717,1.2947644960127682,-0.5412933132880401,0.8381467004446593,0.6014167670256413,0.1734042615494882,-0.8369577820965027,0
1.5652438580509145,1.4373506578504092,1.12252363252126,1.090263229965003,1.2947644960127682,1.159645216768088,0.8381467004446593,0.6014167670256413,1.804202931816439,1.4024315912281429,1
0.47139168665022824,1.4373506578504092,1.12252363252126,1.090263229965003,1.2947644960127682,1.159645216768088,0.8381467004446593,0.6014167670256413,1.1326975970006357,1.5144010598943751,1
0.9401854743933811,-0.06556468168733408,-0.030704704472457878,-1.1215044484222225,0.06818262003112939,-1.7562494061852731,-1.1931085566160113,0.6014167670256413,0.269333595094603,-1.2848356567614319,0
0.3151270907358449,-0.06556468168733408,1.12252363252126,-0.015620609228609717,1.2947644960127682,1.159645216768088,0.8381467004446593,0.6014167670256413,0.653050929275062,0.7306147792307492,1
0.9401854743933811,1.4373506578504092,1.12252363252126,1.090263229965003,1.2947644960127682,1.159645216768088,0.8381467004446593,0.6014167670256413,1.7082735982713242,0.7306147792307492,1
0.15886249482146017,1.4373506578504092,1.12252363252126,1.090263229965003,0.9267899332182766,1.159645216768088,0.8381467004446593,-1.6627404735414788,1.2286269305457505,0.3947063732320524,1
1.2527146662221478,1.4373506578504092,1.12252363252126,1.090263229965003,1.2947644960127682,0.916653998188642,0.8381467004446593,0.6014167670256413,0.7489802628201767,1.2904621225619106,1
1.0964500703077644,-0.06556468168733408,1.12252363252126,1.090263229965003,-0.4224501303615262,0.43067156102974796,0.8381467004446593,0.6014167670256413,1.2286269305457505,0.9545537165632137,1
-1.8725772520655304,-0.06556468168733408,-0.030704704472457878,1.090263229965003,-0.4224501303615262,1.159645216768088,-1.1931085566160113,0.6014167670256413,1.1326975970006357,1.1784926538956784,0
-0.30993129292169125,-0.06556468168733408,-1.1839330414661757,-0.015620609228609717,-0.1771337551651984,-0.29830209470859204,-1.1931085566160113,-1.6627404735414788,0.653050929275062,-0.6130188447640381,0
-0.4661958888360746,-0.06556468168733408,-1.1839330414661757,-1.1215044484222225,-1.771690193941329,-1.513258187605826,-1.1931085566160113,-1.6627404735414788,-0.4021717397212003,-0.948927250762735,0
0.9401854743933811,1.4373506578504092,1.12252363252126,1.090263229965003,1.2947644960127682,0.18768034245030202,0.8381467004446593,0.6014167670256413,1.42048559763598,1.2904621225619106,1
-1.8725772520655304,-0.06556468168733408,-1.1839330414661757,-1.1215044484222225,-1.526373818745001,-0.055310876129146085,-1.1931085566160113,0.6014167670256413,0.269333595094603,-0.8369577820965027,0
0.6276562825646116,1.4373506578504092,1.12252363252126,1.090263229965003,1.0494481208164406,0.916653998188642,0.8381467004446593,0.6014167670256413,1.036768263455521,1.4024315912281429,1
0.7839208784789949,1.4373506578504092,-1.1839330414661757,1.090263229965003,-0.2997919427633623,1.159645216768088,0.8381467004446593,0.6014167670256413,-0.8818184074467741,0.5066758418982846,0
-0.4661958888360746,-0.06556468168733408,1.12252363252126,-1.1215044484222225,1.0494481208164406,-0.5412933132880401,0.8381467004446593,0.6014167670256413,-0.9777477409918889,-0.16514097009910902,0
-0.15366669700730792,-0.06556468168733408,-0.030704704472457878,1.090263229965003,0.06818262003112939,0.43067156102974796,-1.1931085566160113,0.6014167670256413,0.7489802628201767,-0.3890799074315736,1
-0.4661958888360746,1.4373506578504092,-0.030704704472457878,-1.1215044484222225,-1.2810574435486735,-0.5412933132880401,-1.1931085566160113,-1.6627404735414788,-0.9777477409918889,0.058797967233355536,0
-0.30993129292169125,-0.06556468168733408,-0.030704704472457878,-1.1215044484222225,-0.4224501303615262,-0.784284531867486,-1.1931085566160113,0.6014167670256413,-0.9777477409918889,-1.396805125427664,1
0.6276562825646116,-1.5684800212250773,1.12252363252126,-0.015620609228609717,1.2947644960127682,0.916653998188642,0.8381467004446593,0.6014167670256413,1.1326975970006357,1.2904621225619106,0
-0.30993129292169125,1.4373506578504092,-0.030704704472457878,-0.015620609228609717,-0.667766505557854,0.18768034245030202,-1.1931085566160113,0.6014167670256413,1.2286269305457505,-1.396805125427664,0
-0.4661958888360746,-1.5684800212250773,-1.1839330414661757,-1.1215044484222225,-0.1771337551651984,0.673662779609194,-1.1931085566160113,-1.6627404735414788,-1.265535741627233,-0.6130188447640381,0
-0.6224604847504593,-0.06556468168733408,-0.030704704472457878,-1.1215044484222225,-1.771690193941329,-0.29830209470859204,-1.1931085566160113,-1.6627404735414788,-1.3614650751723478,-1.0608967194289673,0
-1.8725772520655304,-1.5684800212250773,-1.1839330414661757,-1.1215044484222225,0.5588153704237849,-0.5412933132880401,-1.1931085566160113,0.6014167670256413,-0.8818184074467741,-1.396805125427664,0
0.47139168665022824,1.4373506578504092,-1.1839330414661757,1.090263229965003,0.06818262003112939,0.673662779609194,0.8381467004446593,-1.6627404735414788,0.7489802628201767,-1.5087745940938964,1
1.4089792621365311,-0.06556468168733408,1.12252363252126,1.090263229965003,0.6814735580219489,1.159645216768088,0.8381467004446593,0.6014167670256413,0.7489802628201767,-0.2771104387653413,1
-0.30993129292169125,-0.06556468168733408,-1.1839330414661757,-1.1215044484222225,-0.5451083179596901,-1.2702669690263801,-1.1931085566160113,0.6014167670256413,-1.3614650751723478,-1.396805125427664,0
1.2527146662221478,-1.5684800212250773,1.12252363252126,1.090263229965003,1.2947644960127682,0.673662779609194,-1.1931085566160113,0.6014167670256413,0.4611922621848325,-0.2771104387653413,1
-0.15366669700730792,-0.06556468168733408,1.12252363252126,-0.015620609228609717,-1.0357410683523456,1.159645216768088,0.8381467004446593,0.6014167670256413,-1.3614650751723478,-0.05317150143287675,0
-0.15366669700730792,-1.5684800212250773,-0.030704704472457878,-1.1215044484222225,0.06818262003112939,-1.513258187605826,0.8381467004446593,-1.6627404735414788,1.5164149311810948,-1.5087745940938964,0
0.6276562825646116,1.4373506578504092,1.12252363252126,1.090263229965003,1.2947644960127682,-1.513258187605826,0.8381467004446593,0.6014167670256413,0.8449095963652915,0.2827369045658201,1
-0.15366669700730792,-1.5684800212250773,-1.1839330414661757,-0.015620609228609717,-1.1583992559505094,-1.0272757504469332,-1.1931085566160113,-1.6627404735414788,0.1734042615494882,-1.2848356567614319,1
0.0025978989070768233,-0.06556468168733408,-1.1839330414661757,-0.015620609228609717,-1.4037156311468373,-0.29830209470859204,-1.1931085566160113,0.6014167670256413,0.4611922621848325,-0.05317150143287675,0
1.4089792621365311,1.4373506578504092,1.12252363252126,2.1961470691586156,0.9267899332182766,0.916653998188642,0.8381467004446593,0.6014167670256413,0.07747492800437346,1.2904621225619106,1
1.5652438580509145,-0.06556468168733408,-0.030704704472457878,-1.1215044484222225,-0.667766505557854,1.159645216768088,-1.1931085566160113,-1.6627404735414788,0.4611922621848325,0.9545537165632137,0
-1.4037834643223788,-1.5684800212250773,-1.1839330414661757,-0.015620609228609717,-1.4037156311468373,-1.0272757504469332,-1.1931085566160113,-1.6627404735414788,-0.4981010732663151,-1.396805125427664,0
-0.15366669700730792,-1.5684800212250773,-1.1839330414661757,-0.015620609228609717,-1.0357410683523456,-0.055310876129146085,-1.1931085566160113,-1.6627404735414788,-0.9777477409918889,-0.948927250762735,0
0.9401854743933811,-0.06556468168733408,1.12252363252126,-1.1215044484222225,-0.5451083179596901,0.673662779609194,0.8381467004446593,0.6014167670256413,0.653050929275062,-0.5010493760978059,1
1.4089792621365311,1.4373506578504092,-1.1839330414661757,-1.1215044484222225,-1.1583992559505094,-0.29830209470859204,-1.1931085566160113,0.6014167670256413,-1.265535741627233,-1.1728661880951996,0
1.0964500703077644,-1.5684800212250773,1.12252363252126,-1.1215044484222225,1.2947644960127682,1.159645216768088,0.8381467004446593,0.6014167670256413,0.8449095963652915,-0.948927250762735,1
-1.8725772520655304,-0.06556468168733408,-1.1839330414661757,-1.1215044484222225,0.06818262003112939,0.18768034245030202,-1.1931085566160113,0.6014167670256413,-0.9777477409918889,-0.6130188447640381,0
-0.9349896765792275,-1.5684800212250773,-0.030704704472457878,1.090263229965003,1.1721063084146044,-0.29830209470859204,0.8381467004446593,0.6014167670256413,-0.7858890739016593,0.17076743589958782,1
-0.15366669700730792,-0.06556468168733408,-0.030704704472457878,-1.1215044484222225,0.06818262003112939,0.673662779609194,-1.1931085566160113,0.6014167670256413,-0.0184544055407413,-0.6130188447640381,0
0.7839208784789949,1.4373506578504092,-1.1839330414661757,-1.1215044484222225,0.31349899522745717,0.673662779609194,0.8381467004446593,0.6014167670256413,0.4611922621848325,0.8425842478969815,1
-0.15366669700730792,-0.06556468168733408,-0.030704704472457878,-1.1215044484222225,-0.7904246931560178,-0.29830209470859204,0.8381467004446593,0.6014167670256413,-1.0736770745370037,-0.2771104387653413,0
1.5652438580509145,-0.06556468168733408,-1.1839330414661757,1.090263229965003,0.06818262003112939,-1.7562494061852731,-1.1931085566160113,0.6014167670256413,-1.0736770745370037,-0.16514097009910902,1
-1.247518868407994,-0.06556468168733408,-1.1839330414661757,1.090263229965003,-0.9130828807541818,-1.2702669690263801,0.8381467004446593,0.6014167670256413,0.1734042615494882,0.9545537165632137,0
-1.247518868407994,-1.5684800212250773,-0.030704704472457878,-1.1215044484222225,-1.2810574435486735,-2.2422318433441673,-1.1931085566160113,-1.6627404735414788,-0.30624240617608556,-0.2771104387653413,0
0.9401854743933811,1.4373506578504092,1.12252363252126,1.090263229965003,1.2947644960127682,0.43067156102974796,0.8381467004446593,0.6014167670256413,0.4611922621848325,1.5144010598943751,1
0.3151270907358449,-0.06556468168733408,-1.1839330414661757,-1.1215044484222225,0.19084080762929329,-0.29830209470859204,-1.1931085566160113,0.6014167670256413,0.269333595094603,-0.6130188447640381,0
1.4089792621365311,-0.06556468168733408,1.12252363252126,1.090263229965003,0.8041317456201127,0.43067156102974796,0.8381467004446593,0.6014167670256413,0.9408389299104063,1.5144010598943751,1
0.0025978989070768233,1.4373506578504092,-0.030704704472457878,-0.015620609228609717,0.5588153704237849,0.916653998188642,0.8381467004446593,0.6014167670256413,0.8449095963652915,0.8425842478969815,1
1.0964500703077644,1.4373506578504092,-1.1839330414661757,-0.015620609228609717,0.9267899332182766,-0.29830209470859204,0.8381467004446593,0.6014167670256413,0.653050929275062,0.3947063732320524,0
1.0964500703077644,-1.5684800212250773,1.12252363252126,1.090263229965003,1.0494481208164406,0.916653998188642,0.8381467004446593,0.6014167670256413,0.07747492800437346,-0.5010493760978059,1
1.0964500703077644,-0.06556468168733408,-0.030704704472457878,1.090263229965003,-0.9130828807541818,-0.784284531867486,0.8381467004446593,0.6014167670256413,0.5571215957299472,0.5066758418982846,1
0.15886249482146017,-1.5684800212250773,-0.030704704472457878,-1.1215044484222225,1.1721063084146044,-1.0272757504469332,0.8381467004446593,0.6014167670256413,0.07747492800437346,-0.05317150143287675,0
1.0964500703077644,-0.06556468168733408,1.12252363252126,-0.015620609228609717,-0.0544755675670345,0.18768034245030202,0.8381467004446593,0.6014167670256413,0.8449095963652915,0.8425842478969815,1
2.034037645794067,1.4373506578504092,1.12252363252126,1.090263229965003,1.2947644960127682,1.159645216768088,0.8381467004446593,0.6014167670256413,0.3652629286397177,1.2904621225619106,1
1.2527146662221478,1.4373506578504092,1.12252363252126,1.090263229965003,0.8041317456201127,0.916653998188642,0.8381467004446593,0.6014167670256413,0.1734042615494882,0.5066758418982846,1
1.2527146662221478,1.4373506578504092,1.12252363252126,1.090263229965003,1.2947644960127682,1.159645216768088,0.8381467004446593,0.6014167670256413,1.3245562640908652,1.1784926538956784,1
-0.15366669700730792,1.4373506578504092,-1.1839330414661757,-0.015620609228609717,-1.6490320063431652,-2.2422318433441673,-1.1931085566160113,-1.6627404735414788,-1.265535741627233,-0.05317150143287675,0
0.6276562825646116,-0.06556468168733408,1.12252363252126,-0.015620609228609717,-0.1771337551651984,-0.5412933132880401,0.8381467004446593,0.6014167670256413,-0.30624240617608556,-0.16514097009910902,0
-1.8725772520655304,-0.06556468168733408,-1.1839330414661757,-0.015620609228609717,-0.4224501303615262,0.673662779609194,0.8381467004446593,0.6014167670256413,-0.8818184074467741,-0.16514097009910902,0
0.6276562825646116,1.4373506578504092,1.12252363252126,-0.015620609228609717,-0.667766505557854,-0.784284531867486,0.8381467004446593,-1.6627404735414788,-0.7858890739016593,0.8425842478969815,0
-0.9349896765792275,-0.06556468168733408,-1.1839330414661757,-0.015620609228609717,-1.2810574435486735,-2.485223061923614,-1.1931085566160113,-1.6627404735414788,-0.4021717397212003,-1.5087745940938964,0
-0.6224604847504593,-0.06556468168733408,-1.1839330414661757,-0.015620609228609717,0.06818262003112939,-1.2702669690263801,-1.1931085566160113,-1.6627404735414788,0.1734042615494882,-0.3890799074315736,0
-1.8725772520655304,-0.06556468168733408,-0.030704704472457878,-1.1215044484222225,0.43615718282562105,0.43067156102974796,-1.1931085566160113,-1.6627404735414788,-0.0184544055407413,-0.3890799074315736,0
0.0025978989070768233,-0.06556468168733408,-0.030704704472457878,1.090263229965003,1.2947644960127682,1.159645216768088,-1.1931085566160113,-1.6627404735414788,-0.6899597403565446,1.2904621225619106,0
-0.4661958888360746,-0.06556468168733408,-0.030704704472457878,-0.015620609228609717,-0.667766505557854,-1.513258187605826,-1.1931085566160113,0.6014167670256413,-1.3614650751723478,-1.0608967194289673,0
1.0964500703077644,-0.06556468168733408,-1.1839330414661757,-1.1215044484222225,0.06818262003112939,-1.513258187605826,0.8381467004446593,0.6014167670256413,-1.3614650751723478,0.7306147792307492,0
-1.716312656151147,-0.06556468168733408,-0.030704704472457878,-0.015620609228609717,-1.6490320063431652,1.159645216768088,-1.1931085566160113,-1.6627404735414788,-0.4981010732663151,-0.6130188447640381,0
0.0025978989070768233,-0.06556468168733408,-1.1839330414661757,-0.015620609228609717,-0.0544755675670345,-1.513258187605826,-1.1931085566160113,0.6014167670256413,-0.9777477409918889,-1.2848356567614319,0
-0.15366669700730792,-0.06556468168733408,-0.030704704472457878,-0.015620609228609717,-1.2810574435486735,-1.0272757504469332,-1.1931085566160113,-1.6627404735414788,-1.3614650751723478,-1.2848356567614319,0
1.0964500703077644,1.4373506578504092,1.12252363252126,1.090263229965003,1.2947644960127682,1.159645216768088,0.8381467004446593,0.6014167670256413,0.7489802628201767,1.4024315912281429,1
0.6276562825646116,-0.06556468168733408,-0.030704704472457878,1.090263229965003,0.43615718282562105,1.159645216768088,0.8381467004446593,0.6014167670256413,1.1326975970006357,0.8425842478969815,1
-1.4037834643223788,-0.06556468168733408,-1.1839330414661757,-1.1215044484222225,-0.667766505557854,-1.2702669690263801,-1.1931085566160113,0.6014167670256413,-0.6899597403565446,-0.8369577820965027,0
-0.15366669700730792,-0.06556468168733408,-1.1839330414661757,-0.015620609228609717,-1.6490320063431652,-1.7562494061852731,0.8381467004446593,0.6014167670256413,-0.6899597403565446,-1.0608967194289673,0
-1.247518868407994,-1.5684800212250773,-1.1839330414661757,-1.1215044484222225,1.2947644960127682,0.43067156102974796,0.8381467004446593,0.6014167670256413,1.1326975970006357,0.618645310564517,1
-0.15366669700730792,1.4373506578504092,1.12252363252126,1.090263229965003,1.2947644960127682,1.159645216768088,0.8381467004446593,0.6014167670256413,1.1326975970006357,1.0665231852294461,1
0.6276562825646116,-0.06556468168733408,-0.030704704472457878,2.1961470691586156,0.6814735580219489,0.673662779609194,0.8381467004446593,0.6014167670256413,-1.3614650751723478,-1.2848356567614319,0
1.5652438580509145,-0.06556468168733408,1.12252363252126,1.090263229965003,1.0494481208164406,1.159645216768088,0.8381467004446593,0.6014167670256413,1.3245562640908652,1.2904621225619106,1
-0.30993129292169125,-0.06556468168733408,-1.1839330414661757,-0.015620609228609717,-0.0544755675670345,0.18768034245030202,0.8381467004446593,0.6014167670256413,-1.3614650751723478,-0.8369577820965027,0
-0.30993129292169125,-1.5684800212250773,-0.030704704472457878,-0.015620609228609717,0.9267899332182766,-0.5412933132880401,0.8381467004446593,0.6014167670256413,-0.11438373908585606,-0.7249883134302705,0
0.6276562825646116,-0.06556468168733408,1.12252363252126,1.090263229965003,1.2947644960127682,1.159645216768088,0.8381467004446593,0.6014167670256413,1.1326975970006357,0.9545537165632137,1
0.15886249482146017,-0.06556468168733408,-1.1839330414661757,-1.1215044484222225,-0.2997919427633623,-0.784284531867486,0.8381467004446593,0.6014167670256413,1.3245562640908652,-0.948927250762735,1
1.0964500703077644,1.4373506578504092,1.12252363252126,1.090263229965003,1.2947644960127682,1.159645216768088,0.8381467004446593,0.6014167670256413,0.4611922621848325,1.1784926538956784,1
1.2527146662221478,1.4373506578504092,-0.030704704472457878,-0.015620609228609717,0.43615718282562105,-0.055310876129146085,0.8381467004446593,-1.6627404735414788,-1.3614650751723478,0.618645310564517,0
-1.0912542724936107,-0.06556468168733408,1.12252363252126,-0.015620609228609717,-0.2997919427633623,-0.29830209470859204,0.8381467004446593,0.6014167670256413,0.8449095963652915,1.0665231852294461,1
0.6276562825646116,-1.5684800212250773,-0.030704704472457878,-1.1215044484222225,-1.1583992559505094,1.159645216768088,0.8381467004446593,0.6014167670256413,0.8449095963652915,1.2904621225619106,1
-1.8725772520655304,-0.06556468168733408,-1.1839330414661757,-0.015620609228609717,-1.8943483815394928,0.18768034245030202,0.8381467004446593,-1.6627404735414788,-1.1696064080821185,-1.5087745940938964,0
-0.4661958888360746,-0.06556468168733408,1.12252363252126,-1.1215044484222225,-0.4224501303615262,0.18768034245030202,0.8381467004446593,0.6014167670256413,-1.0736770745370037,-0.3890799074315736,0
1.7215084539653005,-0.06556468168733408,-0.030704704472457878,1.090263229965003,-0.2997919427633623,-0.055310876129146085,0.8381467004446593,0.6014167670256413,0.4611922621848325,0.5066758418982846,1
-0.4661958888360746,-0.06556468168733408,-1.1839330414661757,-1.1215044484222225,-0.2997919427633623,-0.5412933132880401,-1.1931085566160113,0.6014167670256413,-1.3614650751723478,-0.7249883134302705,0
-0.30993129292169125,-0.06556468168733408,-1.1839330414661757,-1.1215044484222225,-0.2997919427633623,-0.29830209470859204,0.8381467004446593,0.6014167670256413,1.2286269305457505,-0.05317150143287675,0
-0.6224604847504593,-0.06556468168733408,-1.1839330414661757,1.090263229965003,-0.5451083179596901,-1.2702669690263801,0.8381467004446593,0.6014167670256413,-1.3614650751723478,-0.6130188447640381,0
-1.8725772520655304,1.4373506578504092,1.12252363252126,1.090263229965003,-0.667766505557854,-0.29830209470859204,-1.1931085566160113,-1.6627404735414788,1.9960615989066686,-0.8369577820965027,0
0.7839208784789949,1.4373506578504092,1.12252363252126,1.090263229965003,1.2947644960127682,1.159645216768088,0.8381467004446593,0.6014167670256413,0.1734042615494882,0.618645310564517,1
-1.5600480602367621,-1.5684800212250773,1.12252363252126,-0.015620609228609717,1.0494481208164406,-0.5412933132880401,0.8381467004446593,-1.6627404735414788,-0.8818184074467741,1.0665231852294461,0
1.4089792621365311,1.4373506578504092,1.12252363252126,2.1961470691586156,1.1721063084146044,0.916653998188642,-1.1931085566160113,0.6014167670256413,-0.11438373908585606,1.2904621225619106,1
0.47139168665022824,-1.5684800212250773,1.12252363252126,-0.015620609228609717,-0.7904246931560178,1.159645216768088,0.8381467004446593,0.6014167670256413,-1.1696064080821185,-1.1728661880951996,0
1.2527146662221478,1.4373506578504092,1.12252363252126,1.090263229965003,1.2947644960127682,1.159645216768088,0.8381467004446593,0.6014167670256413,1.1326975970006357,1.1784926538956784,1
0.6276562825646116,-0.06556468168733408,-0.030704704472457878,-1.1215044484222225,1.2947644960127682,0.43067156102974796,-1.1931085566160113,-1.6627404735414788,0.07747492800437346,-1.5087745940938964,0
-0.4661958888360746,-0.06556468168733408,-1.1839330414661757,-1.1215044484222225,-0.2997919427633623,-0.784284531867486,-1.1931085566160113,-1.6627404735414788,0.1734042615494882,-0.8369577820965027,0
0.47139168665022824,-0.06556468168733408,1.12252363252126,1.090263229965003,1.2947644960127682,0.43067156102974796,0.8381467004446593,0.6014167670256413,1.7082735982713242,-0.5010493760978059,1
0.9401854743933811,-0.06556468168733408,-0.030704704472457878,-1.1215044484222225,-0.1771337551651984,0.673662779609194,0.8381467004446593,0.6014167670256413,0.5571215957299472,0.8425842478969815,1
0.0025978989070768233,-1.5684800212250773,1.12252363252126,1.090263229965003,0.9267899332182766,1.159645216768088,0.8381467004446593,0.6014167670256413,1.036768263455521,1.2904621225619106,1
-1.716312656151147,-0.06556468168733408,-1.1839330414661757,-0.015620609228609717,-1.0357410683523456,-0.784284531867486,-1.1931085566160113,0.6014167670256413,-1.3614650751723478,-1.2848356567614319,0
-1.716312656151147,-0.06556468168733408,-0.030704704472457878,-0.015620609228609717,-1.526373818745001,-0.5412933132880401,0.8381467004446593,0.6014167670256413,0.3652629286397177,-0.6130188447640381,0
0.7839208784789949,1.4373506578504092,1.12252363252126,1.090263229965003,0.19084080762929329,0.43067156102974796,0.8381467004446593,0.6014167670256413,0.4611922621848325,1.5144010598943751,1
0.9401854743933811,-0.06556468168733408,1.12252363252126,1.090263229965003,-0.2997919427633623,0.43067156102974796,0.8381467004446593,0.6014167670256413,0.9408389299104063,-0.05317150143287675,1
-1.5600480602367621,-0.06556468168733408,-0.030704704472457878,1.090263229965003,-0.5451083179596901,-0.29830209470859204,-1.1931085566160113,-1.6627404735414788,0.8449095963652915,-0.948927250762735,0
0.7839208784789949,1.4373506578504092,1.12252363252126,1.090263229965003,1.2947644960127682,1.159645216768088,0.8381467004446593,-1.6627404735414788,1.5164149311810948,0.3947063732320524,1
-0.4661958888360746,-1.5684800212250773,-0.030704704472457878,-0.015620609228609717,-1.0357410683523456,0.916653998188642,-1.1931085566160113,0.6014167670256413,0.9408389299104063,-0.8369577820965027,0
1.5652438580509145,-0.06556468168733408,1.12252363252126,-1.1215044484222225,1.2947644960127682,-0.29830209470859204,0.8381467004446593,0.6014167670256413,0.1734042615494882,-0.7249883134302705,1
0.3151270907358449,-0.06556468168733408,1.12252363252126,1.090263229965003,1.2947644960127682,0.673662779609194,0.8381467004446593,0.6014167670256413,1.1326975970006357,1.5144010598943751,1
1.5652438580509145,-1.5684800212250773,-1.1839330414661757,1.090263229965003,-0.1771337551651984,0.916653998188642,0.8381467004446593,0.6014167670256413,-0.21031307263097082,1.2904621225619106,0
-0.6224604847504593,-0.06556468168733408,-1.1839330414661757,-0.015620609228609717,-1.6490320063431652,0.18768034245030202,-1.1931085566160113,-1.6627404735414788,-0.8818184074467741,-1.1728661880951996,0
0.47139168665022824,-0.06556468168733408,-1.1839330414661757,-0.015620609228609717,-0.2997919427633623,0.916653998188642,-1.1931085566160113,0.6014167670256413,-1.3614650751723478,-0.3890799074315736,0
-1.247518868407994,1.4373506578504092,-1.1839330414661757,1.090263229965003,1.2947644960127682,1.159645216768088,0.8381467004446593,0.6014167670256413,1.2286269305457505,1.1784926538956784,1
0.47139168665022824,-0.06556468168733408,-1.1839330414661757,1.090263229965003,0.6814735580219489,0.43067156102974796,0.8381467004446593,0.6014167670256413,-0.5940304068114298,-0.6130188447640381,1
0.3151270907358449,-0.06556468168733408,1.12252363252126,1.090263229965003,0.31349899522745717,0.916653998188642,0.8381467004446593,0.6014167670256413,1.3245562640908652,0.8425842478969815,1
0.3151270907358449,1.4373506578504092,-0.030704704472457878,1.090263229965003,1.2947644960127682,1.159645216768088,0.8381467004446593,0.6014167670256413,0.269333595094603,0.2827369045658201,1
0.3151270907358449,-1.5684800212250773,-1.1839330414661757,-1.1215044484222225,-0.0544755675670345,0.43067156102974796,-1.1931085566160113,-1.6627404735414788,-0.6899597403565446,-0.6130188447640381,1
0.0025978989070768233,-0.06556468168733408,-1.1839330414661757,-1.1215044484222225,-0.2997919427633623,-1.513258187605826,-1.1931085566160113,-1.6627404735414788,-1.3614650751723478,-1.1728661880951996,0
1.5652438580509145,-0.06556468168733408,1.12252363252126,1.090263229965003,1.2947644960127682,0.916653998188642,0.8381467004446593,0.6014167670256413,0.9408389299104063,0.618645310564517,1
0.15886249482146017,-0.06556468168733408,1.12252363252126,-0.015620609228609717,0.31349899522745717,1.159645216768088,0.8381467004446593,0.6014167670256413,0.653050929275062,0.9545537165632137,1
0.15886249482146017,1.4373506578504092,-0.030704704472457878,1.090263229965003,-1.771690193941329,-0.055310876129146085,0.8381467004446593,0.6014167670256413,-1.1696064080821185,-0.2771104387653413,0
-1.716312656151147,-1.5684800212250773,-1.1839330414661757,1.090263229965003,0.19084080762929329,-0.055310876129146085,-1.1931085566160113,0.6014167670256413,-0.21031307263097082,-0.2771104387653413,0
0.15886249482146017,-0.06556468168733408,-1.1839330414661757,-1.1215044484222225,-2.2623229443339845,-2.2422318433441673,-1.1931085566160113,-1.6627404735414788,-0.5940304068114298,-1.2848356567614319,0
-1.8725772520655304,-1.5684800212250773,-1.1839330414661757,-1.1215044484222225,-1.8943483815394928,-1.0272757504469332,-1.1931085566160113,0.6014167670256413,-0.6899597403565446,-0.948927250762735,0
-0.6224604847504593,-0.06556468168733408,-1.1839330414661757,-1.1215044484222225,-0.2997919427633623,-0.784284531867486,-1.1931085566160113,-1.6627404735414788,-0.5940304068114298,-0.948927250762735,0
-0.30993129292169125,-0.06556468168733408,-1.1839330414661757,-1.1215044484222225,-0.2997919427633623,-0.5412933132880401,-1.1931085566160113,0.6014167670256413,-1.0736770745370037,-0.5010493760978059,0
-1.716312656151147,-1.5684800212250773,-1.1839330414661757,1.090263229965003,0.19084080762929329,-0.784284531867486,-1.1931085566160113,0.6014167670256413,-0.4981010732663151,-0.3890799074315736,0
0.15886249482146017,-0.06556468168733408,1.12252363252126,-0.015620609228609717,1.2947644960127682,0.18768034245030202,0.8381467004446593,0.6014167670256413,1.5164149311810948,0.8425842478969815,1
-0.15366669700730792,-0.06556468168733408,-0.030704704472457878,-1.1215044484222225,-0.667766505557854,-0.5412933132880401,-1.1931085566160113,0.6014167670256413,-0.21031307263097082,-0.6130188447640381,0
0.9401854743933811,-1.5684800212250773,1.12252363252126,-1.1215044484222225,1.2947644960127682,1.159645216768088,0.8381467004446593,0.6014167670256413,0.4611922621848325,1.1784926538956784,1
0.15886249482146017,-0.06556468168733408,-1.1839330414661757,-0.015620609228609717,-0.4224501303615262,1.159645216768088,-1.1931085566160113,-1.6627404735414788,-0.9777477409918889,-0.5010493760978059,0
-1.8725772520655304,-1.5684800212250773,-0.030704704472457878,-1.1215044484222225,-0.667766505557854,-1.99924062476472,-1.1931085566160113,-1.6627404735414788,-0.7858890739016593,-1.5087745940938964,0
0.0025978989070768233,-0.06556468168733408,-1.1839330414661757,-0.015620609228609717,-1.0357410683523456,-0.29830209470859204,-1.1931085566160113,0.6014167670256413,-1.3614650751723478,-0.2771104387653413,0
0.3151270907358449,1.4373506578504092,1.12252363252126,1.090263229965003,1.2947644960127682,1.159645216768088,0.8381467004446593,0.6014167670256413,0.07747492800437346,1.2904621225619106,1
0.9401854743933811,1.4373506578504092,1.12252363252126,-1.1215044484222225,-0.2997919427633623,-0.5412933132880401,0.8381467004446593,0.6014167670256413,1.42048559763598,-1.1728661880951996,0
1.2527146662221478,1.4373506578504092,1.12252363252126,1.090263229965003,0.9267899332182766,0.18768034245030202,0.8381467004446593,0.6014167670256413,0.7489802628201767,-0.3890799074315736,1
0.3151270907358449,-0.06556468168733408,-0.030704704472457878,-1.1215044484222225,-0.5451083179596901,-1.0272757504469332,-1.1931085566160113,0.6014167670256413,-0.6899597403565446,-0.16514097009910902,0
-0.15366669700730792,-0.06556468168733408,-1.1839330414661757,-1.1215044484222225,-0.9130828807541818,0.673662779609194,0.8381467004446593,0.6014167670256413,-0.11438373908585606,1.0665231852294461,0
-0.4661958888360746,-1.5684800212250773,-0.030704704472457878,-0.015620609228609717,-0.4224501303615262,-0.784284531867486,-1.1931085566160113,0.6014167670256413,-0.0184544055407413,-0.16514097009910902,0
-0.30993129292169125,-1.5684800212250773,1.12252363252126,-1.1215044484222225,1.0494481208164406,0.18768034245030202,0.8381467004446593,0.6014167670256413,-0.21031307263097082,1.2904621225619106,0
0.0025978989070768233,-0.06556468168733408,-0.030704704472457878,-1.1215044484222225,0.6814735580219489,-0.055310876129146085,-1.1931085566160113,0.6014167670256413,-0.0184544055407413,-0.05317150143287675,0
1.2527146662221478,1.4373506578504092,1.12252363252126,1.090263229965003,1.2947644960127682,0.916653998188642,0.8381467004446593,0.6014167670256413,1.9960615989066686,1.2904621225619106,1
-1.247518868407994,-1.5684800212250773,1.12252363252126,-1.1215044484222225,1.1721063084146044,0.18768034245030202,0.8381467004446593,0.6014167670256413,0.653050929275062,0.9545537165632137,1
-0.30993129292169125,-0.06556468168733408,-0.030704704472457878,-0.015620609228609717,-1.0357410683523456,-0.5412933132880401,-1.1931085566160113,0.6014167670256413,-1.0736770745370037,-1.0608967194289673,0
0.47139168665022824,1.4373506578504092,1.12252363252126,1.090263229965003,0.5588153704237849,0.916653998188642,0.8381467004446593,0.6014167670256413,0.07747492800437346,1.1784926538956784,1
-1.8725772520655304,-1.5684800212250773,-1.1839330414661757,-0.015620609228609717,0.19084080762929329,-0.5412933132880401,-1.1931085566160113,-1.6627404735414788,0.1734042615494882,-0.6130188447640381,0
-1.8725772520655304,-0.06556468168733408,-1.1839330414661757,-0.015620609228609717,-2.3849811319321486,-1.2702669690263801,-1.1931085566160113,0.6014167670256413,1.1326975970006357,-1.0608967194289673,0
0.9401854743933811,1.4373506578504092,1.12252363252126,1.090263229965003,1.2947644960127682,0.916653998188642,0.8381467004446593,0.6014167670256413,0.9408389299104063,-0.16514097009910902,1
-1.8725772520655304,-0.06556468168733408,-1.1839330414661757,-1.1215044484222225,-0.4224501303615262,-1.0272757504469332,-1.1931085566160113,0.6014167670256413,-1.1696064080821185,0.17076743589958782,0
0.47139168665022824,-0.06556468168733408,-1.1839330414661757,1.090263229965003,-0.5451083179596901,-1.7562494061852731,0.8381467004446593,0.6014167670256413,-1.3614650751723478,-1.1728661880951996,0
-0.30993129292169125,-0.06556468168733408,1.12252363252126,-1.1215044484222225,-0.2997919427633623,-0.784284531867486,0.8381467004446593,0.6014167670256413,-1.3614650751723478,-1.0608967194289673,0
0.3151270907358449,1.4373506578504092,1.12252363252126,1.090263229965003,1.2947644960127682,1.159645216768088,0.8381467004446593,0.6014167670256413,1.2286269305457505,1.5144010598943751,1
0.0025978989070768233,-0.06556468168733408,-1.1839330414661757,-0.015620609228609717,-1.771690193941329,-1.99924062476472,-1.1931085566160113,-1.6627404735414788,-0.8818184074467741,-0.6130188447640381,0
-1.0912542724936107,-0.06556468168733408,-1.1839330414661757,-0.015620609228609717,-1.2810574435486735,0.673662779609194,-1.1931085566160113,0.6014167670256413,-1.3614650751723478,-0.5010493760978059,0
-0.4661958888360746,-0.06556468168733408,-1.1839330414661757,-1.1215044484222225,-0.5451083179596901,-1.0272757504469332,-1.1931085566160113,-1.6627404735414788,-1.0736770745370037,-1.6207440627601286,0
1.0964500703077644,-0.06556468168733408,-0.030704704472457878,-1.1215044484222225,1.2947644960127682,1.159645216768088,0.8381467004446593,0.6014167670256413,0.8449095963652915,1.2904621225619106,1
-0.4661958888360746,-0.06556468168733408,1.12252363252126,-1.1215044484222225,0.06818262003112939,0.673662779609194,-1.1931085566160113,0.6014167670256413,0.1734042615494882,-0.2771104387653413,0
0.6276562825646116,-1.5684800212250773,-0.030704704472457878,-1.1215044484222225,-0.5451083179596901,-0.055310876129146085,0.8381467004446593,0.6014167670256413,-0.8818184074467741,-0.2771104387653413,0
0.47139168665022824,1.4373506578504092,1.12252363252126,1.090263229965003,1.1721063084146044,0.673662779609194,0.8381467004446593,0.6014167670256413,1.036768263455521,1.4024315912281429,1
-1.8725772520655304,-0.06556468168733408,-0.030704704472457878,-1.1215044484222225,-1.2810574435486735,-2.2422318433441673,-1.1931085566160113,0.6014167670256413,-1.3614650751723478,-0.8369577820965027,1
-0.4661958888360746,1.4373506578504092,-1.1839330414661757,1.090263229965003,-0.5451083179596901,0.18768034245030202,0.8381467004446593,-1.6627404735414788,-0.4981010732663151,-0.948927250762735,0
0.3151270907358449,1.4373506578504092,1.12252363252126,1.090263229965003,-0.4224501303615262,0.43067156102974796,0.8381467004446593,-1.6627404735414788,1.7082735982713242,0.8425842478969815,1
-0.15366669700730792,-0.06556468168733408,1.12252363252126,-0.015620609228609717,-0.7904246931560178,-0.055310876129146085,0.8381467004446593,0.6014167670256413,0.7489802628201767,-0.2771104387653413,0
-0.30993129292169125,-1.5684800212250773,-1.1839330414661757,-0.015620609228609717,0.31349899522745717,-1.2702669690263801,-1.1931085566160113,0.6014167670256413,-0.6899597403565446,-0.5010493760978059,0
-0.30993129292169125,-0.06556468168733408,-1.1839330414661757,-1.1215044484222225,1.0494481208164406,0.673662779609194,-1.1931085566160113,-1.6627404735414788,-1.3614650751723478,-1.6207440627601286,0
-1.8725772520655304,-0.06556468168733408,1.12252363252126,-0.015620609228609717,-0.5451083179596901,0.43067156102974796,-1.1931085566160113,-1.6627404735414788,-0.8818184074467741,-1.1728661880951996,0
0.47139168665022824,1.4373506578504092,1.12252363252126,-1.1215044484222225,1.2947644960127682,1.159645216768088,0.8381467004446593,0.6014167670256413,1.036768263455521,-0.6130188447640381,1
-0.30993129292169125,1.4373506578504092,1.12252363252126,2.1961470691586156,0.8041317456201127,-0.5412933132880401,0.8381467004446593,0.6014167670256413,-0.0184544055407413,1.2904621225619106,0
0.9401854743933811,-0.06556468168733408,-0.030704704472457878,-1.1215044484222225,-0.1771337551651984,0.43067156102974796,-1.1931085566160113,0.6014167670256413,-0.5940304068114298,-1.6207440627601286,0
0.9401854743933811,1.4373506578504092,1.12252363252126,1.090263229965003,0.06818262003112939,-0.055310876129146085,0.8381467004446593,0.6014167670256413,1.2286269305457505,1.4024315912281429,1
-0.15366669700730792,-0.06556468168733408,-0.030704704472457878,-1.1215044484222225,-1.771690193941329,-2.485223061923614,-1.1931085566160113,0.6014167670256413,-1.0736770745370037,-1.1728661880951996,0
-0.30993129292169125,1.4373506578504092,-0.030704704472457878,1.090263229965003,1.2947644960127682,-0.055310876129146085,0.8381467004446593,0.6014167670256413,1.5164149311810948,0.9545537165632137,1
0.0025978989070768233,-0.06556468168733408,1.12252363252126,-1.1215044484222225,-0.5451083179596901,0.43067156102974796,0.8381467004446593,0.6014167670256413,-0.4981010732663151,-1.5087745940938964,0
-0.30993129292169125,-0.06556468168733408,-1.1839330414661757,-0.015620609228609717,-1.4037156311468373,-1.2702669690263801,-1.1931085566160113,-1.6627404735414788,-1.265535741627233,-1.2848356567614319,0
0.9401854743933811,1.4373506578504092,-1.1839330414661757,-0.015620609228609717,-0.0544755675670345,-0.29830209470859204,0.8381467004446593,-1.6627404735414788,0.8449095963652915,-0.05317150143287675,0
1.4089792621365311,-0.06556468168733408,-1.1839330414661757,-1.1215044484222225,-1.771690193941329,-1.513258187605826,0.8381467004446593,-1.6627404735414788,-0.0184544055407413,-1.396805125427664,0
0.47139168665022824,-0.06556468168733408,1.12252363252126,-1.1215044484222225,0.9267899332182766,-0.055310876129146085,0.8381467004446593,0.6014167670256413,0.9408389299104063,-0.8369577820965027,0
1.0964500703077644,-0.06556468168733408,-0.030704704472457878,-1.1215044484222225,-0.1771337551651984,-0.29830209470859204,0.8381467004446593,0.6014167670256413,-0.0184544055407413,-0.5010493760978059,0
0.3151270907358449,1.4373506578504092,-1.1839330414661757,-0.015620609228609717,-0.1771337551651984,-0.5412933132880401,0.8381467004446593,0.6014167670256413,-1.0736770745370037,0.17076743589958782,0
0.0025978989070768233,-0.06556468168733408,-1.1839330414661757,-1.1215044484222225,-0.9130828807541818,0.43067156102974796,-1.1931085566160113,0.6014167670256413,0.269333595094603,-1.2848356567614319,1
0.6276562825646116,-0.06556468168733408,-0.030704704472457878,-0.015620609228609717,-0.1771337551651984,-1.99924062476472,-1.1931085566160113,0.6014167670256413,0.1734042615494882,-0.5010493760978059,0
-0.15366669700730792,-1.5684800212250773,-1.1839330414661757,-1.1215044484222225,-0.9130828807541818,-1.7562494061852731,-1.1931085566160113,-1.6627404735414788,-1.3614650751723478,-1.5087745940938964,0
-0.15366669700730792,-1.5684800212250773,-1.1839330414661757,-0.015620609228609717,-2.2623229443339845,-2.2422318433441673,-1.1931085566160113,0.6014167670256413,-1.3614650751723478,-0.2771104387653413,0
0.6276562825646116,-1.5684800212250773,-1.1839330414661757,-0.015620609228609717,-1.1583992559505094,-1.513258187605826,-1.1931085566160113,0.6014167670256413,-1.1696064080821185,-0.6130188447640381,0
-1.8725772520655304,-1.5684800212250773,-1.1839330414661757,-1.1215044484222225,0.06818262003112939,-1.7562494061852731,-1.1931085566160113,-1.6627404735414788,1.804202931816439,-0.948927250762735,0
-0.15366669700730792,-0.06556468168733408,-1.1839330414661757,-0.015620609228609717,-0.4224501303615262,-1.2702669690263801,-1.1931085566160113,0.6014167670256413,-0.11438373908585606,0.9545537165632137,1
-0.6224604847504593,-0.06556468168733408,-1.1839330414661757,-0.015620609228609717,-0.2997919427633623,0.916653998188642,0.8381467004446593,0.6014167670256413,-1.1696064080821185,0.058797967233355536,0
-0.6224604847504593,1.4373506578504092,1.12252363252126,1.090263229965003,1.2947644960127682,0.673662779609194,0.8381467004446593,0.6014167670256413,1.036768263455521,1.4024315912281429,1
-1.716312656151147,-1.5684800212250773,-1.1839330414661757,1.090263229965003,-0.9130828807541818,-0.29830209470859204,-1.1931085566160113,0.6014167670256413,1.6123442647262096,1.5144010598943751,1
-1.8725772520655304,-0.06556468168733408,-0.030704704472457878,-1.1215044484222225,0.06818262003112939,-1.2702669690263801,-1.1931085566160113,0.6014167670256413,-1.3614650751723478,-1.6207440627601286,0
-0.15366669700730792,-1.5684800212250773,-0.030704704472457878,-1.1215044484222225,-1.1583992559505094,-1.2702669690263801,-1.1931085566160113,0.6014167670256413,-0.5940304068114298,-0.6130188447640381,0
1.0964500703077644,1.4373506578504092,1.12252363252126,1.090263229965003,0.8041317456201127,-0.29830209470859204,0.8381467004446593,0.6014167670256413,1.1326975970006357,-0.7249883134302705,1
-1.8725772520655304,-1.5684800212250773,-1.1839330414661757,-0.015620609228609717,1.1721063084146044,-0.29830209470859204,-1.1931085566160113,-1.6627404735414788,-1.3614650751723478,0.17076743589958782,1
1.0964500703077644,-0.06556468168733408,-1.1839330414661757,-1.1215044484222225,-0.9130828807541818,-1.99924062476472,-1.1931085566160113,-1.6627404735414788,-1.1696064080821185,-1.1728661880951996,0
0.6276562825646116,-0.06556468168733408,1.12252363252126,1.090263229965003,1.2947644960127682,1.159645216768088,0.8381467004446593,0.6014167670256413,0.3652629286397177,0.9545537165632137,1
0.3151270907358449,-0.06556468168733408,-1.1839330414661757,-1.1215044484222225,-0.7904246931560178,-0.784284531867486,-1.1931085566160113,0.6014167670256413,-0.6899597403565446,-1.1728661880951996,0
1.4089792621365311,1.4373506578504092,1.12252363252126,1.090263229965003,1.2947644960127682,1.159645216768088,0.8381467004446593,0.6014167670256413,0.653050929275062,1.5144010598943751,1
-0.4661958888360746,-0.06556468168733408,-0.030704704472457878,-0.015620609228609717,-1.4037156311468373,-1.99924062476472,-1.1931085566160113,0.6014167670256413,-1.0736770745370037,0.17076743589958782,0
0.47139168665022824,-1.5684800212250773,1.12252363252126,-0.015620609228609717,0.06818262003112939,0.673662779609194,0.8381467004446593,0.6014167670256413,1.6123442647262096,1.0665231852294461,1
-0.15366669700730792,-0.06556468168733408,-1.1839330414661757,-1.1215044484222225,0.19084080762929329,-0.5412933132880401,-1.1931085566160113,0.6014167670256413,-1.3614650751723478,-0.7249883134302705,0
0.7839208784789949,-0.06556468168733408,1.12252363252126,-1.1215044484222225,-0.0544755675670345,0.673662779609194,-1.1931085566160113,0.6014167670256413,0.1734042615494882,-0.7249883134302705,0
1.4089792621365311,1.4373506578504092,1.12252363252126,1.090263229965003,1.2947644960127682,0.673662779609194,0.8381467004446593,0.6014167670256413,1.804202931816439,1.2904621225619106,1
-0.15366669700730792,-1.5684800212250773,-1.1839330414661757,-1.1215044484222225,-0.2997919427633623,-3.214196717661954,-1.1931085566160113,-1.6627404735414788,-1.3614650751723478,-0.6130188447640381,0
0.9401854743933811,-1.5684800212250773,1.12252363252126,-0.015620609228609717,1.0494481208164406,0.916653998188642,0.8381467004446593,0.6014167670256413,-0.0184544055407413,0.618645310564517,0
-1.8725772520655304,-0.06556468168733408,-1.1839330414661757,-0.015620609228609717,-0.0544755675670345,-0.5412933132880401,-1.1931085566160113,-1.6627404735414788,-0.7858890739016593,-0.8369577820965027,1
-1.716312656151147,-1.5684800212250773,-0.030704704472457878,-1.1215044484222225,-0.7904246931560178,-0.29830209470859204,0.8381467004446593,0.6014167670256413,-0.6899597403565446,1.0665231852294461,0
1.2527146662221478,-1.5684800212250773,1.12252363252126,1.090263229965003,1.2947644960127682,1.159645216768088,0.8381467004446593,0.6014167670256413,0.4611922621848325,1.2904621225619106,1
-1.247518868407994,1.4373506578504092,1.12252363252126,-1.1215044484222225,0.8041317456201127,0.673662779609194,-1.1931085566160113,0.6014167670256413,0.07747492800437346,1.1784926538956784,0
-0.6224604847504593,-0.06556468168733408,-1.1839330414661757,-1.1215044484222225,-0.5451083179596901,-1.0272757504469332,-1.1931085566160113,-1.6627404735414788,-1.3614650751723478,-1.5087745940938964,0
0.0025978989070768233,-0.06556468168733408,1.12252363252126,-1.1215044484222225,0.06818262003112939,1.159645216768088,0.8381467004446593,0.6014167670256413,0.653050929275062,1.2904621225619106,1
-0.15366669700730792,-1.5684800212250773,1.12252363252126,-1.1215044484222225,0.8041317456201127,-1.513258187605826,0.8381467004446593,0.6014167670256413,1.5164149311810948,0.618645310564517,1
1.0964500703077644,-0.06556468168733408,-0.030704704472457878,1.090263229965003,0.8041317456201127,1.159645216768088,-1.1931085566160113,0.6014167670256413,1.7082735982713242,1.1784926538956784,1
-1.8725772520655304,-0.06556468168733408,-1.1839330414661757,-0.015620609228609717,-0.4224501303615262,-0.29830209470859204,-1.1931085566160113,0.6014167670256413,-0.5940304068114298,-0.8369577820965027,0
-0.4661958888360746,-0.06556468168733408,-1.1839330414661757,-1.1215044484222225,-0.5451083179596901,-0.055310876129146085,-1.1931085566160113,-1.6627404735414788,-1.3614650751723478,-1.5087745940938964,0
0.7839208784789949,-0.06556468168733408,-0.030704704472457878,1.090263229965003,-1.2810574435486735,-0.784284531867486,0.8381467004446593,-1.6627404735414788,-1.0736770745370037,-1.2848356567614319,0
-1.247518868407994,-1.5684800212250773,-0.030704704472457878,-1.1215044484222225,-0.0544755675670345,-0.5412933132880401,-1.1931085566160113,0.6014167670256413,-0.5940304068114298,-1.1728661880951996,0
0.47139168665022824,1.4373506578504092,1.12252363252126,-0.015620609228609717,-0.7904246931560178,0.18768034245030202,0.8381467004446593,0.6014167670256413,1.1326975970006357,-0.7249883134302705,0
-1.4037834643223788,-0.06556468168733408,-0.030704704472457878,-0.015620609228609717,0.19084080762929329,-0.784284531867486,0.8381467004446593,0.6014167670256413,-1.265535741627233,0.8425842478969815,0
1.0964500703077644,-0.06556468168733408,-0.030704704472457878,-1.1215044484222225,0.19084080762929329,-0.5412933132880401,-1.1931085566160113,0.6014167670256413,1.1326975970006357,-0.3890799074315736,1
0.9401854743933811,-1.5684800212250773,1.12252363252126,1.090263229965003,0.8041317456201127,0.916653998188642,0.8381467004446593,0.6014167670256413,1.2286269305457505,1.2904621225619106,1
-1.716312656151147,-0.06556468168733408,1.12252363252126,1.090263229965003,-0.0544755675670345,0.43067156102974796,0.8381467004446593,0.6014167670256413,-0.8818184074467741,-0.3890799074315736,1
0.0025978989070768233,-0.06556468168733408,1.12252363252126,1.090263229965003,1.2947644960127682,-0.784284531867486,0.8381467004446593,0.6014167670256413,1.036768263455521,1.2904621225619106,1
-1.247518868407994,-1.5684800212250773,-1.1839330414661757,-1.1215044484222225,-0.9130828807541818,0.673662779609194,-1.1931085566160113,0.6014167670256413,-1.3614650751723478,-0.8369577820965027,0
0.7839208784789949,1.4373506578504092,1.12252363252126,1.090263229965003,1.2947644960127682,0.673662779609194,0.8381467004446593,0.6014167670256413,0.4611922621848325,1.0665231852294461,1
-0.4661958888360746,-0.06556468168733408,1.12252363252126,1.090263229965003,-0.7904246931560178,-0.5412933132880401,0.8381467004446593,0.6014167670256413,1.6123442647262096,0.3947063732320524,1
0.3151270907358449,-0.06556468168733408,-1.1839330414661757,-1.1215044484222225,-0.2997919427633623,0.916653998188642,0.8381467004446593,0.6014167670256413,-0.4981010732663151,-1.6207440627601286,0
1.4089792621365311,1.4373506578504092,1.12252363252126,1.090263229965003,1.2947644960127682,1.159645216768088,0.8381467004446593,0.6014167670256413,0.269333595094603,1.2904621225619106,1
-0.4661958888360746,-0.06556468168733408,-1.1839330414661757,-0.015620609228609717,0.43615718282562105,-0.784284531867486,-1.1931085566160113,0.6014167670256413,0.4611922621848325,0.3947063732320524,0
-0.4661958888360746,1.4373506578504092,1.12252363252126,-0.015620609228609717,0.5588153704237849,1.159645216768088,-1.1931085566160113,0.6014167670256413,0.7489802628201767,-0.7249883134302705,1
-1.716312656151147,-0.06556468168733408,-1.1839330414661757,-0.015620609228609717,-1.1583992559505094,-0.5412933132880401,0.8381467004446593,0.6014167670256413,-1.265535741627233,0.058797967233355536,0
0.9401854743933811,1.4373506578504092,1.12252363252126,1.090263229965003,1.2947644960127682,-0.055310876129146085,0.8381467004446593,0.6014167670256413,1.2286269305457505,0.618645310564517,1
1.0964500703077644,-1.5684800212250773,-1.1839330414661757,-1.1215044484222225,0.43615718282562105,0.673662779609194,0.8381467004446593,0.6014167670256413,1.804202931816439,1.0665231852294461,0
0.9401854743933811,-0.06556468168733408,-0.030704704472457878,1.090263229965003,-0.4224501303615262,0.43067156102974796,-1.1931085566160113,0.6014167670256413,0.4611922621848325,-0.5010493760978059,1
-0.15366669700730792,-0.06556468168733408,-0.030704704472457878,-1.1215044484222225,-1.6490320063431652,0.43067156102974796,-1.1931085566160113,0.6014167670256413,-1.3614650751723478,0.17076743589958782,0
0.47139168665022824,-0.06556468168733408,1.12252363252126,1.090263229965003,-0.0544755675670345,-1.513258187605826,0.8381467004446593,0.6014167670256413,1.036768263455521,1.2904621225619106,1
-1.4037834643223788,-0.06556468168733408,-0.030704704472457878,-0.015620609228609717,-0.7904246931560178,-0.055310876129146085,0.8381467004446593,-1.6627404735414788,1.6123442647262096,-0.3890799074315736,0
-1.8725772520655304,-0.06556468168733408,-1.1839330414661757,-1.1215044484222225,-2.2623229443339845,-1.99924062476472,-1.1931085566160113,0.6014167670256413,-0.7858890739016593,-0.6130188447640381,0
0.0025978989070768233,-0.06556468168733408,-1.1839330414661757,1.090263229965003,0.43615718282562105,0.43067156102974796,0.8381467004446593,0.6014167670256413,0.1734042615494882,0.8425842478969815,1
-0.15366669700730792,-0.06556468168733408,-1.1839330414661757,-1.1215044484222225,-1.4037156311468373,-1.513258187605826,-1.1931085566160113,-1.6627404735414788,-1.3614650751723478,-0.8369577820965027,0
-0.30993129292169125,-0.06556468168733408,-0.030704704472457878,-1.1215044484222225,-0.2997919427633623,1.159645216768088,-1.1931085566160113,0.6014167670256413,-1.3614650751723478,-1.732713531426361,0
1.4089792621365311,1.4373506578504092,1.12252363252126,1.090263229965003,1.2947644960127682,1.159645216768088,0.8381467004446593,0.6014167670256413,1.036768263455521,0.8425842478969815,1
0.7839208784789949,-0.06556468168733408,-0.030704704472457878,-1.1215044484222225,1.0494481208164406,1.159645216768088,0.8381467004446593,0.6014167670256413,0.1734042615494882,-0.6130188447640381,1
0.47139168665022824,1.4373506578504092,1.12252363252126,1.090263229965003,1.2947644960127682,1.159645216768088,0.8381467004446593,0.6014167670256413,1.6123442647262096,1.5144010598943751,1
1.2527146662221478,1.4373506578504092,-0.030704704472457878,1.090263229965003,0.19084080762929329,1.159645216768088,0.8381467004446593,0.6014167670256413,0.9408389299104063,1.5144010598943751,1
-0.7787250806648427,-0.06556468168733408,1.12252363252126,1.090263229965003,0.19084080762929329,1.159645216768088,0.8381467004446593,0.6014167670256413,-0.6899597403565446,-1.0608967194289673,0
1.5652438580509145,-0.06556468168733408,1.12252363252126,-0.015620609228609717,-1.0357410683523456,1.159645216768088,0.8381467004446593,0.6014167670256413,0.653050929275062,0.7306147792307492,1
0.0025978989070768233,-0.06556468168733408,1.12252363252126,1.090263229965003,0.6814735580219489,1.159645216768088,0.8381467004446593,0.6014167670256413,1.036768263455521,1.2904621225619106,1
0.3151270907358449,-1.5684800212250773,-0.030704704472457878,1.090263229965003,0.6814735580219489,-0.29830209470859204,0.8381467004446593,-1.6627404735414788,0.4611922621848325,0.8425842478969815,0
1.4089792621365311,1.4373506578504092,-0.030704704472457878,1.090263229965003,1.0494481208164406,1.159645216768088,0.8381467004446593,-1.6627404735414788,1.3245562640908652,0.2827369045658201,1
0.47139168665022824,-0.06556468168733408,-1.1839330414661757,-1.1215044484222225,0.06818262003112939,0.18768034245030202,0.8381467004446593,0.6014167670256413,0.3652629286397177,0.17076743589958782,0
-0.30993129292169125,-0.06556468168733408,-0.030704704472457878,-1.1215044484222225,-1.0357410683523456,-0.784284531867486,0.8381467004446593,-1.6627404735414788,-1.3614650751723478,-0.948927250762735,0
-0.15366669700730792,-0.06556468168733408,1.12252363252126,-1.1215044484222225,-0.9130828807541818,-0.784284531867486,0.8381467004446593,-1.6627404735414788,-0.30624240617608556,-0.05317150143287675,0
1.2527146662221478,1.4373506578504092,1.12252363252126,-1.1215044484222225,0.9267899332182766,0.673662779609194,0.8381467004446593,0.6014167670256413,1.6123442647262096,1.1784926538956784,1
-0.6224604847504593,-0.06556468168733408,-0.030704704472457878,-0.015620609228609717,-0.7904246931560178,-0.784284531867486,-1.1931085566160113,-1.6627404735414788,-1.265535741627233,0.058797967233355536,0
1.4089792621365311,1.4373506578504092,1.12252363252126,2.1961470691586156,1.2947644960127682,1.159645216768088,0.8381467004446593,0.6014167670256413,-0.30624240617608556,0.9545537165632137,1
-0.4661958888360746,-0.06556468168733408,-1.1839330414661757,-1.1215044484222225,-0.1771337551651984,0.18768034245030202,-1.1931085566160113,-1.6627404735414788,-0.0184544055407413,-1.396805125427664,0
1.0964500703077644,1.4373506578504092,-0.030704704472457878,2.1961470691586156,1.2947644960127682,0.673662779609194,0.8381467004446593,0.6014167670256413,0.7489802628201767,0.9545537165632137,1
-1.0912542724936107,-0.06556468168733408,-1.1839330414661757,-1.1215044484222225,-1.1583992559505094,-0.5412933132880401,-1.1931085566160113,-1.6627404735414788,-1.265535741627233,-1.396805125427664,0
-1.8725772520655304,-0.06556468168733408,-0.030704704472457878,-1.1215044484222225,-0.4224501303615262,-0.29830209470859204,-1.1931085566160113,0.6014167670256413,-1.3614650751723478,-1.1728661880951996,0
0.7839208784789949,-0.06556468168733408,1.12252363252126,1.090263229965003,1.0494481208164406,1.159645216768088,0.8381467004446593,0.6014167670256413,0.5571215957299472,0.8425842478969815,1
0.47139168665022824,-0.06556468168733408,-1.1839330414661757,-1.1215044484222225,1.2947644960127682,0.43067156102974796,0.8381467004446593,0.6014167670256413,-0.0184544055407413,-0.05317150143287675,1
-1.8725772520655304,-0.06556468168733408,-1.1839330414661757,-1.1215044484222225,0.43615718282562105,0.673662779609194,-1.1931085566160113,0.6014167670256413,-0.0184544055407413,-0.5010493760978059,0
0.15886249482146017,-0.06556468168733408,-1.1839330414661757,1.090263229965003,0.19084080762929329,-1.0272757504469332,-1.1931085566160113,0.6014167670256413,-0.6899597403565446,-0.2771104387653413,0
0.47139168665022824,1.4373506578504092,1.12252363252126,1.090263229965003,1.2947644960127682,1.159645216768088,0.8381467004446593,0.6014167670256413,1.1326975970006357,1.4024315912281429,1
-0.30993129292169125,-0.06556468168733408,-0.030704704472457878,-1.1215044484222225,-0.4224501303615262,-1.2702669690263801,-1.1931085566160113,0.6014167670256413,-1.3614650751723478,1.0665231852294461,0
0.3151270907358449,-0.06556468168733408,-0.030704704472457878,1.090263229965003,0.8041317456201127,1.159645216768088,-1.1931085566160113,0.6014167670256413,1.7082735982713242,1.0665231852294461,0
1.2527146662221478,-0.06556468168733408,1.12252363252126,1.090263229965003,1.2947644960127682,1.159645216768088,0.8381467004446593,0.6014167670256413,1.1326975970006357,1.0665231852294461,1
-1.5600480602367621,-1.5684800212250773,-1.1839330414661757,-0.015620609228609717,-0.0544755675670345,-1.7562494061852731,0.8381467004446593,-1.6627404735414788,0.4611922621848325,-0.5010493760978059,0
-0.15366669700730792,-0.06556468168733408,-1.1839330414661757,1.090263229965003,-1.2810574435486735,-0.784284531867486,-1.1931085566160113,0.6014167670256413,-1.0736770745370037,-1.0608967194289673,0
1.2527146662221478,-0.06556468168733408,-1.1839330414661757,1.090263229965003,0.31349899522745717,-2.2422318433441673,0.8381467004446593,-1.6627404735414788,0.653050929275062,1.1784926538956784,0
0.0025978989070768233,-0.06556468168733408,-1.1839330414661757,-0.015620609228609717,-0.7904246931560178,-0.29830209470859204,0.8381467004446593,0.6014167670256413,0.07747492800437346,0.5066758418982846,0
-0.4661958888360746,-1.5684800212250773,-1.1839330414661757,-1.1215044484222225,0.06818262003112939,-0.055310876129146085,0.8381467004446593,0.6014167670256413,-0.5940304068114298,-1.2848356567614319,0
0.6276562825646116,-0.06556468168733408,1.12252363252126,1.090263229965003,1.2947644960127682,1.159645216768088,0.8381467004446593,0.6014167670256413,1.3245562640908652,1.5144010598943751,1
0.6276562825646116,1.4373506578504092,1.12252363252126,1.090263229965003,1.2947644960127682,1.159645216768088,0.8381467004446593,0.6014167670256413,1.036768263455521,1.2904621225619106,1
0.47139168665022824,1.4373506578504092,1.12252363252126,1.090263229965003,-0.0544755675670345,1.159645216768088,0.8381467004446593,0.6014167670256413,1.5164149311810948,1.1784926538956784,1
0.47139168665022824,-0.06556468168733408,-1.1839330414661757,-1.1215044484222225,-0.5451083179596901,-0.784284531867486,-1.1931085566160113,-1.6627404735414788,-1.3614650751723478,-1.0608967194289673,0
0.15886249482146017,1.4373506578504092,1.12252363252126,1.090263229965003,1.2947644960127682,-0.055310876129146085,0.8381467004446593,0.6014167670256413,1.036768263455521,1.1784926538956784,1
-0.9349896765792275,-0.06556468168733408,-1.1839330414661757,-1.1215044484222225,-0.4224501303615262,-1.0272757504469332,-1.1931085566160113,-1.6627404735414788,-1.1696064080821185,-0.5010493760978059,0
0.9401854743933811,-1.5684800212250773,1.12252363252126,-0.015620609228609717,0.8041317456201127,-0.055310876129146085,0.8381467004446593,0.6014167670256413,-1.3614650751723478,1.5144010598943751,1
0.7839208784789949,-1.5684800212250773,1.12252363252126,-1.1215044484222225,1.2947644960127682,-0.055310876129146085,0.8381467004446593,0.6014167670256413,0.9408389299104063,1.2904621225619106,0
0.7839208784789949,1.4373506578504092,1.12252363252126,1.090263229965003,1.2947644960127682,1.159645216768088,0.8381467004446593,0.6014167670256413,0.269333595094603,0.8425842478969815,1
-1.0912542724936107,1.4373506578504092,1.12252363252126,1.090263229965003,0.5588153704237849,1.159645216768088,0.8381467004446593,0.6014167670256413,0.9408389299104063,0.8425842478969815,1
0.15886249482146017,1.4373506578504092,1.12252363252126,-1.1215044484222225,1.2947644960127682,1.159645216768088,0.8381467004446593,0.6014167670256413,0.8449095963652915,0.9545537165632137,1
1.5652438580509145,1.4373506578504092,-0.030704704472457878,1.090263229965003,1.2947644960127682,1.159645216768088,0.8381467004446593,0.6014167670256413,1.036768263455521,1.1784926538956784,1
-0.6224604847504593,-0.06556468168733408,-0.030704704472457878,-0.015620609228609717,0.19084080762929329,-0.784284531867486,-1.1931085566160113,0.6014167670256413,-0.4981010732663151,1.1784926538956784,0
0.47139168665022824,-1.5684800212250773,1.12252363252126,1.090263229965003,0.9267899332182766,0.916653998188642,0.8381467004446593,0.6014167670256413,0.8449095963652915,-0.5010493760978059,1
-0.4661958888360746,1.4373506578504092,1.12252363252126,1.090263229965003,0.43615718282562105,-0.29830209470859204,-1.1931085566160113,0.6014167670256413,0.9408389299104063,-0.3890799074315736,0
0.7839208784789949,-0.06556468168733408,-2.3371613784598937,-1.1215044484222225,0.6814735580219489,1.159645216768088,-1.1931085566160113,0.6014167670256413,0.269333595094603,-0.948927250762735,1
0.15886249482146017,-0.06556468168733408,-1.1839330414661757,1.090263229965003,0.19084080762929329,1.159645216768088,0.8381467004446593,0.6014167670256413,0.9408389299104063,-1.0608967194289673,1
-0.30993129292169125,-1.5684800212250773,-0.030704704472457878,-1.1215044484222225,0.19084080762929329,-0.5412933132880401,-1.1931085566160113,-1.6627404735414788,-0.5940304068114298,-1.1728661880951996,0
0.7839208784789949,1.4373506578504092,-1.1839330414661757,-0.015620609228609717,-1.2810574435486735,0.43067156102974796,0.8381467004446593,-1.6627404735414788,1.3245562640908652,0.5066758418982846,0
0.0025978989070768233,-0.06556468168733408,-1.1839330414661757,-1.1215044484222225,-0.9130828807541818,-0.29830209470859204,-1.1931085566160113,-1.6627404735414788,-1.3614650751723478,-0.948927250762735,0
-1.8725772520655304,-0.06556468168733408,-1.1839330414661757,-0.015620609228609717,-2.1396647567358205,-0.5412933132880401,-1.1931085566160113,0.6014167670256413,-0.8818184074467741,-1.1728661880951996,0
-0.6224604847504593,-0.06556468168733408,-1.1839330414661757,-1.1215044484222225,-2.2623229443339845,-2.485223061923614,-1.1931085566160113,-1.6627404735414788,-1.3614650751723478,-0.8369577820965027,0
-0.15366669700730792,-0.06556468168733408,-0.030704704472457878,1.090263229965003,-1.2810574435486735,-2.485223061923614,-1.1931085566160113,0.6014167670256413,-0.4981010732663151,-1.2848356567614319,0
1.8777730498796839,-1.5684800212250773,-0.030704704472457878,-0.015620609228609717,-0.0544755675670345,0.673662779609194,-1.1931085566160113,-1.6627404735414788,-0.6899597403565446,0.058797967233355536,0
-0.30993129292169125,-0.06556468168733408,-0.030704704472457878,-0.015620609228609717,0.43615718282562105,-0.784284531867486,-1.1931085566160113,0.6014167670256413,-0.21031307263097082,-0.3890799074315736,0
-0.30993129292169125,-0.06556468168733408,-1.1839330414661757,-1.1215044484222225,-0.2997919427633623,-0.784284531867486,-1.1931085566160113,0.6014167670256413,-0.6899597403565446,-0.8369577820965027,0
0.7839208784789949,-1.5684800212250773,-0.030704704472457878,-1.1215044484222225,0.8041317456201127,0.43067156102974796,0.8381467004446593,0.6014167670256413,0.7489802628201767,-0.2771104387653413,1
1.4089792621365311,1.4373506578504092,1.12252363252126,1.090263229965003,0.5588153704237849,0.916653998188642,0.8381467004446593,0.6014167670256413,0.1734042615494882,0.8425842478969815,1
1.5652438580509145,1.4373506578504092,-1.1839330414661757,1.090263229965003,0.19084080762929329,0.43067156102974796,0.8381467004446593,0.6014167670256413,1.036768263455521,0.618645310564517,0
0.6276562825646116,-1.5684800212250773,1.12252363252126,-1.1215044484222225,0.8041317456201127,-0.055310876129146085,0.8381467004446593,-1.6627404735414788,-0.21031307263097082,-1.9566524687588256,0
-0.15366669700730792,-0.06556468168733408,-1.1839330414661757,-0.015620609228609717,-1.1583992559505094,0.18768034245030202,0.8381467004446593,0.6014167670256413,-1.3614650751723478,-0.5010493760978059,0
0.0025978989070768233,-0.06556468168733408,-1.1839330414661757,-0.015620609228609717,-0.667766505557854,0.43067156102974796,0.8381467004446593,0.6014167670256413,0.269333595094603,1.5144010598943751,1
-1.716312656151147,-0.06556468168733408,-1.1839330414661757,-1.1215044484222225,-0.4224501303615262,1.159645216768088,0.8381467004446593,0.6014167670256413,0.7489802628201767,-0.3890799074315736,0
-1.8725772520655304,-0.06556468168733408,-0.030704704472457878,-1.1215044484222225,-0.4224501303615262,0.18768034245030202,-1.1931085566160113,-1.6627404735414788,-1.3614650751723478,-1.732713531426361,0
-0.30993129292169125,-0.06556468168733408,-0.030704704472457878,-1.1215044484222225,-0.4224501303615262,-2.2422318433441673,-1.1931085566160113,0.6014167670256413,0.9408389299104063,-0.3890799074315736,0
-1.8725772520655304,-0.06556468168733408,-1.1839330414661757,-0.015620609228609717,-0.2997919427633623,-1.0272757504469332,-1.1931085566160113,0.6014167670256413,-1.3614650751723478,-0.5010493760978059,0
-0.7787250806648427,1.4373506578504092,-1.1839330414661757,-0.015620609228609717,1.1721063084146044,-0.784284531867486,0.8381467004446593,0.6014167670256413,0.7489802628201767,0.9545537165632137,0
-0.7787250806648427,-0.06556468168733408,-1.1839330414661757,-0.015620609228609717,-0.9130828807541818,0.43067156102974796,0.8381467004446593,0.6014167670256413,-0.7858890739016593,-0.16514097009910902,0
-0.4661958888360746,-0.06556468168733408,-1.1839330414661757,-1.1215044484222225,0.31349899522745717,0.43067156102974796,0.8381467004446593,0.6014167670256413,0.9408389299104063,-0.7249883134302705,0
1.2527146662221478,-0.06556468168733408,1.12252363252126,1.090263229965003,1.1721063084146044,1.159645216768088,0.8381467004446593,0.6014167670256413,1.1326975970006357,1.2904621225619106,1
1.2527146662221478,-0.06556468168733408,1.12252363252126,1.090263229965003,1.2947644960127682,1.159645216768088,0.8381467004446593,0.6014167670256413,0.9408389299104063,1.2904621225619106,1
-1.8725772520655304,-0.06556468168733408,-1.1839330414661757,-0.015620609228609717,0.19084080762929329,1.159645216768088,-1.1931085566160113,0.6014167670256413,-1.3614650751723478,-1.1728661880951996,0
0.15886249482146017,-0.06556468168733408,-1.1839330414661757,-0.015620609228609717,-0.2997919427633623,-0.5412933132880401,-1.1931085566160113,-1.6627404735414788,-0.0184544055407413,-0.7249883134302705,0
-1.8725772520655304,-0.06556468168733408,-1.1839330414661757,-1.1215044484222225,-0.1771337551651984,-1.7562494061852731,-1.1931085566160113,0.6014167670256413,0.8449095963652915,-0.2771104387653413,0
-0.15366669700730792,-0.06556468168733408,-0.030704704472457878,-1.1215044484222225,-0.0544755675670345,-0.29830209470859204,-1.1931085566160113,-1.6627404735414788,-1.3614650751723478,1.0665231852294461,0
0.6276562825646116,1.4373506578504092,1.12252363252126,1.090263229965003,1.2947644960127682,1.159645216768088,0.8381467004446593,0.6014167670256413,0.9408389299104063,0.9545537165632137,1
-0.30993129292169125,-0.06556468168733408,-0.030704704472457878,-0.015620609228609717,-1.526373818745001,0.916653998188642,-1.1931085566160113,-1.6627404735414788,-0.8818184074467741,-1.0608967194289673,0
-0.15366669700730792,-0.06556468168733408,-0.030704704472457878,-1.1215044484222225,0.19084080762929329,0.916653998188642,0.8381467004446593,0.6014167670256413,1.2286269305457505,0.9545537165632137,0
-1.716312656151147,-0.06556468168733408,-1.1839330414661757,-0.015620609228609717,-1.4037156311468373,-2.485223061923614,0.8381467004446593,-1.6627404735414788,-0.8818184074467741,-1.396805125427664,0
1.8777730498796839,1.4373506578504092,1.12252363252126,1.090263229965003,0.6814735580219489,1.159645216768088,0.8381467004446593,0.6014167670256413,1.1326975970006357,0.5066758418982846,1
0.6276562825646116,-0.06556468168733408,1.12252363252126,-1.1215044484222225,-1.2810574435486735,-1.0272757504469332,-1.1931085566160113,-1.6627404735414788,1.2286269305457505,-0.6130188447640381,0
1.7215084539653005,-0.06556468168733408,1.12252363252126,-1.1215044484222225,0.8041317456201127,0.18768034245030202,0.8381467004446593,0.6014167670256413,-0.5940304068114298,-0.2771104387653413,0
0.7839208784789949,-0.06556468168733408,1.12252363252126,-1.1215044484222225,1.2947644960127682,0.916653998188642,0.8381467004446593,0.6014167670256413,0.8449095963652915,0.9545537165632137,1
0.9401854743933811,1.4373506578504092,1.12252363252126,-0.015620609228609717,0.43615718282562105,-0.5412933132880401,0.8381467004446593,0.6014167670256413,1.1326975970006357,-0.948927250762735,0
0.3151270907358449,1.4373506578504092,1.12252363252126,1.090263229965003,1.2947644960127682,0.43067156102974796,0.8381467004446593,-1.6627404735414788,0.8449095963652915,1.0665231852294461,0
1.2527146662221478,1.4373506578504092,1.12252363252126,-1.1215044484222225,1.2947644960127682,0.916653998188642,0.8381467004446593,0.6014167670256413,1.42048559763598,1.5144010598943751,1
0.3151270907358449,-0.06556468168733408,-0.030704704472457878,-0.015620609228609717,0.8041317456201127,-1.2702669690263801,0.8381467004446593,0.6014167670256413,0.3652629286397177,1.4024315912281429,0
1.5652438580509145,1.4373506578504092,1.12252363252126,1.090263229965003,1.2947644960127682,-0.055310876129146085,0.8381467004446593,0.6014167670256413,1.42048559763598,1.2904621225619106,1
0.47139168665022824,1.4373506578504092,-0.030704704472457878,1.090263229965003,1.2947644960127682,1.159645216768088,0.8381467004446593,0.6014167670256413,0.5571215957299472,1.1784926538956784,1
0.15886249482146017,1.4373506578504092,1.12252363252126,1.090263229965003,1.2947644960127682,1.159645216768088,0.8381467004446593,0.6014167670256413,1.7082735982713242,1.4024315912281429,1
-0.30993129292169125,-0.06556468168733408,-0.030704704472457878,1.090263229965003,-0.1771337551651984,0.43067156102974796,0.8381467004446593,0.6014167670256413,-0.30624240617608556,0.3947063732320524,0
0.3151270907358449,1.4373506578504092,1.12252363252126,1.090263229965003,1.0494481208164406,0.673662779609194,0.8381467004446593,0.6014167670256413,-0.0184544055407413,0.7306147792307492,1
0.6276562825646116,1.4373506578504092,-1.1839330414661757,-1.1215044484222225,-0.7904246931560178,-1.7562494061852731,0.8381467004446593,0.6014167670256413,1.3245562640908652,1.1784926538956784,0
-0.6224604847504593,1.4373506578504092,1.12252363252126,-0.015620609228609717,0.9267899332182766,1.159645216768088,-1.1931085566160113,0.6014167670256413,0.3652629286397177,0.618645310564517,1
-0.6224604847504593,-0.06556468168733408,-1.1839330414661757,1.090263229965003,-1.0357410683523456,-0.784284531867486,-1.1931085566160113,0.6014167670256413,-1.3614650751723478,-0.6130188447640381,0
-1.8725772520655304,1.4373506578504092,-1.1839330414661757,2.1961470691586156,0.19084080762929329,-0.29830209470859204,0.8381467004446593,-1.6627404735414788,-1.3614650751723478,-0.7249883134302705,0
-0.15366669700730792,-0.06556468168733408,-1.1839330414661757,-1.1215044484222225,0.19084080762929329,-1.2702669690263801,-1.1931085566160113,0.6014167670256413,-0.9777477409918889,-1.6207440627601286,0
-0.30993129292169125,-0.06556468168733408,-0.030704704472457878,-1.1215044484222225,-0.667766505557854,0.673662779609194,-1.1931085566160113,0.6014167670256413,-1.0736770745370037,0.058797967233355536,0
0.47139168665022824,-0.06556468168733408,-0.030704704472457878,1.090263229965003,-0.9130828807541818,-0.055310876129146085,0.8381467004446593,0.6014167670256413,1.2286269305457505,0.7306147792307492,0
-1.8725772520655304,-0.06556468168733408,-1.1839330414661757,-0.015620609228609717,-0.9130828807541818,0.43067156102974796,-1.1931085566160113,-1.6627404735414788,-0.30624240617608556,-0.5010493760978059,0
-0.6224604847504593,-0.06556468168733408,-1.1839330414661757,-1.1215044484222225,-0.2997919427633623,-1.513258187605826,-1.1931085566160113,-1.6627404735414788,-1.3614650751723478,-1.0608967194289673,0
-0.15366669700730792,-0.06556468168733408,-0.030704704472457878,-1.1215044484222225,-2.017006569137657,-0.5412933132880401,-1.1931085566160113,0.6014167670256413,-1.3614650751723478,-1.1728661880951996,0
1.4089792621365311,1.4373506578504092,1.12252363252126,1.090263229965003,1.2947644960127682,1.159645216768088,0.8381467004446593,0.6014167670256413,1.1326975970006357,0.8425842478969815,1
1.7215084539653005,-0.06556468168733408,1.12252363252126,1.090263229965003,1.0494481208164406,0.916653998188642,0.8381467004446593,0.6014167670256413,0.5571215957299472,1.0665231852294461,1
0.6276562825646116,-0.06556468168733408,-0.030704704472457878,-0.015620609228609717,-0.4224501303615262,-1.513258187605826,-1.1931085566160113,0.6014167670256413,-0.0184544055407413,0.8425842478969815,0
0.0025978989070768233,-0.06556468168733408,-1.1839330414661757,-0.015620609228609717,-0.5451083179596901,0.43067156102974796,-1.1931085566160113,0.6014167670256413,-0.4021717397212003,-0.05317150143287675,0
1.0964500703077644,1.4373506578504092,1.12252363252126,-0.015620609228609717,0.43615718282562105,1.159645216768088,0.8381467004446593,-1.6627404735414788,-0.4981010732663151,-1.1728661880951996,1
1.2527146662221478,1.4373506578504092,1.12252363252126,1.090263229965003,1.2947644960127682,1.159645216768088,0.8381467004446593,0.6014167670256413,1.1326975970006357,1.5144010598943751,1
-0.4661958888360746,-0.06556468168733408,-1.1839330414661757,-0.015620609228609717,-1.1583992559505094,-0.784284531867486,-1.1931085566160113,-1.6627404735414788,-1.265535741627233,-0.8369577820965027,0
-1.4037834643223788,-0.06556468168733408,-0.030704704472457878,-1.1215044484222225,0.19084080762929329,-0.29830209470859204,0.8381467004446593,0.6014167670256413,0.269333595094603,1.0665231852294461,0
0.6276562825646116,-1.5684800212250773,-0.030704704472457878,-0.015620609228609717,-0.5451083179596901,-0.5412933132880401,-1.1931085566160113,0.6014167670256413,-1.3614650751723478,-0.6130188447640381,1
0.3151270907358449,-0.06556468168733408,1.12252363252126,1.090263229965003,1.2947644960127682,1.159645216768088,0.8381467004446593,0.6014167670256413,0.1734042615494882,1.4024315912281429,1
1.5652438580509145,1.4373506578504092,1.12252363252126,1.090263229965003,-0.1771337551651984,1.159645216768088,0.8381467004446593,0.6014167670256413,1.5164149311810948,0.058797967233355536,1
-0.6224604847504593,-0.06556468168733408,-0.030704704472457878,-0.015620609228609717,-1.0357410683523456,1.159645216768088,0.8381467004446593,0.6014167670256413,-0.5940304068114298,-1.1728661880951996,0
1.2527146662221478,1.4373506578504092,-0.030704704472457878,1.090263229965003,-1.771690193941329,0.18768034245030202,0.8381467004446593,0.6014167670256413,-1.1696064080821185,0.7306147792307492,0
0.6276562825646116,-1.5684800212250773,-0.030704704472457878,-0.015620609228609717,-0.0544755675670345,-0.055310876129146085,-1.1931085566160113,0.6014167670256413,-1.0736770745370037,0.3947063732320524,0
0.0025978989070768233,1.4373506578504092,1.12252363252126,-1.1215044484222225,-0.7904246931560178,0.673662779609194,0.8381467004446593,-1.6627404735414788,0.9408389299104063,-1.9566524687588256,0
1.0964500703077644,-0.06556468168733408,1.12252363252126,1.090263229965003,0.06818262003112939,0.18768034245030202,0.8381467004446593,0.6014167670256413,-0.7858890739016593,0.5066758418982846,0
1.0964500703077644,-0.06556468168733408,1.12252363252126,1.090263229965003,1.2947644960127682,1.159645216768088,0.8381467004446593,0.6014167670256413,0.4611922621848325,0.7306147792307492,1
-0.15366669700730792,-0.06556468168733408,1.12252363252126,-0.015620609228609717,0.6814735580219489,0.18768034245030202,-1.1931085566160113,0.6014167670256413,0.5571215957299472,0.8425842478969815,0
0.47139168665022824,1.4373506578504092,1.12252363252126,1.090263229965003,1.2947644960127682,1.159645216768088,0.8381467004446593,0.6014167670256413,1.3245562640908652,1.4024315912281429,1
1.0964500703077644,-0.06556468168733408,-0.030704704472457878,1.090263229965003,0.8041317456201127,1.159645216768088,0.8381467004446593,0.6014167670256413,1.1326975970006357,1.4024315912281429,1
-0.30993129292169125,-0.06556468168733408,-0.030704704472457878,-1.1215044484222225,-0.0544755675670345,0.916653998188642,-1.1931085566160113,-1.6627404735414788,-0.0184544055407413,-0.8369577820965027,0
0.15886249482146017,-0.06556468168733408,1.12252363252126,-0.015620609228609717,-0.0544755675670345,-1.513258187605826,-1.1931085566160113,-1.6627404735414788,-1.3614650751723478,-0.8369577820965027,0
1.4089792621365311,1.4373506578504092,1.12252363252126,1.090263229965003,1.2947644960127682,0.673662779609194,0.8381467004446593,0.6014167670256413,0.4611922621848325,1.5144010598943751,1
-0.4661958888360746,-0.06556468168733408,-1.1839330414661757,-0.015620609228609717,-0.5451083179596901,-1.99924062476472,-1.1931085566160113,-1.6627404735414788,-0.11438373908585606,0.9545537165632137,0
0.15886249482146017,-0.06556468168733408,1.12252363252126,-1.1215044484222225,1.2947644960127682,-0.784284531867486,0.8381467004446593,0.6014167670256413,1.42048559763598,0.5066758418982846,1
0.9401854743933811,-0.06556468168733408,1.12252363252126,1.090263229965003,0.9267899332182766,1.159645216768088,0.8381467004446593,0.6014167670256413,0.9408389299104063,1.1784926538956784,1
0.3151270907358449,1.4373506578504092,1.12252363252126,1.090263229965003,1.2947644960127682,1.159645216768088,0.8381467004446593,0.6014167670256413,0.8449095963652915,1.2904621225619106,1
0.3151270907358449,-0.06556468168733408,1.12252363252126,-0.015620609228609717,1.2947644960127682,1.159645216768088,0.8381467004446593,0.6014167670256413,0.7489802628201767,1.1784926538956784,1
-0.30993129292169125,-0.06556468168733408,-0.030704704472457878,1.090263229965003,-0.2997919427633623,-0.5412933132880401,-1.1931085566160113,0.6014167670256413,-0.30624240617608556,0.9545537165632137,1
0.0025978989070768233,-0.06556468168733408,-1.1839330414661757,-1.1215044484222225,-2.3849811319321486,-1.513258187605826,-1.1931085566160113,0.6014167670256413,-0.30624240617608556,-1.2848356567614319,0
-0.6224604847504593,-0.06556468168733408,-1.1839330414661757,-1.1215044484222225,-0.5451083179596901,-2.7282142805030603,-1.1931085566160113,-1.6627404735414788,-1.1696064080821185,-0.6130188447640381,0
0.15886249482146017,-0.06556468168733408,1.12252363252126,1.090263229965003,1.1721063084146044,0.673662779609194,0.8381467004446593,0.6014167670256413,0.269333595094603,0.7306147792307492,1
0.15886249482146017,-1.5684800212250773,-0.030704704472457878,-1.1215044484222225,-1.1583992559505094,-0.055310876129146085,-1.1931085566160113,-1.6627404735414788,-1.3614650751723478,-0.7249883134302705,0
-0.30993129292169125,-0.06556468168733408,-1.1839330414661757,-1.1215044484222225,-1.526373818745001,-0.5412933132880401,-1.1931085566160113,-1.6627404735414788,-1.1696064080821185,-0.8369577820965027,0
1.0964500703077644,1.4373506578504092,-1.1839330414661757,1.090263229965003,-0.1771337551651984,-0.5412933132880401,0.8381467004446593,0.6014167670256413,-1.3614650751723478,-1.1728661880951996,0
-0.15366669700730792,-1.5684800212250773,-0.030704704472457878,-1.1215044484222225,-1.8943483815394928,1.159645216768088,-1.1931085566160113,-1.6627404735414788,-0.8818184074467741,-1.1728661880951996,0
0.47139168665022824,-1.5684800212250773,1.12252363252126,-1.1215044484222225,1.1721063084146044,0.18768034245030202,0.8381467004446593,-1.6627404735414788,0.9408389299104063,1.1784926538956784,1
0.6276562825646116,1.4373506578504092,1.12252363252126,2.1961470691586156,0.6814735580219489,1.159645216768088,0.8381467004446593,-1.6627404735414788,-1.1696064080821185,0.8425842478969815,0
-1.8725772520655304,-0.06556468168733408,-1.1839330414661757,-1.1215044484222225,-0.0544755675670345,-1.2702669690263801,-1.1931085566160113,0.6014167670256413,-1.3614650751723478,-0.2771104387653413,1
-1.716312656151147,-0.06556468168733408,1.12252363252126,-1.1215044484222225,-1.1583992559505094,-0.5412933132880401,0.8381467004446593,-1.6627404735414788,0.8449095963652915,-1.2848356567614319,1
1.2527146662221478,1.4373506578504092,1.12252363252126,1.090263229965003,0.5588153704237849,1.159645216768088,0.8381467004446593,0.6014167670256413,0.07747492800437346,1.1784926538956784,1
1.4089792621365311,1.4373506578504092,1.12252363252126,1.090263229965003,1.2947644960127682,1.159645216768088,0.8381467004446593,0.6014167670256413,1.9960615989066686,1.5144010598943751,1
0.0025978989070768233,-1.5684800212250773,-0.030704704472457878,-0.015620609228609717,-1.4037156311468373,-0.784284531867486,0.8381467004446593,0.6014167670256413,-1.1696064080821185,0.9545537165632137,1
-1.8725772520655304,-1.5684800212250773,-1.1839330414661757,-1.1215044484222225,0.6814735580219489,-1.0272757504469332,-1.1931085566160113,-1.6627404735414788,-1.3614650751723478,-0.6130188447640381,0
-1.247518868407994,-1.5684800212250773,-1.1839330414661757,-1.1215044484222225,-0.1771337551651984,0.43067156102974796,-1.1931085566160113,0.6014167670256413,-1.3614650751723478,-1.2848356567614319,0
-1.8725772520655304,-0.06556468168733408,1.12252363252126,1.090263229965003,-1.0357410683523456,-0.29830209470859204,-1.1931085566160113,-1.6627404735414788,1.036768263455521,1.5144010598943751,0
1.5652438580509145,1.4373506578504092,1.12252363252126,1.090263229965003,1.2947644960127682,1.159645216768088,0.8381467004446593,0.6014167670256413,1.1326975970006357,1.2904621225619106,1
-0.30993129292169125,-0.06556468168733408,-0.030704704472457878,-1.1215044484222225,-1.2810574435486735,-0.5412933132880401,-1.1931085566160113,0.6014167670256413,-1.3614650751723478,-0.7249883134302705,0
0.0025978989070768233,-0.06556468168733408,-0.030704704472457878,-1.1215044484222225,-0.1771337551651984,-1.7562494061852731,-1.1931085566160113,0.6014167670256413,-0.4981010732663151,0.7306147792307492,0
-1.5600480602367621,1.4373506578504092,1.12252363252126,1.090263229965003,0.31349899522745717,1.159645216768088,0.8381467004446593,-1.6627404735414788,1.42048559763598,0.8425842478969815,1
0.3151270907358449,1.4373506578504092,1.12252363252126,1.090263229965003,1.2947644960127682,1.159645216768088,0.8381467004446593,0.6014167670256413,1.1326975970006357,1.2904621225619106,1
0.9401854743933811,-1.5684800212250773,1.12252363252126,1.090263229965003,1.2947644960127682,1.159645216768088,0.8381467004446593,0.6014167670256413,1.3245562640908652,1.0665231852294461,1
0.7839208784789949,1.4373506578504092,-0.030704704472457878,1.090263229965003,1.2947644960127682,1.159645216768088,-1.1931085566160113,0.6014167670256413,1.3245562640908652,0.5066758418982846,0
0.9401854743933811,1.4373506578504092,1.12252363252126,1.090263229965003,0.6814735580219489,1.159645216768088,0.8381467004446593,0.6014167670256413,1.036768263455521,1.5144010598943751,1
-1.247518868407994,-0.06556468168733408,-1.1839330414661757,-0.015620609228609717,-1.8943483815394928,-1.99924062476472,-1.1931085566160113,-1.6627404735414788,-0.11438373908585606,-0.948927250762735,0
0.6276562825646116,-0.06556468168733408,1.12252363252126,1.090263229965003,-1.2810574435486735,0.673662779609194,0.8381467004446593,0.6014167670256413,-1.3614650751723478,0.618645310564517,0
-0.30993129292169125,-0.06556468168733408,-1.1839330414661757,-1.1215044484222225,-1.6490320063431652,-1.2702669690263801,-1.1931085566160113,-1.6627404735414788,-1.0736770745370037,-1.2848356567614319,0
-1.4037834643223788,-1.5684800212250773,1.12252363252126,1.090263229965003,-0.5451083179596901,0.18768034245030202,0.8381467004446593,0.6014167670256413,1.42048559763598,1.1784926538956784,0
1.0964500703077644,1.4373506578504092,1.12252363252126,1.090263229965003,0.5588153704237849,1.159645216768088,0.8381467004446593,0.6014167670256413,-0.8818184074467741,1.0665231852294461,1
0.47139168665022824,-0.06556468168733408,-0.030704704472457878,-1.1215044484222225,-0.1771337551651984,1.159645216768088,-1.1931085566160113,0.6014167670256413,0.9408389299104063,-0.5010493760978059,0
1.5652438580509145,1.4373506578504092,1.12252363252126,-1.1215044484222225,0.06818262003112939,0.916653998188642,0.8381467004446593,0.6014167670256413,1.036768263455521,-0.05317150143287675,1
0.9401854743933811,1.4373506578504092,1.12252363252126,1.090263229965003,-0.0544755675670345,0.18768034245030202,0.8381467004446593,0.6014167670256413,1.3245562640908652,1.1784926538956784,1
-1.716312656151147,-0.06556468168733408,-1.1839330414661757,-0.015620609228609717,-1.6490320063431652,-0.29830209470859204,-1.1931085566160113,0.6014167670256413,-1.0736770745370037,-0.7249883134302705,0
1.0964500703077644,-1.5684800212250773,-1.1839330414661757,-1.1215044484222225,-0.7904246931560178,0.18768034245030202,-1.1931085566160113,-1.6627404735414788,-0.7858890739016593,-1.8446830000925933,0
0.9401854743933811,-0.06556468168733408,-0.030704704472457878,-1.1215044484222225,-0.2997919427633623,-1.2702669690263801,0.8381467004446593,0.6014167670256413,-0.5940304068114298,0.618645310564517,0
0.15886249482146017,-0.06556468168733408,-1.1839330414661757,-0.015620609228609717,0.6814735580219489,1.159645216768088,0.8381467004446593,0.6014167670256413,1.2286269305457505,0.9545537165632137,1
-1.4037834643223788,-0.06556468168733408,-0.030704704472457878,-1.1215044484222225,-0.0544755675670345,-0.5412933132880401,-1.1931085566160113,0.6014167670256413,-0.6899597403565446,0.8425842478969815,1
-1.8725772520655304,-0.06556468168733408,-1.1839330414661757,-1.1215044484222225,-0.1771337551651984,0.43067156102974796,-1.1931085566160113,0.6014167670256413,0.5571215957299472,-0.7249883134302705,0
0.0025978989070768233,1.4373506578504092,-1.1839330414661757,-1.1215044484222225,-1.771690193941329,-1.99924062476472,0.8381467004446593,-1.6627404735414788,-0.4981010732663151,-1.396805125427664,0
-1.8725772520655304,-0.06556468168733408,-1.1839330414661757,-1.1215044484222225,-2.2623229443339845,-1.7562494061852731,-1.1931085566160113,0.6014167670256413,-0.5940304068114298,-1.0608967194289673,0
-1.0912542724936107,-1.5684800212250773,-1.1839330414661757,-1.1215044484222225,0.31349899522745717,0.18768034245030202,0.8381467004446593,-1.6627404735414788,-1.3614650751723478,-0.16514097009910902,0
0.15886249482146017,-0.06556468168733408,-1.1839330414661757,-1.1215044484222225,-1.6490320063431652,0.673662779609194,-1.1931085566160113,-1.6627404735414788,-1.1696064080821185,-0.8369577820965027,0
-0.30993129292169125,-1.5684800212250773,-0.030704704472457878,-0.015620609228609717,-0.2997919427633623,-1.2702669690263801,0.8381467004446593,0.6014167670256413,0.5571215957299472,-0.16514097009910902,0
0.47139168665022824,-0.06556468168733408,-0.030704704472457878,-0.015620609228609717,0.6814735580219489,0.43067156102974796,-1.1931085566160113,0.6014167670256413,-0.30624240617608556,-0.3890799074315736,0
-0.30993129292169125,-0.06556468168733408,1.12252363252126,-0.015620609228609717,-0.1771337551651984,-0.055310876129146085,-1.1931085566160113,0.6014167670256413,-1.3614650751723478,-1.1728661880951996,0
-1.8725772520655304,1.4373506578504092,-1.1839330414661757,2.1961470691586156,0.43615718282562105,0.43067156102974796,0.8381467004446593,0.6014167670256413,-1.3614650751723478,-0.7249883134302705,0
-0.15366669700730792,1.4373506578504092,-0.030704704472457878,1.090263229965003,1.2947644960127682,-0.5412933132880401,0.8381467004446593,0.6014167670256413,1.2286269305457505,0.618645310564517,1
-0.30993129292169125,-0.06556468168733408,-1.1839330414661757,-1.1215044484222225,-0.667766505557854,-2.2422318433441673,-1.1931085566160113,0.6014167670256413,-1.1696064080821185,-0.16514097009910902,0
0.7839208784789949,-0.06556468168733408,1.12252363252126,-0.015620609228609717,0.31349899522745717,-0.784284531867486,0.8381467004446593,0.6014167670256413,-1.3614650751723478,-0.948927250762735,0
-0.30993129292169125,-1.5684800212250773,1.12252363252126,1.090263229965003,0.6814735580219489,0.43067156102974796,-1.1931085566160113,0.6014167670256413,0.5571215957299472,-0.16514097009910902,1
0.6276562825646116,-0.06556468168733408,1.12252363252126,-0.015620609228609717,1.2947644960127682,1.159645216768088,0.8381467004446593,-1.6627404735414788,1.3245562640908652,1.4024315912281429,1
-0.4661958888360746,-0.06556468168733408,-1.1839330414661757,-0.015620609228609717,-2.1396647567358205,1.159645216768088,0.8381467004446593,0.6014167670256413,-1.3614650751723478,-0.3890799074315736,0
0.7839208784789949,-1.5684800212250773,1.12252363252126,1.090263229965003,-0.4224501303615262,0.916653998188642,0.8381467004446593,0.6014167670256413,1.3245562640908652,1.1784926538956784,0
-0.4661958888360746,-0.06556468168733408,-1.1839330414661757,-1.1215044484222225,-0.1771337551651984,0.43067156102974796,0.8381467004446593,0.6014167670256413,0.07747492800437346,0.3947063732320524,1
0.47139168665022824,-0.06556468168733408,-0.030704704472457878,-0.015620609228609717,0.06818262003112939,-0.29830209470859204,0.8381467004446593,-1.6627404735414788,0.7489802628201767,-0.6130188447640381,0
1.0964500703077644,1.4373506578504092,1.12252363252126,-1.1215044484222225,0.8041317456201127,0.916653998188642,0.8381467004446593,0.6014167670256413,1.42048559763598,0.9545537165632137,1
1.2527146662221478,-0.06556468168733408,-0.030704704472457878,-0.015620609228609717,-0.5451083179596901,0.916653998188642,0.8381467004446593,-1.6627404735414788,0.269333595094603,-1.0608967194289673,0
-1.5600480602367621,-0.06556468168733408,-0.030704704472457878,-1.1215044484222225,-1.0357410683523456,-1.2702669690263801,0.8381467004446593,0.6014167670256413,0.3652629286397177,-0.05317150143287675,0
-1.8725772520655304,-0.06556468168733408,-1.1839330414661757,-1.1215044484222225,-2.2623229443339845,-0.5412933132880401,-1.1931085566160113,-1.6627404735414788,-0.30624240617608556,-0.6130188447640381,0
-1.8725772520655304,-1.5684800212250773,-1.1839330414661757,-0.015620609228609717,-1.526373818745001,-2.971205499082507,-1.1931085566160113,-1.6627404735414788,-0.7858890739016593,-1.5087745940938964,0
0.7839208784789949,1.4373506578504092,1.12252363252126,1.090263229965003,1.2947644960127682,1.159645216768088,0.8381467004446593,0.6014167670256413,1.804202931816439,0.618645310564517,1
-0.30993129292169125,-0.06556468168733408,-1.1839330414661757,-1.1215044484222225,-0.2997919427633623,-1.0272757504469332,-1.1931085566160113,0.6014167670256413,-1.3614650751723478,-0.6130188447640381,0
0.7839208784789949,-0.06556468168733408,-0.030704704472457878,-0.015620609228609717,-0.0544755675670345,-1.2702669690263801,0.8381467004446593,0.6014167670256413,-1.3614650751723478,-0.5010493760978059,0
-0.15366669700730792,-0.06556468168733408,-0.030704704472457878,-1.1215044484222225,-0.7904246931560178,-0.784284531867486,0.8381467004446593,0.6014167670256413,0.5571215957299472,-1.1728661880951996,0
0.3151270907358449,-0.06556468168733408,-1.1839330414661757,-1.1215044484222225,0.6814735580219489,0.43067156102974796,0.8381467004446593,0.6014167670256413,1.036768263455521,0.7306147792307492,1
-0.30993129292169125,-1.5684800212250773,-0.030704704472457878,-1.1215044484222225,-1.2810574435486735,-1.513258187605826,-1.1931085566160113,-1.6627404735414788,-1.0736770745370037,-1.0608967194289673,0
-0.9349896765792275,-1.5684800212250773,-1.1839330414661757,-1.1215044484222225,-0.7904246931560178,-0.5412933132880401,-1.1931085566160113,0.6014167670256413,-1.3614650751723478,-1.1728661880951996,0
0.6276562825646116,1.4373506578504092,1.12252363252126,1.090263229965003,1.2947644960127682,1.159645216768088,0.8381467004446593,0.6014167670256413,0.8449095963652915,0.9545537165632137,1
0.0025978989070768233,-0.06556468168733408,-1.1839330414661757,-1.1215044484222225,-0.7904246931560178,-1.0272757504469332,-1.1931085566160113,0.6014167670256413,-0.9777477409918889,-0.8369577820965027,1
0.9401854743933811,-1.5684800212250773,-1.1839330414661757,-1.1215044484222225,0.06818262003112939,-1.0272757504469332,0.8381467004446593,0.6014167670256413,0.9408389299104063,-0.7249883134302705,0
0.3151270907358449,-1.5684800212250773,1.12252363252126,-1.1215044484222225,-0.5451083179596901,-1.7562494061852731,0.8381467004446593,0.6014167670256413,-0.6899597403565446,-0.5010493760978059,1
-1.8725772520655304,-1.5684800212250773,-0.030704704472457878,-0.015620609228609717,-2.3849811319321486,-2.971205499082507,-1.1931085566160113,-1.6627404735414788,-0.4021717397212003,-0.3890799074315736,0
0.15886249482146017,1.4373506578504092,1.12252363252126,1.090263229965003,1.2947644960127682,1.159645216768088,0.8381467004446593,0.6014167670256413,1.9960615989066686,0.5066758418982846,1
-0.15366669700730792,-0.06556468168733408,-0.030704704472457878,-0.015620609228609717,-1.8943483815394928,-1.513258187605826,-1.1931085566160113,0.6014167670256413,-0.5940304068114298,0.17076743589958782,1
0.7839208784789949,-1.5684800212250773,1.12252363252126,-0.015620609228609717,1.2947644960127682,-1.2702669690263801,0.8381467004446593,0.6014167670256413,0.653050929275062,0.2827369045658201,0
-0.4661958888360746,-1.5684800212250773,-1.1839330414661757,-1.1215044484222225,-0.0544755675670345,-2.485223061923614,-1.1931085566160113,0.6014167670256413,-1.0736770745370037,-1.5087745940938964,0
-0.15366669700730792,-0.06556468168733408,-1.1839330414661757,-1.1215044484222225,0.06818262003112939,-1.7562494061852731,-1.1931085566160113,-1.6627404735414788,-1.3614650751723478,-0.8369577820965027,0
-0.4661958888360746,-0.06556468168733408,-1.1839330414661757,-1.1215044484222225,-1.8943483815394928,-1.513258187605826,-1.1931085566160113,-1.6627404735414788,-1.265535741627233,-1.732713531426361,0
-0.15366669700730792,-0.06556468168733408,-0.030704704472457878,1.090263229965003,-0.2997919427633623,-0.784284531867486,0.8381467004446593,0.6014167670256413,-1.3614650751723478,-1.1728661880951996,0
0.9401854743933811,-0.06556468168733408,-1.1839330414661757,-1.1215044484222225,-1.2810574435486735,1.159645216768088,0.8381467004446593,-1.6627404735414788,1.3245562640908652,-0.8369577820965027,1
1.4089792621365311,-0.06556468168733408,-1.1839330414661757,-0.015620609228609717,1.0494481208164406,-0.784284531867486,-1.1931085566160113,0.6014167670256413,1.036768263455521,-0.948927250762735,1
-0.30993129292169125,-0.06556468168733408,-1.1839330414661757,-0.015620609228609717,0.19084080762929329,-0.784284531867486,-1.1931085566160113,-1.6627404735414788,-1.265535741627233,-1.2848356567614319,0
0.47139168665022824,1.4373506578504092,1.12252363252126,1.090263229965003,1.2947644960127682,0.916653998188642,0.8381467004446593,0.6014167670256413,0.9408389299104063,0.9545537165632137,1
-1.4037834643223788,-1.5684800212250773,-1.1839330414661757,-1.1215044484222225,-2.017006569137657,-1.7562494061852731,-1.1931085566160113,-1.6627404735414788,-1.3614650751723478,-0.8369577820965027,0
1.2527146662221478,1.4373506578504092,1.12252363252126,1.090263229965003,1.2947644960127682,1.159645216768088,0.8381467004446593,-1.6627404735414788,0.5571215957299472,1.1784926538956784,1
0.7839208784789949,1.4373506578504092,-0.030704704472457878,1.090263229965003,-0.7904246931560178,0.673662779609194,0.8381467004446593,0.6014167670256413,1.3245562640908652,1.4024315912281429,0
1.4089792621365311,1.4373506578504092,1.12252363252126,1.090263229965003,1.2947644960127682,1.159645216768088,0.8381467004446593,0.6014167670256413,1.5164149311810948,0.8425842478969815,1
-1.716312656151147,-0.06556468168733408,-0.030704704472457878,-0.015620609228609717,-1.771690193941329,-0.5412933132880401,-1.1931085566160113,-1.6627404735414788,-1.265535741627233,-1.8446830000925933,0
0.9401854743933811,1.4373506578504092,1.12252363252126,1.090263229965003,0.6814735580219489,0.916653998188642,0.8381467004446593,0.6014167670256413,0.653050929275062,1.4024315912281429,1
-1.0912542724936107,-0.06556468168733408,-0.030704704472457878,-1.1215044484222225,-1.4037156311468373,-0.784284531867486,-1.1931085566160113,0.6014167670256413,-1.3614650751723478,-0.05317150143287675,0
1.0964500703077644,1.4373506578504092,1.12252363252126,2.1961470691586156,1.2947644960127682,1.159645216768088,0.8381467004446593,-1.6627404735414788,-0.30624240617608556,-0.3890799074315736,0
-0.6224604847504593,-0.06556468168733408,-1.1839330414661757,-0.015620609228609717,-1.1583992559505094,-1.0272757504469332,-1.1931085566160113,-1.6627404735414788,-0.9777477409918889,-1.396805125427664,0
-0.15366669700730792,-1.5684800212250773,-1.1839330414661757,-1.1215044484222225,0.8041317456201127,-0.784284531867486,0.8381467004446593,-1.6627404735414788,-0.21031307263097082,-0.948927250762735,0
1.4089792621365311,1.4373506578504092,1.12252363252126,-0.015620609228609717,0.6814735580219489,-0.055310876129146085,0.8381467004446593,0.6014167670256413,0.9408389299104063,0.618645310564517,1
-1.8725772520655304,-0.06556468168733408,-0.030704704472457878,-0.015620609228609717,-1.4037156311468373,-1.513258187605826,-1.1931085566160113,0.6014167670256413,-1.3614650751723478,-0.948927250762735,0
0.47139168665022824,1.4373506578504092,1.12252363252126,1.090263229965003,1.2947644960127682,0.43067156102974796,0.8381467004446593,0.6014167670256413,0.7489802628201767,1.5144010598943751,1
-0.4661958888360746,-1.5684800212250773,-0.030704704472457878,-0.015620609228609717,-0.0544755675670345,-1.7562494061852731,-1.1931085566160113,0.6014167670256413,-1.3614650751723478,-1.0608967194289673,0
-0.30993129292169125,1.4373506578504092,-0.030704704472457878,-1.1215044484222225,-1.1583992559505094,0.18768034245030202,-1.1931085566160113,0.6014167670256413,-1.3614650751723478,-1.396805125427664,0
-1.0912542724936107,-0.06556468168733408,-1.1839330414661757,-0.015620609228609717,-0.4224501303615262,0.673662779609194,-1.1931085566160113,0.6014167670256413,-1.1696064080821185,-1.2848356567614319,0
0.3151270907358449,1.4373506578504092,1.12252363252126,1.090263229965003,1.2947644960127682,1.159645216768088,0.8381467004446593,0.6014167670256413,0.7489802628201767,0.9545537165632137,1
0.6276562825646116,1.4373506578504092,-1.1839330414661757,1.090263229965003,-0.1771337551651984,0.916653998188642,0.8381467004446593,0.6014167670256413,0.8449095963652915,-0.3890799074315736,1
0.15886249482146017,-0.06556468168733408,-0.030704704472457878,-1.1215044484222225,-0.9130828807541818,0.43067156102974796,-1.1931085566160113,0.6014167670256413,-1.3614650751723478,-0.6130188447640381,0
-0.4661958888360746,-1.5684800212250773,-1.1839330414661757,-1.1215044484222225,-2.1396647567358205,-1.0272757504469332,-1.1931085566160113,-1.6627404735414788,-1.3614650751723478,-1.5087745940938964,0
0.0025978989070768233,-0.06556468168733408,-1.1839330414661757,-0.015620609228609717,-0.667766505557854,0.673662779609194,-1.1931085566160113,0.6014167670256413,-0.5940304068114298,-0.16514097009910902,0
0.0025978989070768233,-0.06556468168733408,-0.030704704472457878,1.090263229965003,0.43615718282562105,-1.0272757504469332,0.8381467004446593,0.6014167670256413,1.1326975970006357,0.058797967233355536,0
1.5652438580509145,-0.06556468168733408,-1.1839330414661757,1.090263229965003,0.19084080762929329,-0.5412933132880401,0.8381467004446593,0.6014167670256413,0.269333595094603,-0.7249883134302705,0
1.4089792621365311,-0.06556468168733408,-0.030704704472457878,-1.1215044484222225,0.8041317456201127,-0.5412933132880401,0.8381467004446593,0.6014167670256413,-1.3614650751723478,0.8425842478969815,0
0.7839208784789949,1.4373506578504092,1.12252363252126,1.090263229965003,1.2947644960127682,1.159645216768088,0.8381467004446593,0.6014167670256413,0.3652629286397177,0.3947063732320524,1
1.5652438580509145,-1.5684800212250773,1.12252363252126,-1.1215044484222225,-0.5451083179596901,-1.513258187605826,0.8381467004446593,0.6014167670256413,-0.6899597403565446,-0.05317150143287675,0
-0.4661958888360746,-0.06556468168733408,-1.1839330414661757,2.1961470691586156,-1.1583992559505094,0.43067156102974796,-1.1931085566160113,0.6014167670256413,-1.3614650751723478,-1.0608967194289673,0
0.9401854743933811,-0.06556468168733408,1.12252363252126,-0.015620609228609717,0.31349899522745717,0.18768034245030202,0.8381467004446593,0.6014167670256413,0.269333595094603,0.7306147792307492,1
0.15886249482146017,-0.06556468168733408,-1.1839330414661757,-1.1215044484222225,-1.2810574435486735,0.916653998188642,-1.1931085566160113,-1.6627404735414788,-1.1696064080821185,-1.1728661880951996,0
1.5652438580509145,-0.06556468168733408,1.12252363252126,1.090263229965003,0.19084080762929329,0.916653998188642,0.8381467004446593,0.6014167670256413,0.4611922621848325,-0.05317150143287675,1
-1.5600480602367621,-0.06556468168733408,-1.1839330414661757,-0.015620609228609717,-2.3849811319321486,-2.485223061923614,-1.1931085566160113,0.6014167670256413,-0.6899597403565446,-0.6130188447640381,1
0.6276562825646116,1.4373506578504092,1.12252363252126,1.090263229965003,0.43615718282562105,-0.055310876129146085,0.8381467004446593,0.6014167670256413,1.3245562640908652,0.5066758418982846,1
0.6276562825646116,-0.06556468168733408,1.12252363252126,1.090263229965003,1.2947644960127682,0.43067156102974796,0.8381467004446593,0.6014167670256413,0.7489802628201767,0.7306147792307492,1
0.6276562825646116,-0.06556468168733408,1.12252363252126,1.090263229965003,1.2947644960127682,0.673662779609194,0.8381467004446593,0.6014167670256413,0.07747492800437346,0.17076743589958782,1
-0.4661958888360746,-1.5684800212250773,-1.1839330414661757,-0.015620609228609717,-1.8943483815394928,0.916653998188642,-1.1931085566160113,0.6014167670256413,0.653050929275062,-0.3890799074315736,0
-1.5600480602367621,-0.06556468168733408,-1.1839330414661757,-1.1215044484222225,-0.7904246931560178,-1.2702669690263801,-1.1931085566160113,0.6014167670256413,-1.3614650751723478,-1.1728661880951996,0
0.47139168665022824,-0.06556468168733408,1.12252363252126,1.090263229965003,1.2947644960127682,0.18768034245030202,0.8381467004446593,0.6014167670256413,0.269333595094603,0.8425842478969815,1
0.15886249482146017,-0.06556468168733408,1.12252363252126,1.090263229965003,-0.2997919427633623,-0.29830209470859204,0.8381467004446593,-1.6627404735414788,1.1326975970006357,-1.1728661880951996,0
-1.247518868407994,-1.5684800212250773,-1.1839330414661757,-1.1215044484222225,-0.7904246931560178,-0.29830209470859204,-1.1931085566160113,-1.6627404735414788,-1.3614650751723478,-1.732713531426361,0
-1.8725772520655304,-0.06556468168733408,1.12252363252126,-0.015620609228609717,-1.0357410683523456,-0.784284531867486,0.8381467004446593,0.6014167670256413,0.7489802628201767,-0.16514097009910902,0
-1.8725772520655304,-0.06556468168733408,-1.1839330414661757,-1.1215044484222225,0.31349899522745717,-1.0272757504469332,-1.1931085566160113,0.6014167670256413,-1.3614650751723478,-1.6207440627601286,0
-1.8725772520655304,-0.06556468168733408,-1.1839330414661757,-0.015620609228609717,-1.8943483815394928,-1.99924062476472,-1.1931085566160113,-1.6627404735414788,-1.3614650751723478,-1.0608967194289673,0
-0.15366669700730792,-0.06556468168733408,-0.030704704472457878,-1.1215044484222225,-1.771690193941329,-0.055310876129146085,0.8381467004446593,0.6014167670256413,0.1734042615494882,-1.396805125427664,0
-0.15366669700730792,-1.5684800212250773,-0.030704704472457878,-0.015620609228609717,-1.2810574435486735,1.159645216768088,-1.1931085566160113,-1.6627404735414788,1.036768263455521,-0.3890799074315736,0
-1.8725772520655304,-0.06556468168733408,-1.1839330414661757,-0.015620609228609717,-2.1396647567358205,-1.0272757504469332,-1.1931085566160113,-1.6627404735414788,-1.1696064080821185,-0.5010493760978059,0
0.15886249482146017,-1.5684800212250773,-1.1839330414661757,-0.015620609228609717,-0.9130828807541818,-0.784284531867486,-1.1931085566160113,-1.6627404735414788,-0.7858890739016593,-0.6130188447640381,0
0.0025978989070768233,-0.06556468168733408,1.12252363252126,1.090263229965003,0.5588153704237849,1.159645216768088,-1.1931085566160113,0.6014167670256413,0.07747492800437346,-0.8369577820965027,0
-1.716312656151147,-0.06556468168733408,-0.030704704472457878,-1.1215044484222225,-1.0357410683523456,-0.784284531867486,-1.1931085566160113,-1.6627404735414788,-1.3614650751723478,-0.7249883134302705,1
0.0025978989070768233,-0.06556468168733408,-1.1839330414661757,-0.015620609228609717,-1.1583992559505094,0.673662779609194,-1.1931085566160113,0.6014167670256413,-1.3614650751723478,-0.948927250762735,0
0.15886249482146017,-0.06556468168733408,1.12252363252126,-1.1215044484222225,0.31349899522745717,-1.0272757504469332,-1.1931085566160113,-1.6627404735414788,-1.3614650751723478,0.9545537165632137,0
0.0025978989070768233,-0.06556468168733408,-1.1839330414661757,-0.015620609228609717,-1.0357410683523456,0.18768034245030202,0.8381467004446593,0.6014167670256413,-0.30624240617608556,-0.16514097009910902,0
0.0025978989070768233,-1.5684800212250773,-1.1839330414661757,-0.015620609228609717,-0.667766505557854,-0.784284531867486,-1.1931085566160113,0.6014167670256413,-0.6899597403565446,-1.0608967194289673,0
-0.6224604847504593,-0.06556468168733408,-1.1839330414661757,-1.1215044484222225,1.2947644960127682,0.673662779609194,0.8381467004446593,-1.6627404735414788,0.653050929275062,-1.396805125427664,0
-0.15366669700730792,-0.06556468168733408,-0.030704704472457878,-0.015620609228609717,-0.9130828807541818,-0.784284531867486,-1.1931085566160113,0.6014167670256413,1.1326975970006357,0.3947063732320524,0
1.2527146662221478,-0.06556468168733408,1.12252363252126,1.090263229965003,1.0494481208164406,0.916653998188642,0.8381467004446593,0.6014167670256413,0.4611922621848325,1.5144010598943751,1
0.3151270907358449,-1.5684800212250773,1.12252363252126,1.090263229965003,1.2947644960127682,1.159645216768088,0.8381467004446593,0.6014167670256413,-0.11438373908585606,0.9545537165632137,1
-0.30993129292169125,-0.06556468168733408,-1.1839330414661757,-1.1215044484222225,-1.6490320063431652,-0.5412933132880401,-1.1931085566160113,-1.6627404735414788,-0.5940304068114298,-1.6207440627601286,0
0.6276562825646116,1.4373506578504092,1.12252363252126,1.090263229965003,1.2947644960127682,1.159645216768088,0.8381467004446593,0.6014167670256413,1.1326975970006357,1.1784926538956784,1
1.0964500703077644,-0.06556468168733408,-0.030704704472457878,1.090263229965003,0.19084080762929329,0.673662779609194,0.8381467004446593,0.6014167670256413,-0.11438373908585606,0.7306147792307492,0
-1.5600480602367621,-0.06556468168733408,1.12252363252126,-1.1215044484222225,-0.667766505557854,0.43067156102974796,0.8381467004446593,0.6014167670256413,0.269333595094603,-1.2848356567614319,0
1.0964500703077644,1.4373506578504092,1.12252363252126,1.090263229965003,0.6814735580219489,0.916653998188642,0.8381467004446593,0.6014167670256413,0.5571215957299472,1.5144010598943751,0
0.3151270907358449,-1.5684800212250773,-0.030704704472457878,1.090263229965003,0.6814735580219489,-0.784284531867486,0.8381467004446593,0.6014167670256413,1.5164149311810948,1.5144010598943751,1
-0.30993129292169125,-0.06556468168733408,-1.1839330414661757,-0.015620609228609717,-0.2997919427633623,-1.0272757504469332,0.8381467004446593,0.6014167670256413,-1.0736770745370037,-0.3890799074315736,0
-1.716312656151147,1.4373506578504092,-1.1839330414661757,1.090263229965003,1.2947644960127682,1.159645216768088,0.8381467004446593,-1.6627404735414788,1.42048559763598,-0.8369577820965027,0
0.15886249482146017,-1.5684800212250773,-1.1839330414661757,-0.015620609228609717,-0.9130828807541818,-1.0272757504469332,-1.1931085566160113,-1.6627404735414788,-1.0736770745370037,-0.3890799074315736,0
0.6276562825646116,-0.06556468168733408,-1.1839330414661757,-0.015620609228609717,-0.0544755675670345,0.43067156102974796,-1.1931085566160113,-1.6627404735414788,-0.6899597403565446,-0.8369577820965027,0
-0.15366669700730792,-0.06556468168733408,-1.1839330414661757,1.090263229965003,0.19084080762929329,1.159645216768088,-1.1931085566160113,-1.6627404735414788,1.42048559763598,-0.8369577820965027,0
0.3151270907358449,1.4373506578504092,1.12252363252126,1.090263229965003,1.2947644960127682,1.159645216768088,0.8381467004446593,0.6014167670256413,1.036768263455521,1.0665231852294461,0
-0.15366669700730792,-0.06556468168733408,-1.1839330414661757,-1.1215044484222225,-0.667766505557854,-0.784284531867486,-1.1931085566160113,0.6014167670256413,-0.8818184074467741,-0.7249883134302705,0
-0.4661958888360746,-0.06556468168733408,-0.030704704472457878,-0.015620609228609717,-0.9130828807541818,-1.99924062476472,-1.1931085566160113,0.6014167670256413,1.2286269305457505,-0.6130188447640381,1
1.0964500703077644,-1.5684800212250773,1.12252363252126,1.090263229965003,1.1721063084146044,-0.5412933132880401,0.8381467004446593,0.6014167670256413,0.07747492800437346,1.0665231852294461,1
1.0964500703077644,1.4373506578504092,1.12252363252126,1.090263229965003,1.2947644960127682,0.43067156102974796,0.8381467004446593,0.6014167670256413,1.5164149311810948,0.5066758418982846,1
-0.4661958888360746,-0.06556468168733408,-0.030704704472457878,-1.1215044484222225,-0.7904246931560178,-0.055310876129146085,-1.1931085566160113,0.6014167670256413,-0.4021717397212003,-0.7249883134302705,0
0.3151270907358449,1.4373506578504092,1.12252363252126,1.090263229965003,1.2947644960127682,0.673662779609194,0.8381467004446593,0.6014167670256413,1.2286269305457505,0.7306147792307492,1
-0.4661958888360746,1.4373506578504092,-0.030704704472457878,-1.1215044484222225,-1.771690193941329,-1.0272757504469332,-1.1931085566160113,-1.6627404735414788,-1.3614650751723478,-0.8369577820965027,0
0.3151270907358449,1.4373506578504092,1.12252363252126,1.090263229965003,1.2947644960127682,0.673662779609194,0.8381467004446593,0.6014167670256413,1.2286269305457505,0.7306147792307492,1
-0.15366669700730792,-0.06556468168733408,-0.030704704472457878,1.090263229965003,-0.9130828807541818,0.43067156102974796,0.8381467004446593,-1.6627404735414788,1.7082735982713242,1.0665231852294461,1
0.0025978989070768233,1.4373506578504092,1.12252363252126,-1.1215044484222225,-0.2997919427633623,0.673662779609194,0.8381467004446593,0.6014167670256413,0.07747492800437346,-0.6130188447640381,0
-0.15366669700730792,-1.5684800212250773,-0.030704704472457878,-1.1215044484222225,0.19084080762929329,-0.784284531867486,-1.1931085566160113,-1.6627404735414788,-0.8818184074467741,-1.6207440627601286,0
-0.15366669700730792,-0.06556468168733408,1.12252363252126,-1.1215044484222225,0.19084080762929329,0.916653998188642,0.8381467004446593,0.6014167670256413,0.9408389299104063,0.8425842478969815,1
1.4089792621365311,1.4373506578504092,1.12252363252126,1.090263229965003,0.9267899332182766,1.159645216768088,0.8381467004446593,0.6014167670256413,-0.0184544055407413,0.7306147792307492,1
0.47139168665022824,-0.06556468168733408,1.12252363252126,-1.1215044484222225,-0.667766505557854,-1.2702669690263801,-1.1931085566160113,0.6014167670256413,0.7489802628201767,-0.7249883134302705,0
-1.247518868407994,-0.06556468168733408,-0.030704704472457878,-0.015620609228609717,-0.1771337551651984,0.43067156102974796,-1.1931085566160113,0.6014167670256413,-0.11438373908585606,-1.1728661880951996,1
1.4089792621365311,1.4373506578504092,1.12252363252126,1.090263229965003,0.9267899332182766,0.18768034245030202,0.8381467004446593,0.6014167670256413,-0.0184544055407413,1.2904621225619106,1
0.47139168665022824,1.4373506578504092,1.12252363252126,1.090263229965003,0.8041317456201127,0.916653998188642,0.8381467004446593,0.6014167670256413,1.5164149311810948,1.1784926538956784,1
0.0025978989070768233,-0.06556468168733408,-1.1839330414661757,-0.015620609228609717,0.43615718282562105,-0.5412933132880401,-1.1931085566160113,-1.6627404735414788,1.1326975970006357,-0.3890799074315736,0
1.2527146662221478,1.4373506578504092,1.12252363252126,1.090263229965003,1.2947644960127682,1.159645216768088,0.8381467004446593,0.6014167670256413,0.269333595094603,1.4024315912281429,1
0.3151270907358449,-0.06556468168733408,-1.1839330414661757,-1.1215044484222225,-1.4037156311468373,-1.0272757504469332,-1.1931085566160113,-1.6627404735414788,-0.6899597403565446,-0.05317150143287675,0
0.6276562825646116,1.4373506578504092,1.12252363252126,1.090263229965003,1.2947644960127682,0.916653998188642,0.8381467004446593,0.6014167670256413,-0.30624240617608556,1.1784926538956784,1
-0.7787250806648427,-0.06556468168733408,-0.030704704472457878,-1.1215044484222225,-1.4037156311468373,-0.29830209470859204,0.8381467004446593,0.6014167670256413,-1.1696064080821185,-0.948927250762735,0
-1.716312656151147,-1.5684800212250773,-1.1839330414661757,-1.1215044484222225,-1.0357410683523456,-1.2702669690263801,0.8381467004446593,0.6014167670256413,-0.8818184074467741,-0.3890799074315736,0
0.47139168665022824,-0.06556468168733408,-1.1839330414661757,-1.1215044484222225,-1.1583992559505094,-0.055310876129146085,-1.1931085566160113,-1.6627404735414788,-0.6899597403565446,-1.1728661880951996,0
-0.30993129292169125,1.4373506578504092,-0.030704704472457878,-1.1215044484222225,1.1721063084146044,1.159645216768088,0.8381467004446593,0.6014167670256413,0.269333595094603,0.5066758418982846,1
-1.8725772520655304,-0.06556468168733408,-0.030704704472457878,-1.1215044484222225,-0.1771337551651984,0.916653998188642,-1.1931085566160113,0.6014167670256413,0.653050929275062,-0.2771104387653413,0
-1.0912542724936107,-0.06556468168733408,-1.1839330414661757,-0.015620609228609717,-0.5451083179596901,1.159645216768088,-1.1931085566160113,-1.6627404735414788,-0.4981010732663151,-0.5010493760978059,0
0.0025978989070768233,-0.06556468168733408,-1.1839330414661757,-0.015620609228609717,-0.0544755675670345,-0.055310876129146085,-1.1931085566160113,-1.6627404735414788,-1.265535741627233,-1.0608967194289673,0
-0.15366669700730792,-0.06556468168733408,-0.030704704472457878,-1.1215044484222225,0.31349899522745717,-0.29830209470859204,-1.1931085566160113,0.6014167670256413,-1.265535741627233,-0.5010493760978059,0
1.8777730498796839,-1.5684800212250773,1.12252363252126,1.090263229965003,1.2947644960127682,-0.784284531867486,0.8381467004446593,0.6014167670256413,0.8449095963652915,0.8425842478969815,1
0.47139168665022824,-0.06556468168733408,1.12252363252126,1.090263229965003,1.2947644960127682,0.916653998188642,0.8381467004446593,0.6014167670256413,0.4611922621848325,1.0665231852294461,1
-0.15366669700730792,-1.5684800212250773,-1.1839330414661757,-0.015620609228609717,-0.0544755675670345,-0.29830209470859204,0.8381467004446593,0.6014167670256413,-1.3614650751723478,0.5066758418982846,0
-0.30993129292169125,-0.06556468168733408,-1.1839330414661757,-1.1215044484222225,-1.2810574435486735,-0.055310876129146085,-1.1931085566160113,-1.6627404735414788,-0.8818184074467741,-0.3890799074315736,0
-0.30993129292169125,-1.5684800212250773,-1.1839330414661757,-0.015620609228609717,-1.8943483815394928,-2.485223061923614,-1.1931085566160113,0.6014167670256413,-1.3614650751723478,-1.1728661880951996,0
0.3151270907358449,-0.06556468168733408,1.12252363252126,-0.015620609228609717,0.31349899522745717,-0.5412933132880401,-1.1931085566160113,0.6014167670256413,-1.3614650751723478,-0.6130188447640381,0
1.0964500703077644,-1.5684800212250773,1.12252363252126,2.1961470691586156,0.06818262003112939,0.673662779609194,-1.1931085566160113,0.6014167670256413,1.9001322653615538,-0.16514097009910902,0
0.0025978989070768233,-1.5684800212250773,-2.3371613784598937,-0.015620609228609717,-0.1771337551651984,-1.513258187605826,0.8381467004446593,0.6014167670256413,-1.3614650751723478,-1.396805125427664,0
0.15886249482146017,1.4373506578504092,-0.030704704472457878,1.090263229965003,-0.2997919427633623,-0.29830209470859204,0.8381467004446593,-1.6627404735414788,-1.1696064080821185,-0.6130188447640381,0
-0.30993129292169125,1.4373506578504092,-0.030704704472457878,-1.1215044484222225,-0.0544755675670345,0.43067156102974796,0.8381467004446593,0.6014167670256413,1.2286269305457505,0.8425842478969815,1
0.0025978989070768233,1.4373506578504092,1.12252363252126,1.090263229965003,0.9267899332182766,1.159645216768088,0.8381467004446593,0.6014167670256413,0.7489802628201767,1.2904621225619106,1
0.15886249482146017,-0.06556468168733408,-1.1839330414661757,-1.1215044484222225,-1.6490320063431652,-1.513258187605826,0.8381467004446593,0.6014167670256413,-0.6899597403565446,-0.8369577820965027,1
-0.4661958888360746,-0.06556468168733408,1.12252363252126,-0.015620609228609717,-2.2623229443339845,1.159645216768088,-1.1931085566160113,-1.6627404735414788,-1.0736770745370037,-0.16514097009910902,0
0.0025978989070768233,-1.5684800212250773,1.12252363252126,-0.015620609228609717,0.5588153704237849,-0.29830209470859204,0.8381467004446593,-1.6627404735414788,-0.21031307263097082,1.1784926538956784,0
-1.8725772520655304,-1.5684800212250773,-1.1839330414661757,-0.015620609228609717,0.06818262003112939,-2.2422318433441673,0.8381467004446593,0.6014167670256413,-0.8818184074467741,-0.948927250762735,0
-0.7787250806648427,-0.06556468168733408,-0.030704704472457878,1.090263229965003,-1.1583992559505094,-0.5412933132880401,-1.1931085566160113,-1.6627404735414788,-0.7858890739016593,-0.6130188447640381,0
-1.5600480602367621,1.4373506578504092,-1.1839330414661757,1.090263229965003,-1.0357410683523456,-0.784284531867486,-1.1931085566160113,0.6014167670256413,-1.3614650751723478,-1.0608967194289673,0
-0.15366669700730792,-1.5684800212250773,-1.1839330414661757,-0.015620609228609717,-1.771690193941329,-0.5412933132880401,-1.1931085566160113,-1.6627404735414788,-0.4021717397212003,-1.2848356567614319,0
-0.15366669700730792,-1.5684800212250773,-1.1839330414661757,-0.015620609228609717,-2.1396647567358205,-0.5412933132880401,-1.1931085566160113,-1.6627404735414788,-1.3614650751723478,-1.1728661880951996,0
0.15886249482146017,-1.5684800212250773,-1.1839330414661757,-0.015620609228609717,-0.2997919427633623,-0.5412933132880401,0.8381467004446593,0.6014167670256413,-1.3614650751723478,-0.5010493760978059,0
0.3151270907358449,1.4373506578504092,1.12252363252126,-1.1215044484222225,0.5588153704237849,0.916653998188642,-1.1931085566160113,0.6014167670256413,0.07747492800437346,-0.6130188447640381,0
-0.30993129292169125,-1.5684800212250773,-0.030704704472457878,-0.015620609228609717,-1.6490320063431652,-1.0272757504469332,-1.1931085566160113,0.6014167670256413,-1.3614650751723478,-1.5087745940938964,0
1.7215084539653005,-0.06556468168733408,1.12252363252126,1.090263229965003,1.2947644960127682,0.673662779609194,0.8381467004446593,0.6014167670256413,1.3245562640908652,0.9545537165632137,1
-0.4661958888360746,-0.06556468168733408,-1.1839330414661757,-1.1215044484222225,-2.2623229443339845,-0.5412933132880401,-1.1931085566160113,0.6014167670256413,-1.3614650751723478,-0.2771104387653413,1
1.8777730498796839,-0.06556468168733408,1.12252363252126,-1.1215044484222225,0.43615718282562105,1.159645216768088,0.8381467004446593,0.6014167670256413,0.7489802628201767,0.17076743589958782,1
-1.4037834643223788,-0.06556468168733408,-1.1839330414661757,-0.015620609228609717,-1.6490320063431652,-0.5412933132880401,-1.1931085566160113,-1.6627404735414788,-1.3614650751723478,0.3947063732320524,0
0.47139168665022824,-1.5684800212250773,-0.030704704472457878,-1.1215044484222225,-0.4224501303615262,0.673662779609194,0.8381467004446593,0.6014167670256413,-1.265535741627233,1.4024315912281429,1
1.2527146662221478,1.4373506578504092,1.12252363252126,1.090263229965003,1.2947644960127682,1.159645216768088,0.8381467004446593,0.6014167670256413,0.9408389299104063,0.7306147792307492,1
0.0025978989070768233,1.4373506578504092,-1.1839330414661757,-0.015620609228609717,0.06818262003112939,0.916653998188642,0.8381467004446593,0.6014167670256413,-1.265535741627233,1.1784926538956784,1
-0.30993129292169125,-1.5684800212250773,-1.1839330414661757,-1.1215044484222225,-2.3849811319321486,-1.2702669690263801,-1.1931085566160113,-1.6627404735414788,-1.3614650751723478,-0.8369577820965027,0
0.6276562825646116,-1.5684800212250773,-0.030704704472457878,-1.1215044484222225,0.06818262003112939,0.43067156102974796,-1.1931085566160113,0.6014167670256413,-0.0184544055407413,0.9545537165632137,0
0.3151270907358449,-0.06556468168733408,1.12252363252126,1.090263229965003,1.0494481208164406,0.43067156102974796,0.8381467004446593,-1.6627404735414788,1.9960615989066686,-0.6130188447640381,1
0.15886249482146017,-1.5684800212250773,-0.030704704472457878,-1.1215044484222225,-0.667766505557854,-0.055310876129146085,-1.1931085566160113,-1.6627404735414788,-1.265535741627233,-1.1728661880951996,0
0.6276562825646116,-0.06556468168733408,-0.030704704472457878,-1.1215044484222225,-0.667766505557854,0.916653998188642,0.8381467004446593,0.6014167670256413,-0.7858890739016593,-0.6130188447640381,0
1.8777730498796839,-0.06556468168733408,1.12252363252126,-0.015620609228609717,0.5588153704237849,1.159645216768088,0.8381467004446593,0.6014167670256413,1.2286269305457505,0.7306147792307492,0
-1.716312656151147,-0.06556468168733408,1.12252363252126,-1.1215044484222225,0.19084080762929329,0.18768034245030202,-1.1931085566160113,0.6014167670256413,0.653050929275062,-1.0608967194289673,0
0.15886249482146017,-0.06556468168733408,-0.030704704472457878,-0.015620609228609717,0.5588153704237849,0.916653998188642,0.8381467004446593,-1.6627404735414788,1.036768263455521,0.3947063732320524,0
0.3151270907358449,1.4373506578504092,1.12252363252126,1.090263229965003,0.31349899522745717,0.673662779609194,0.8381467004446593,-1.6627404735414788,0.269333595094603,1.4024315912281429,0
0.47139168665022824,1.4373506578504092,1.12252363252126,1.090263229965003,1.2947644960127682,1.159645216768088,0.8381467004446593,0.6014167670256413,0.8449095963652915,1.4024315912281429,1
0.47139168665022824,-0.06556468168733408,-0.030704704472457878,-1.1215044484222225,0.9267899332182766,-1.7562494061852731,-1.1931085566160113,0.6014167670256413,-1.3614650751723478,-1.5087745940938964,0
1.0964500703077644,-0.06556468168733408,-1.1839330414661757,-1.1215044484222225,-0.9130828807541818,-1.2702669690263801,-1.1931085566160113,-1.6627404735414788,-0.9777477409918889,-1.396805125427664,0
0.9401854743933811,1.4373506578504092,1.12252363252126,1.090263229965003,1.2947644960127682,-0.055310876129146085,0.8381467004446593,0.6014167670256413,0.5571215957299472,1.0665231852294461,0
-0.15366669700730792,-0.06556468168733408,-1.1839330414661757,1.090263229965003,-0.667766505557854,-0.055310876129146085,-1.1931085566160113,0.6014167670256413,-1.3614650751723478,-0.948927250762735,1
-0.6224604847504593,-1.5684800212250773,-0.030704704472457878,-0.015620609228609717,-0.0544755675670345,-0.29830209470859204,0.8381467004446593,-1.6627404735414788,0.8449095963652915,-0.6130188447640381,0
0.6276562825646116,-0.06556468168733408,1.12252363252126,-0.015620609228609717,-1.0357410683523456,-0.5412933132880401,0.8381467004446593,0.6014167670256413,1.5164149311810948,0.2827369045658201,0
-1.8725772520655304,-0.06556468168733408,-1.1839330414661757,-1.1215044484222225,0.6814735580219489,-1.7562494061852731,-1.1931085566160113,-1.6627404735414788,-1.3614650751723478,-0.2771104387653413,0
0.7839208784789949,-0.06556468168733408,1.12252363252126,-1.1215044484222225,-0.0544755675670345,-0.055310876129146085,0.8381467004446593,-1.6627404735414788,-1.0736770745370037,0.2827369045658201,0
0.47139168665022824,-0.06556468168733408,-0.030704704472457878,-1.1215044484222225,0.06818262003112939,0.18768034245030202,-1.1931085566160113,-1.6627404735414788,-1.3614650751723478,-0.2771104387653413,0
1.0964500703077644,-0.06556468168733408,1.12252363252126,-1.1215044484222225,-1.1583992559505094,1.159645216768088,0.8381467004446593,0.6014167670256413,0.9408389299104063,0.7306147792307492,1
-1.8725772520655304,-1.5684800212250773,-1.1839330414661757,-1.1215044484222225,-0.9130828807541818,-1.7562494061852731,-1.1931085566160113,-1.6627404735414788,-0.8818184074467741,-1.732713531426361,0
-1.8725772520655304,-0.06556468168733408,-1.1839330414661757,-0.015620609228609717,-0.4224501303615262,-1.0272757504469332,0.8381467004446593,0.6014167670256413,-0.11438373908585606,-1.396805125427664,0
1.0964500703077644,-0.06556468168733408,1.12252363252126,1.090263229965003,1.0494481208164406,0.43067156102974796,0.8381467004446593,0.6014167670256413,0.3652629286397177,0.8425842478969815,1
-1.247518868407994,-1.5684800212250773,1.12252363252126,-1.1215044484222225,0.6814735580219489,1.159645216768088,-1.1931085566160113,-1.6627404735414788,-1.0736770745370037,-1.8446830000925933,0
0.3151270907358449,-0.06556468168733408,1.12252363252126,1.090263229965003,0.19084080762929329,1.159645216768088,-1.1931085566160113,0.6014167670256413,0.4611922621848325,0.618645310564517,1
-1.8725772520655304,-0.06556468168733408,-1.1839330414661757,-1.1215044484222225,-2.3849811319321486,-1.99924062476472,-1.1931085566160113,0.6014167670256413,-0.9777477409918889,-0.05317150143287675,0
0.0025978989070768233,-0.06556468168733408,-1.1839330414661757,-1.1215044484222225,-0.9130828807541818,0.18768034245030202,-1.1931085566160113,-1.6627404735414788,0.269333595094603,-0.6130188447640381,0
-0.15366669700730792,-0.06556468168733408,-1.1839330414661757,-1.1215044484222225,-0.7904246931560178,-1.513258187605826,-1.1931085566160113,0.6014167670256413,-1.3614650751723478,-1.1728661880951996,0
-1.8725772520655304,1.4373506578504092,-0.030704704472457878,1.090263229965003,0.9267899332182766,0.916653998188642,0.8381467004446593,0.6014167670256413,0.07747492800437346,0.8425842478969815,1
0.0025978989070768233,-0.06556468168733408,-0.030704704472457878,-1.1215044484222225,-1.0357410683523456,-0.784284531867486,0.8381467004446593,0.6014167670256413,-1.1696064080821185,-0.5010493760978059,0
-1.5600480602367621,-0.06556468168733408,-1.1839330414661757,-1.1215044484222225,-0.4224501303615262,-0.29830209470859204,-1.1931085566160113,-1.6627404735414788,-0.7858890739016593,-1.2848356567614319,1
-1.247518868407994,-0.06556468168733408,-0.030704704472457878,-1.1215044484222225,0.6814735580219489,1.159645216768088,0.8381467004446593,0.6014167670256413,0.3652629286397177,1.4024315912281429,1
-0.30993129292169125,-1.5684800212250773,-1.1839330414661757,-1.1215044484222225,-0.9130828807541818,-0.5412933132880401,-1.1931085566160113,-1.6627404735414788,-1.3614650751723478,-0.6130188447640381,0
0.0025978989070768233,-0.06556468168733408,-1.1839330414661757,1.090263229965003,-0.4224501303615262,0.18768034245030202,-1.1931085566160113,-1.6627404735414788,-0.30624240617608556,-0.7249883134302705,0
0.47139168665022824,-0.06556468168733408,1.12252363252126,1.090263229965003,1.1721063084146044,-0.055310876129146085,0.8381467004446593,0.6014167670256413,1.42048559763598,1.5144010598943751,1
-0.4661958888360746,-0.06556468168733408,-0.030704704472457878,-0.015620609228609717,-1.6490320063431652,-1.99924062476472,-1.1931085566160113,-1.6627404735414788,-1.3614650751723478,-1.0608967194289673,0
-1.716312656151147,-1.5684800212250773,-1.1839330414661757,-1.1215044484222225,-0.7904246931560178,-0.055310876129146085,0.8381467004446593,0.6014167670256413,-1.0736770745370037,-0.7249883134302705,0
0.15886249482146017,-1.5684800212250773,-1.1839330414661757,-1.1215044484222225,-0.7904246931560178,-0.784284531867486,-1.1931085566160113,-1.6627404735414788,-1.265535741627233,-0.2771104387653413,0
-0.15366669700730792,-0.06556468168733408,-1.1839330414661757,-0.015620609228609717,0.43615718282562105,0.43067156102974796,0.8381467004446593,0.6014167670256413,0.4611922621848325,0.5066758418982846,0
-0.4661958888360746,-0.06556468168733408,-1.1839330414661757,-1.1215044484222225,-0.667766505557854,-1.2702669690263801,-1.1931085566160113,0.6014167670256413,-1.3614650751723478,-0.5010493760978059,0
1.0964500703077644,1.4373506578504092,1.12252363252126,1.090263229965003,-0.0544755675670345,0.18768034245030202,0.8381467004446593,-1.6627404735414788,1.036768263455521,0.5066758418982846,0
-1.0912542724936107,-0.06556468168733408,-1.1839330414661757,-0.015620609228609717,-0.1771337551651984,0.916653998188642,-1.1931085566160113,-1.6627404735414788,-1.3614650751723478,-0.6130188447640381,0
1.2527146662221478,1.4373506578504092,1.12252363252126,2.1961470691586156,1.2947644960127682,0.916653998188642,0.8381467004446593,0.6014167670256413,0.9408389299104063,1.2904621225619106,1
-0.7787250806648427,-0.06556468168733408,-1.1839330414661757,-1.1215044484222225,-1.0357410683523456,-1.2702669690263801,-1.1931085566160113,0.6014167670256413,-0.6899597403565446,-1.732713531426361,0
-0.6224604847504593,-0.06556468168733408,-1.1839330414661757,1.090263229965003,-0.0544755675670345,0.18768034245030202,-1.1931085566160113,0.6014167670256413,-0.8818184074467741,-0.3890799074315736,0
-0.30993129292169125,-1.5684800212250773,-0.030704704472457878,-1.1215044484222225,-0.667766505557854,-1.513258187605826,-1.1931085566160113,0.6014167670256413,-1.3614650751723478,-0.2771104387653413,0
0.0025978989070768233,1.4373506578504092,1.12252363252126,-1.1215044484222225,1.2947644960127682,0.673662779609194,0.8381467004446593,-1.6627404735414788,-1.3614650751723478,0.618645310564517,0
0.47139168665022824,1.4373506578504092,-1.1839330414661757,1.090263229965003,-0.2997919427633623,0.18768034245030202,0.8381467004446593,0.6014167670256413,-1.265535741627233,0.058797967233355536,0
0.0025978989070768233,-0.06556468168733408,-1.1839330414661757,-1.1215044484222225,-0.2997919427633623,-0.784284531867486,-1.1931085566160113,0.6014167670256413,-1.3614650751723478,-0.5010493760978059,0
-0.6224604847504593,-0.06556468168733408,-1.1839330414661757,-1.1215044484222225,0.5588153704237849,-1.0272757504469332,-1.1931085566160113,0.6014167670256413,-1.3614650751723478,-0.6130188447640381,0
-1.8725772520655304,-0.06556468168733408,-0.030704704472457878,-0.015620609228609717,-0.1771337551651984,-0.5412933132880401,-1.1931085566160113,-1.6627404735414788,0.8449095963652915,-1.2848356567614319,0
-0.4661958888360746,-0.06556468168733408,-1.1839330414661757,-1.1215044484222225,0.06818262003112939,1.159645216768088,-1.1931085566160113,0.6014167670256413,-0.4981010732663151,-0.16514097009910902,0
-0.4661958888360746,1.4373506578504092,1.12252363252126,-1.1215044484222225,0.06818262003112939,-0.784284531867486,-1.1931085566160113,0.6014167670256413,0.9408389299104063,-1.396805125427664,0
-0.15366669700730792,-0.06556468168733408,-1.1839330414661757,-0.015620609228609717,-2.017006569137657,-1.2702669690263801,-1.1931085566160113,-1.6627404735414788,-0.6899597403565446,-1.6207440627601286,0
0.6276562825646116,-0.06556468168733408,-0.030704704472457878,-0.015620609228609717,0.5588153704237849,-0.055310876129146085,0.8381467004446593,0.6014167670256413,0.7489802628201767,0.9545537165632137,0
1.4089792621365311,-0.06556468168733408,1.12252363252126,2.1961470691586156,1.2947644960127682,1.159645216768088,0.8381467004446593,0.6014167670256413,0.269333595094603,1.1784926538956784,1
1.8777730498796839,1.4373506578504092,1.12252363252126,1.090263229965003,1.2947644960127682,1.159645216768088,0.8381467004446593,0.6014167670256413,0.269333595094603,1.0665231852294461,1
-0.4661958888360746,-0.06556468168733408,1.12252363252126,-1.1215044484222225,0.43615718282562105,-1.2702669690263801,-1.1931085566160113,0.6014167670256413,-0.0184544055407413,1.1784926538956784,0
-1.5600480602367621,-1.5684800212250773,-1.1839330414661757,-1.1215044484222225,-0.0544755675670345,-0.29830209470859204,-1.1931085566160113,-1.6627404735414788,-0.6899597403565446,-0.8369577820965027,0
-0.30993129292169125,1.4373506578504092,-0.030704704472457878,-0.015620609228609717,-2.017006569137657,-0.784284531867486,0.8381467004446593,0.6014167670256413,-1.3614650751723478,-0.7249883134302705,0
0.9401854743933811,1.4373506578504092,1.12252363252126,1.090263229965003,0.8041317456201127,0.673662779609194,0.8381467004446593,0.6014167670256413,0.9408389299104063,1.0665231852294461,1
0.6276562825646116,-0.06556468168733408,-0.030704704472457878,-1.1215044484222225,0.19084080762929329,-0.29830209470859204,-1.1931085566160113,-1.6627404735414788,-1.3614650751723478,-0.5010493760978059,0
0.9401854743933811,-0.06556468168733408,-0.030704704472457878,1.090263229965003,1.1721063084146044,0.673662779609194,0.8381467004446593,0.6014167670256413,0.9408389299104063,1.0665231852294461,1
0.7839208784789949,1.4373506578504092,-1.1839330414661757,-1.1215044484222225,-0.667766505557854,0.43067156102974796,0.8381467004446593,0.6014167670256413,0.7489802628201767,-0.8369577820965027,0
-0.30993129292169125,-0.06556468168733408,-1.1839330414661757,-0.015620609228609717,-1.771690193941329,0.43067156102974796,-1.1931085566160113,-1.6627404735414788,-1.3614650751723478,-0.8369577820965027,0
1.4089792621365311,-0.06556468168733408,1.12252363252126,-0.015620609228609717,1.2947644960127682,1.159645216768088,0.8381467004446593,0.6014167670256413,0.269333595094603,0.9545537165632137,0
-1.8725772520655304,-1.5684800212250773,-1.1839330414661757,1.090263229965003,0.6814735580219489,-1.7562494061852731,-1.1931085566160113,-1.6627404735414788,-0.11438373908585606,-0.6130188447640381,0
-0.30993129292169125,-0.06556468168733408,-1.1839330414661757,-0.015620609228609717,-1.1583992559505094,-0.784284531867486,0.8381467004446593,0.6014167670256413,-1.3614650751723478,-1.1728661880951996,0
-0.6224604847504593,-0.06556468168733408,-0.030704704472457878,-0.015620609228609717,-0.0544755675670345,-1.2702669690263801,-1.1931085566160113,0.6014167670256413,-1.0736770745370037,-0.16514097009910902,0
0.9401854743933811,1.4373506578504092,1.12252363252126,1.090263229965003,1.1721063084146044,-1.0272757504469332,0.8381467004446593,0.6014167670256413,0.8449095963652915,1.5144010598943751,0
1.2527146662221478,1.4373506578504092,-1.1839330414661757,-0.015620609228609717,-0.7904246931560178,0.43067156102974796,0.8381467004446593,-1.6627404735414788,-0.4981010732663151,0.5066758418982846,0
0.7839208784789949,1.4373506578504092,1.12252363252126,1.090263229965003,1.2947644960127682,1.159645216768088,0.8381467004446593,0.6014167670256413,1.804202931816439,0.8425842478969815,1
-0.9349896765792275,-0.06556468168733408,-0.030704704472457878,-1.1215044484222225,-1.0357410683523456,1.159645216768088,0.8381467004446593,-1.6627404735414788,-0.7858890739016593,-1.5087745940938964,0
0.7839208784789949,1.4373506578504092,-0.030704704472457878,1.090263229965003,1.2947644960127682,-0.055310876129146085,0.8381467004446593,0.6014167670256413,0.3652629286397177,0.618645310564517,1
-0.6224604847504593,-0.06556468168733408,-1.1839330414661757,-0.015620609228609717,-0.4224501303615262,-0.5412933132880401,-1.1931085566160113,0.6014167670256413,1.036768263455521,-0.7249883134302705,0
0.47139168665022824,-0.06556468168733408,1.12252363252126,-1.1215044484222225,0.06818262003112939,-0.784284531867486,0.8381467004446593,0.6014167670256413,1.3245562640908652,-0.7249883134302705,0
-0.30993129292169125,1.4373506578504092,-0.030704704472457878,-0.015620609228609717,-0.5451083179596901,-0.29830209470859204,0.8381467004446593,0.6014167670256413,-0.4021717397212003,1.2904621225619106,0
0.0025978989070768233,-0.06556468168733408,-0.030704704472457878,-1.1215044484222225,1.0494481208164406,1.159645216768088,0.8381467004446593,0.6014167670256413,0.07747492800437346,1.1784926538956784,1
-0.15366669700730792,-0.06556468168733408,-1.1839330414661757,-1.1215044484222225,-1.0357410683523456,-0.5412933132880401,-1.1931085566160113,0.6014167670256413,-0.8818184074467741,-0.6130188447640381,0
0.0025978989070768233,-1.5684800212250773,-1.1839330414661757,-1.1215044484222225,-0.0544755675670345,1.159645216768088,-1.1931085566160113,0.6014167670256413,-1.0736770745370037,-0.3890799074315736,0
0.47139168665022824,-0.06556468168733408,1.12252363252126,-0.015620609228609717,-0.2997919427633623,0.43067156102974796,0.8381467004446593,0.6014167670256413,0.1734042615494882,1.1784926538956784,0
-0.30993129292169125,-0.06556468168733408,-1.1839330414661757,-0.015620609228609717,-2.3849811319321486,-1.7562494061852731,-1.1931085566160113,0.6014167670256413,-1.3614650751723478,-1.1728661880951996,0
-1.716312656151147,-1.5684800212250773,-1.1839330414661757,1.090263229965003,-1.4037156311468373,-0.5412933132880401,-1.1931085566160113,-1.6627404735414788,-0.8818184074467741,-1.0608967194289673,0
-0.15366669700730792,-0.06556468168733408,-1.1839330414661757,-1.1215044484222225,-0.1771337551651984,-1.7562494061852731,0.8381467004446593,0.6014167670256413,-1.265535741627233,-0.6130188447640381,0
0.7839208784789949,-1.5684800212250773,1.12252363252126,1.090263229965003,-0.1771337551651984,1.159645216768088,0.8381467004446593,-1.6627404735414788,-0.7858890739016593,-0.3890799074315736,1
0.15886249482146017,-0.06556468168733408,1.12252363252126,1.090263229965003,-0.5451083179596901,-0.055310876129146085,0.8381467004446593,0.6014167670256413,-1.3614650751723478,0.5066758418982846,0
-0.4661958888360746,-0.06556468168733408,-1.1839330414661757,-1.1215044484222225,-1.6490320063431652,0.18768034245030202,-1.1931085566160113,-1.6627404735414788,-1.3614650751723478,-0.5010493760978059,0
-0.30993129292169125,-1.5684800212250773,-1.1839330414661757,-0.015620609228609717,-1.526373818745001,0.18768034245030202,-1.1931085566160113,0.6014167670256413,1.036768263455521,-1.6207440627601286,0
-0.9349896765792275,-1.5684800212250773,-0.030704704472457878,-1.1215044484222225,-1.526373818745001,-2.7282142805030603,-1.1931085566160113,-1.6627404735414788,-1.1696064080821185,-1.9566524687588256,0
0.9401854743933811,1.4373506578504092,1.12252363252126,1.090263229965003,1.2947644960127682,1.159645216768088,0.8381467004446593,0.6014167670256413,0.653050929275062,0.9545537165632137,1
-0.4661958888360746,-0.06556468168733408,-0.030704704472457878,-1.1215044484222225,-0.0544755675670345,-0.29830209470859204,-1.1931085566160113,0.6014167670256413,0.9408389299104063,-0.3890799074315736,1
-0.15366669700730792,-0.06556468168733408,1.12252363252126,-1.1215044484222225,-1.4037156311468373,-0.29830209470859204,0.8381467004446593,0.6014167670256413,1.804202931816439,0.8425842478969815,0
0.9401854743933811,-1.5684800212250773,1.12252363252126,-1.1215044484222225,0.9267899332182766,0.18768034245030202,0.8381467004446593,0.6014167670256413,0.1734042615494882,-0.948927250762735,1
-1.716312656151147,-0.06556468168733408,-1.1839330414661757,-0.015620609228609717,0.31349899522745717,-1.513258187605826,-1.1931085566160113,0.6014167670256413,-1.3614650751723478,-1.6207440627601286,1
-1.8725772520655304,-0.06556468168733408,-1.1839330414661757,-0.015620609228609717,-2.017006569137657,0.43067156102974796,-1.1931085566160113,-1.6627404735414788,-0.9777477409918889,-0.6130188447640381,0
1.5652438580509145,1.4373506578504092,1.12252363252126,-1.1215044484222225,0.06818262003112939,-0.5412933132880401,0.8381467004446593,0.6014167670256413,0.1734042615494882,0.3947063732320524,1
-1.8725772520655304,-0.06556468168733408,-2.3371613784598937,-1.1215044484222225,1.0494481208164406,0.916653998188642,0.8381467004446593,0.6014167670256413,0.4611922621848325,-0.8369577820965027,1
-1.8725772520655304,-0.06556468168733408,-1.1839330414661757,-1.1215044484222225,-0.667766505557854,-1.99924062476472,-1.1931085566160113,-1.6627404735414788,0.4611922621848325,-1.396805125427664,0
0.0025978989070768233,-0.06556468168733408,-1.1839330414661757,-0.015620609228609717,-1.1583992559505094,-0.055310876129146085,0.8381467004446593,0.6014167670256413,0.5571215957299472,-0.5010493760978059,0
1.2527146662221478,-0.06556468168733408,1.12252363252126,-1.1215044484222225,1.0494481208164406,0.916653998188642,0.8381467004446593,0.6014167670256413,0.653050929275062,0.9545537165632137,1
-1.8725772520655304,-0.06556468168733408,-1.1839330414661757,-1.1215044484222225,-0.1771337551651984,-0.5412933132880401,0.8381467004446593,0.6014167670256413,0.5571215957299472,1.0665231852294461,0
0.0025978989070768233,-0.06556468168733408,-0.030704704472457878,-0.015620609228609717,-1.526373818745001,-1.2702669690263801,-1.1931085566160113,0.6014167670256413,0.5571215957299472,-1.6207440627601286,0
0.3151270907358449,-0.06556468168733408,1.12252363252126,-0.015620609228609717,0.31349899522745717,0.43067156102974796,0.8381467004446593,0.6014167670256413,0.7489802628201767,0.7306147792307492,1
0.0025978989070768233,-0.06556468168733408,-0.030704704472457878,-1.1215044484222225,-0.7904246931560178,1.159645216768088,-1.1931085566160113,0.6014167670256413,-0.9777477409918889,-1.0608967194289673,0
0.3151270907358449,1.4373506578504092,-0.030704704472457878,-1.1215044484222225,-1.0357410683523456,0.18768034245030202,0.8381467004446593,-1.6627404735414788,-1.3614650751723478,-0.6130188447640381,0
0.15886249482146017,-1.5684800212250773,-1.1839330414661757,-1.1215044484222225,-2.2623229443339845,-1.2702669690263801,-1.1931085566160113,-1.6627404735414788,-0.8818184074467741,-0.3890799074315736,0
1.7215084539653005,1.4373506578504092,-1.1839330414661757,1.090263229965003,0.43615718282562105,1.159645216768088,0.8381467004446593,0.6014167670256413,1.42048559763598,1.4024315912281429,1
-1.716312656151147,-1.5684800212250773,-1.1839330414661757,-0.015620609228609717,-1.526373818745001,-0.055310876129146085,-1.1931085566160113,0.6014167670256413,-1.265535741627233,-1.0608967194289673,0
1.0964500703077644,1.4373506578504092,-1.1839330414661757,-1.1215044484222225,1.2947644960127682,1.159645216768088,0.8381467004446593,0.6014167670256413,-0.5940304068114298,0.8425842478969815,0
0.6276562825646116,1.4373506578504092,1.12252363252126,-1.1215044484222225,1.2947644960127682,0.673662779609194,0.8381467004446593,0.6014167670256413,1.036768263455521,0.7306147792307492,1
-1.4037834643223788,-0.06556468168733408,-1.1839330414661757,-1.1215044484222225,-1.4037156311468373,-2.971205499082507,-1.1931085566160113,-1.6627404735414788,-1.3614650751723478,-0.7249883134302705,0
-0.30993129292169125,-1.5684800212250773,-1.1839330414661757,-0.015620609228609717,-2.1396647567358205,-1.513258187605826,-1.1931085566160113,-1.6627404735414788,-1.3614650751723478,-1.0608967194289673,0
1.2527146662221478,-0.06556468168733408,1.12252363252126,1.090263229965003,1.2947644960127682,0.916653998188642,0.8381467004446593,0.6014167670256413,0.653050929275062,1.4024315912281429,1
0.15886249482146017,-0.06556468168733408,1.12252363252126,-0.015620609228609717,0.06818262003112939,1.159645216768088,0.8381467004446593,-1.6627404735414788,-0.7858890739016593,0.7306147792307492,0
0.0025978989070768233,-0.06556468168733408,-0.030704704472457878,-0.015620609228609717,0.19084080762929329,-1.7562494061852731,0.8381467004446593,0.6014167670256413,0.07747492800437346,-1.2848356567614319,1
-0.30993129292169125,-0.06556468168733408,-0.030704704472457878,-0.015620609228609717,-1.2810574435486735,-2.7282142805030603,-1.1931085566160113,0.6014167670256413,-1.3614650751723478,-1.0608967194289673,0
0.6276562825646116,-0.06556468168733408,-0.030704704472457878,1.090263229965003,0.5588153704237849,0.43067156102974796,0.8381467004446593,0.6014167670256413,-0.6899597403565446,1.0665231852294461,1
-0.30993129292169125,-0.06556468168733408,-1.1839330414661757,-1.1215044484222225,-1.1583992559505094,-1.0272757504469332,-1.1931085566160113,-1.6627404735414788,-1.265535741627233,0.058797967233355536,0
0.15886249482146017,-0.06556468168733408,1.12252363252126,2.1961470691586156,-0.2997919427633623,0.43067156102974796,0.8381467004446593,0.6014167670256413,0.269333595094603,0.5066758418982846,1
1.5652438580509145,1.4373506578504092,1.12252363252126,1.090263229965003,-0.2997919427633623,1.159645216768088,0.8381467004446593,-1.6627404735414788,1.9001322653615538,1.4024315912281429,1
-0.30993129292169125,-0.06556468168733408,-0.030704704472457878,-1.1215044484222225,0.5588153704237849,0.43067156102974796,-1.1931085566160113,-1.6627404735414788,-1.3614650751723478,-0.948927250762735,0
1.0964500703077644,-0.06556468168733408,-1.1839330414661757,1.090263229965003,0.19084080762929329,0.673662779609194,0.8381467004446593,0.6014167670256413,0.07747492800437346,-0.5010493760978059,1
-0.30993129292169125,-0.06556468168733408,-1.1839330414661757,-1.1215044484222225,0.19084080762929329,-1.2702669690263801,0.8381467004446593,0.6014167670256413,-0.8818184074467741,-1.1728661880951996,0
-0.4661958888360746,-0.06556468168733408,-0.030704704472457878,1.090263229965003,0.06818262003112939,-0.29830209470859204,0.8381467004446593,0.6014167670256413,0.3652629286397177,-0.948927250762735,1
0.9401854743933811,1.4373506578504092,1.12252363252126,1.090263229965003,1.2947644960127682,1.159645216768088,0.8381467004446593,0.6014167670256413,0.8449095963652915,-0.948927250762735,1
1.2527146662221478,-0.06556468168733408,1.12252363252126,-1.1215044484222225,0.5588153704237849,0.916653998188642,0.8381467004446593,0.6014167670256413,-1.0736770745370037,1.1784926538956784,1
0.0025978989070768233,-1.5684800212250773,-0.030704704472457878,-1.1215044484222225,-1.1583992559505094,-0.784284531867486,-1.1931085566160113,0.6014167670256413,-1.3614650751723478,-0.948927250762735,0
0.3151270907358449,-0.06556468168733408,-1.1839330414661757,1.090263229965003,-0.667766505557854,1.159645216768088,0.8381467004446593,-1.6627404735414788,1.036768263455521,0.5066758418982846,0
-1.8725772520655304,-0.06556468168733408,-0.030704704472457878,2.1961470691586156,0.19084080762929329,-0.29830209470859204,-1.1931085566160113,0.6014167670256413,-1.1696064080821185,-0.8369577820965027,0
-0.15366669700730792,1.4373506578504092,1.12252363252126,1.090263229965003,0.19084080762929329,-0.055310876129146085,0.8381467004446593,0.6014167670256413,1.6123442647262096,-0.6130188447640381,1
0.3151270907358449,-0.06556468168733408,-0.030704704472457878,-0.015620609228609717,0.06818262003112939,-0.055310876129146085,-1.1931085566160113,-1.6627404735414788,-1.0736770745370037,-0.5010493760978059,0
0.6276562825646116,1.4373506578504092,1.12252363252126,1.090263229965003,-0.2997919427633623,0.43067156102974796,0.8381467004446593,0.6014167670256413,1.42048559763598,-0.7249883134302705,0
-0.30993129292169125,-0.06556468168733408,-0.030704704472457878,-1.1215044484222225,-0.0544755675670345,-0.055310876129146085,-1.1931085566160113,0.6014167670256413,-1.0736770745370037,-0.8369577820965027,0
1.4089792621365311,-0.06556468168733408,-1.1839330414661757,1.090263229965003,1.2947644960127682,0.916653998188642,0.8381467004446593,0.6014167670256413,1.7082735982713242,-0.948927250762735,1
-1.8725772520655304,-0.06556468168733408,-1.1839330414661757,2.1961470691586156,0.9267899332182766,-0.29830209470859204,0.8381467004446593,0.6014167670256413,1.036768263455521,0.8425842478969815,1
-0.15366669700730792,1.4373506578504092,-0.030704704472457878,-0.015620609228609717,0.5588153704237849,1.159645216768088,0.8381467004446593,0.6014167670256413,1.9960615989066686,1.0665231852294461,0
0.9401854743933811,-1.5684800212250773,-1.1839330414661757,1.090263229965003,0.5588153704237849,0.916653998188642,0.8381467004446593,0.6014167670256413,-0.4021717397212003,-1.1728661880951996,1
-0.30993129292169125,-0.06556468168733408,-1.1839330414661757,2.1961470691586156,-0.2997919427633623,0.18768034245030202,-1.1931085566160113,0.6014167670256413,-1.3614650751723478,-1.1728661880951996,0
0.0025978989070768233,-0.06556468168733408,1.12252363252126,1.090263229965003,0.8041317456201127,0.916653998188642,0.8381467004446593,0.6014167670256413,-0.0184544055407413,1.5144010598943751,1
-0.7787250806648427,-0.06556468168733408,-1.1839330414661757,-0.015620609228609717,-1.4037156311468373,-0.784284531867486,-1.1931085566160113,-1.6627404735414788,-1.0736770745370037,-0.948927250762735,0
-0.4661958888360746,-1.5684800212250773,-1.1839330414661757,-0.015620609228609717,-1.526373818745001,-1.0272757504469332,-1.1931085566160113,0.6014167670256413,-0.9777477409918889,-0.6130188447640381,0
0.0025978989070768233,-1.5684800212250773,1.12252363252126,-1.1215044484222225,-0.667766505557854,-0.29830209470859204,0.8381467004446593,0.6014167670256413,0.4611922621848325,0.7306147792307492,1
1.0964500703077644,1.4373506578504092,1.12252363252126,2.1961470691586156,0.9267899332182766,1.159645216768088,-1.1931085566160113,0.6014167670256413,0.269333595094603,-0.5010493760978059,1
1.0964500703077644,1.4373506578504092,1.12252363252126,-0.015620609228609717,0.43615718282562105,0.673662779609194,0.8381467004446593,0.6014167670256413,0.9408389299104063,0.9545537165632137,1
0.7839208784789949,1.4373506578504092,1.12252363252126,1.090263229965003,0.9267899332182766,1.159645216768088,0.8381467004446593,0.6014167670256413,0.5571215957299472,-0.2771104387653413,1
-0.15366669700730792,-0.06556468168733408,-1.1839330414661757,-1.1215044484222225,-1.8943483815394928,-2.2422318433441673,-1.1931085566160113,-1.6627404735414788,-1.3614650751723478,-1.732713531426361,0
-1.8725772520655304,-1.5684800212250773,-1.1839330414661757,-0.015620609228609717,-1.4037156311468373,-0.5412933132880401,-1.1931085566160113,0.6014167670256413,-1.3614650751723478,-0.7249883134302705,0
1.2527146662221478,-0.06556468168733408,1.12252363252126,-1.1215044484222225,0.8041317456201127,0.673662779609194,0.8381467004446593,-1.6627404735414788,1.9960615989066686,-1.1728661880951996,1
-0.15366669700730792,-0.06556468168733408,-0.030704704472457878,-1.1215044484222225,0.8041317456201127,1.159645216768088,-1.1931085566160113,0.6014167670256413,-0.11438373908585606,-1.0608967194289673,1
-0.30993129292169125,-1.5684800212250773,-0.030704704472457878,-1.1215044484222225,-1.526373818745001,-2.971205499082507,-1.1931085566160113,-1.6627404735414788,-1.3614650751723478,-0.5010493760978059,0
-1.5600480602367621,-1.5684800212250773,-0.030704704472457878,-0.015620609228609717,-1.2810574435486735,0.18768034245030202,0.8381467004446593,0.6014167670256413,-1.3614650751723478,-0.2771104387653413,0
-0.4661958888360746,-0.06556468168733408,-1.1839330414661757,-0.015620609228609717,-0.5451083179596901,-1.513258187605826,-1.1931085566160113,-1.6627404735414788,-0.7858890739016593,-0.7249883134302705,0
-1.8725772520655304,-0.06556468168733408,-0.030704704472457878,-1.1215044484222225,-1.526373818745001,-1.0272757504469332,-1.1931085566160113,-1.6627404735414788,-1.3614650751723478,-0.8369577820965027,0
-1.247518868407994,-0.06556468168733408,-1.1839330414661757,-0.015620609228609717,-2.2623229443339845,0.673662779609194,0.8381467004446593,0.6014167670256413,-1.3614650751723478,-1.1728661880951996,0
-0.6224604847504593,-0.06556468168733408,1.12252363252126,1.090263229965003,0.43615718282562105,0.916653998188642,0.8381467004446593,0.6014167670256413,0.07747492800437346,1.0665231852294461,1
-0.30993129292169125,1.4373506578504092,1.12252363252126,1.090263229965003,0.06818262003112939,0.43067156102974796,0.8381467004446593,0.6014167670256413,0.7489802628201767,-0.8369577820965027,0
-1.8725772520655304,1.4373506578504092,-0.030704704472457878,1.090263229965003,0.6814735580219489,0.18768034245030202,0.8381467004446593,0.6014167670256413,1.42048559763598,0.9545537165632137,1
0.7839208784789949,-1.5684800212250773,-1.1839330414661757,-0.015620609228609717,-1.8943483815394928,-1.0272757504469332,-1.1931085566160113,0.6014167670256413,-1.3614650751723478,0.8425842478969815,0
-1.716312656151147,-1.5684800212250773,-0.030704704472457878,-1.1215044484222225,-0.5451083179596901,-1.0272757504469332,-1.1931085566160113,0.6014167670256413,-1.3614650751723478,-0.6130188447640381,1
-0.30993129292169125,1.4373506578504092,-1.1839330414661757,-1.1215044484222225,-1.0357410683523456,-2.2422318433441673,0.8381467004446593,-1.6627404735414788,1.42048559763598,-1.0608967194289673,0
0.9401854743933811,1.4373506578504092,1.12252363252126,1.090263229965003,1.0494481208164406,1.159645216768088,0.8381467004446593,0.6014167670256413,1.3245562640908652,1.2904621225619106,1
-0.30993129292169125,-0.06556468168733408,1.12252363252126,1.090263229965003,0.31349899522745717,1.159645216768088,0.8381467004446593,-1.6627404735414788,1.1326975970006357,1.5144010598943751,1
-0.15366669700730792,-0.06556468168733408,-1.1839330414661757,1.090263229965003,0.19084080762929329,-1.0272757504469332,-1.1931085566160113,0.6014167670256413,-0.6899597403565446,0.3947063732320524,0
-0.15366669700730792,-0.06556468168733408,-1.1839330414661757,-1.1215044484222225,-1.1583992559505094,0.43067156102974796,-1.1931085566160113,-1.6627404735414788,-0.0184544055407413,-0.05317150143287675,0
-1.0912542724936107,-0.06556468168733408,1.12252363252126,-1.1215044484222225,0.5588153704237849,1.159645216768088,0.8381467004446593,0.6014167670256413,0.269333595094603,1.0665231852294461,1
-1.247518868407994,-0.06556468168733408,-1.1839330414661757,-0.015620609228609717,-1.526373818745001,0.43067156102974796,-1.1931085566160113,0.6014167670256413,-1.3614650751723478,-0.3890799074315736,0
0.6276562825646116,-0.06556468168733408,1.12252363252126,-0.015620609228609717,0.31349899522745717,0.673662779609194,0.8381467004446593,0.6014167670256413,0.8449095963652915,0.058797967233355536,1
0.9401854743933811,-0.06556468168733408,1.12252363252126,1.090263229965003,-0.4224501303615262,1.159645216768088,0.8381467004446593,0.6014167670256413,0.1734042615494882,1.4024315912281429,1
0.6276562825646116,-1.5684800212250773,1.12252363252126,-1.1215044484222225,0.5588153704237849,-2.485223061923614,-1.1931085566160113,-1.6627404735414788,1.6123442647262096,-1.0608967194289673,0
1.0964500703077644,1.4373506578504092,1.12252363252126,1.090263229965003,1.2947644960127682,1.159645216768088,0.8381467004446593,0.6014167670256413,0.1734042615494882,1.1784926538956784,1
0.9401854743933811,-0.06556468168733408,-1.1839330414661757,-0.015620609228609717,-0.5451083179596901,-1.0272757504469332,0.8381467004446593,0.6014167670256413,-1.3614650751723478,-0.16514097009910902,1
-0.6224604847504593,-1.5684800212250773,-1.1839330414661757,-1.1215044484222225,-0.5451083179596901,-1.513258187605826,-1.1931085566160113,-1.6627404735414788,-0.8818184074467741,-0.5010493760978059,0
-0.15366669700730792,-0.06556468168733408,-0.030704704472457878,-1.1215044484222225,-1.526373818745001,-0.29830209470859204,-1.1931085566160113,0.6014167670256413,0.4611922621848325,0.058797967233355536,0
1.4089792621365311,1.4373506578504092,1.12252363252126,1.090263229965003,0.31349899522745717,0.18768034245030202,0.8381467004446593,0.6014167670256413,-0.4981010732663151,0.9545537165632137,1
0.15886249482146017,-0.06556468168733408,-1.1839330414661757,-0.015620609228609717,-0.667766505557854,-2.2422318433441673,0.8381467004446593,0.6014167670256413,-0.4021717397212003,-0.948927250762735,0
-1.8725772520655304,-0.06556468168733408,1.12252363252126,-0.015620609228609717,-0.4224501303615262,1.159645216768088,-1.1931085566160113,0.6014167670256413,-0.4021717397212003,-1.0608967194289673,0
1.0964500703077644,-1.5684800212250773,1.12252363252126,1.090263229965003,1.2947644960127682,-0.055310876129146085,0.8381467004446593,0.6014167670256413,0.653050929275062,1.5144010598943751,1
-0.15366669700730792,-0.06556468168733408,-1.1839330414661757,-1.1215044484222225,-1.1583992559505094,-1.2702669690263801,-1.1931085566160113,0.6014167670256413,-1.3614650751723478,-1.2848356567614319,0
0.15886249482146017,-0.06556468168733408,-1.1839330414661757,-0.015620609228609717,-0.0544755675670345,-1.513258187605826,-1.1931085566160113,0.6014167670256413,-1.265535741627233,-1.732713531426361,0
-1.8725772520655304,-0.06556468168733408,-0.030704704472457878,-0.015620609228609717,0.5588153704237849,-1.2702669690263801,-1.1931085566160113,0.6014167670256413,1.1326975970006357,-1.396805125427664,0
0.9401854743933811,1.4373506578504092,1.12252363252126,1.090263229965003,1.1721063084146044,0.673662779609194,0.8381467004446593,0.6014167670256413,0.7489802628201767,1.5144010598943751,1
1.0964500703077644,1.4373506578504092,1.12252363252126,1.090263229965003,1.2947644960127682,1.159645216768088,0.8381467004446593,0.6014167670256413,1.036768263455521,1.1784926538956784,1
-1.8725772520655304,-0.06556468168733408,-1.1839330414661757,-1.1215044484222225,-0.4224501303615262,0.18768034245030202,-1.1931085566160113,-1.6627404735414788,-0.4021717397212003,-0.8369577820965027,0
0.7839208784789949,1.4373506578504092,1.12252363252126,-1.1215044484222225,1.2947644960127682,1.159645216768088,0.8381467004446593,0.6014167670256413,0.8449095963652915,0.3947063732320524,1
-0.15366669700730792,1.4373506578504092,1.12252363252126,1.090263229965003,1.2947644960127682,0.43067156102974796,0.8381467004446593,0.6014167670256413,0.5571215957299472,0.8425842478969815,1
0.9401854743933811,-0.06556468168733408,1.12252363252126,-1.1215044484222225,-0.4224501303615262,-1.2702669690263801,0.8381467004446593,0.6014167670256413,0.7489802628201767,-0.948927250762735,1
-0.30993129292169125,-0.06556468168733408,-1.1839330414661757,-1.1215044484222225,-0.1771337551651984,-1.2702669690263801,-1.1931085566160113,-1.6627404735414788,-0.4981010732663151,-0.948927250762735,0
-0.15366669700730792,-0.06556468168733408,-0.030704704472457878,-1.1215044484222225,-0.2997919427633623,-0.29830209470859204,0.8381467004446593,0.6014167670256413,-1.3614650751723478,0.8425842478969815,0
0.47139168665022824,1.4373506578504092,-1.1839330414661757,1.090263229965003,1.0494481208164406,0.916653998188642,0.8381467004446593,0.6014167670256413,-0.6899597403565446,-0.948927250762735,1
0.0025978989070768233,-0.06556468168733408,-0.030704704472457878,-0.015620609228609717,-1.6490320063431652,-2.2422318433441673,-1.1931085566160113,0.6014167670256413,-0.8818184074467741,0.618645310564517,0
0.7839208784789949,1.4373506578504092,1.12252363252126,1.090263229965003,1.2947644960127682,0.673662779609194,0.8381467004446593,0.6014167670256413,0.8449095963652915,1.1784926538956784,1
0.9401854743933811,1.4373506578504092,1.12252363252126,1.090263229965003,1.0494481208164406,0.18768034245030202,0.8381467004446593,0.6014167670256413,1.1326975970006357,1.2904621225619106,1
-0.4661958888360746,-0.06556468168733408,-1.1839330414661757,-0.015620609228609717,0.06818262003112939,-0.29830209470859204,0.8381467004446593,0.6014167670256413,0.5571215957299472,-1.0608967194289673,1
1.5652438580509145,1.4373506578504092,1.12252363252126,1.090263229965003,1.2947644960127682,1.159645216768088,0.8381467004446593,0.6014167670256413,1.9960615989066686,1.2904621225619106,1
-1.247518868407994,-1.5684800212250773,-0.030704704472457878,-1.1215044484222225,-1.771690193941329,-1.7562494061852731,-1.1931085566160113,-1.6627404735414788,-1.3614650751723478,-0.8369577820965027,0
0.7839208784789949,1.4373506578504092,1.12252363252126,1.090263229965003,1.2947644960127682,1.159645216768088,0.8381467004446593,0.6014167670256413,0.9408389299104063,1.5144010598943751,1
0.15886249482146017,-1.5684800212250773,-0.030704704472457878,-0.015620609228609717,-1.771690193941329,-0.055310876129146085,0.8381467004446593,-1.6627404735414788,-1.265535741627233,-0.8369577820965027,1
0.47139168665022824,-0.06556468168733408,1.12252363252126,-1.1215044484222225,0.06818262003112939,0.18768034245030202,0.8381467004446593,0.6014167670256413,1.5164149311810948,1.0665231852294461,1
0.9401854743933811,-1.5684800212250773,1.12252363252126,-1.1215044484222225,1.2947644960127682,0.673662779609194,0.8381467004446593,0.6014167670256413,1.1326975970006357,1.5144010598943751,1
-1.8725772520655304,-1.5684800212250773,-1.1839330414661757,-0.015620609228609717,-2.3849811319321486,-2.7282142805030603,-1.1931085566160113,-1.6627404735414788,-0.6899597403565446,-0.05317150143287675,0
0.15886249482146017,-1.5684800212250773,1.12252363252126,1.090263229965003,0.31349899522745717,0.43067156102974796,-1.1931085566160113,0.6014167670256413,-0.8818184074467741,-1.2848356567614319,1
0.15886249482146017,-0.06556468168733408,-0.030704704472457878,-0.015620609228609717,-0.667766505557854,-0.29830209470859204,-1.1931085566160113,0.6014167670256413,-0.30624240617608556,-0.5010493760978059,0
0.9401854743933811,1.4373506578504092,1.12252363252126,1.090263229965003,1.2947644960127682,1.159645216768088,0.8381467004446593,0.6014167670256413,1.036768263455521,1.0665231852294461,1
-0.7787250806648427,-1.5684800212250773,-0.030704704472457878,-0.015620609228609717,-0.2997919427633623,0.673662779609194,0.8381467004446593,0.6014167670256413,-1.3614650751723478,-1.2848356567614319,0
-0.15366669700730792,-0.06556468168733408,-0.030704704472457878,-1.1215044484222225,-0.667766505557854,0.673662779609194,-1.1931085566160113,0.6014167670256413,-0.9777477409918889,-1.6207440627601286,0
-0.30993129292169125,-0.06556468168733408,-1.1839330414661757,-1.1215044484222225,-0.7904246931560178,-0.784284531867486,-1.1931085566160113,-1.6627404735414788,0.4611922621848325,-0.5010493760978059,0
-0.15366669700730792,-1.5684800212250773,-0.030704704472457878,-1.1215044484222225,-1.4037156311468373,-1.0272757504469332,-1.1931085566160113,0.6014167670256413,-0.4981010732663151,-1.5087745940938964,0
0.0025978989070768233,-0.06556468168733408,-2.3371613784598937,-1.1215044484222225,-1.771690193941329,-1.0272757504469332,0.8381467004446593,-1.6627404735414788,-1.3614650751723478,-0.3890799074315736,0
0.6276562825646116,1.4373506578504092,1.12252363252126,1.090263229965003,0.31349899522745717,-0.055310876129146085,-1.1931085566160113,0.6014167670256413,-1.3614650751723478,-0.948927250762735,0
0.0025978989070768233,-0.06556468168733408,1.12252363252126,1.090263229965003,-0.667766505557854,-1.7562494061852731,0.8381467004446593,0.6014167670256413,0.8449095963652915,-1.1728661880951996,0
-0.4661958888360746,1.4373506578504092,-0.030704704472457878,1.090263229965003,1.2947644960127682,-0.5412933132880401,0.8381467004446593,-1.6627404735414788,1.1326975970006357,1.1784926538956784,1
-0.4661958888360746,-0.06556468168733408,-1.1839330414661757,-0.015620609228609717,-1.0357410683523456,-0.5412933132880401,-1.1931085566160113,0.6014167670256413,-1.3614650751723478,-0.948927250762735,0
0.47139168665022824,-0.06556468168733408,-0.030704704472457878,-0.015620609228609717,0.06818262003112939,-0.055310876129146085,0.8381467004446593,0.6014167670256413,0.4611922621848325,1.5144010598943751,0
0.7839208784789949,-0.06556468168733408,1.12252363252126,1.090263229965003,1.2947644960127682,0.18768034245030202,0.8381467004446593,0.6014167670256413,0.269333595094603,1.4024315912281429,1
0.7839208784789949,-0.06556468168733408,-1.1839330414661757,-1.1215044484222225,-1.0357410683523456,0.18768034245030202,0.8381467004446593,0.6014167670256413,0.7489802628201767,-0.7249883134302705,0
1.2527146662221478,1.4373506578504092,1.12252363252126,1.090263229965003,1.2947644960127682,0.673662779609194,0.8381467004446593,0.6014167670256413,0.9408389299104063,0.7306147792307492,1
-0.15366669700730792,-0.06556468168733408,-1.1839330414661757,-1.1215044484222225,-0.4224501303615262,-0.055310876129146085,-1.1931085566160113,0.6014167670256413,-0.30624240617608556,-0.6130188447640381,0
-0.30993129292169125,-0.06556468168733408,1.12252363252126,1.090263229965003,1.2947644960127682,1.159645216768088,0.8381467004446593,0.6014167670256413,0.4611922621848325,1.1784926538956784,0
-0.15366669700730792,-0.06556468168733408,1.12252363252126,-1.1215044484222225,-0.0544755675670345,0.43067156102974796,-1.1931085566160113,-1.6627404735414788,0.3652629286397177,-1.0608967194289673,0
-0.4661958888360746,-0.06556468168733408,-1.1839330414661757,-0.015620609228609717,0.06818262003112939,0.916653998188642,0.8381467004446593,0.6014167670256413,-0.11438373908585606,-0.5010493760978059,0
-1.8725772520655304,1.4373506578504092,1.12252363252126,1.090263229965003,0.06818262003112939,1.159645216768088,0.8381467004446593,0.6014167670256413,0.8449095963652915,0.8425842478969815,0
0.15886249482146017,-0.06556468168733408,1.12252363252126,1.090263229965003,1.0494481208164406,0.673662779609194,0.8381467004446593,-1.6627404735414788,0.653050929275062,0.7306147792307492,1
1.4089792621365311,1.4373506578504092,1.12252363252126,1.090263229965003,1.2947644960127682,0.916653998188642,0.8381467004446593,0.6014167670256413,1.3245562640908652,1.5144010598943751,1
-0.4661958888360746,-0.06556468168733408,-1.1839330414661757,-0.015620609228609717,-0.9130828807541818,-0.784284531867486,-1.1931085566160113,-1.6627404735414788,-1.3614650751723478,-0.6130188447640381,0
-1.247518868407994,-0.06556468168733408,-1.1839330414661757,-1.1215044484222225,-0.5451083179596901,-0.5412933132880401,0.8381467004446593,0.6014167670256413,-1.3614650751723478,0.17076743589958782,0
1.0964500703077644,-0.06556468168733408,-0.030704704472457878,-0.015620609228609717,0.19084080762929329,-1.2702669690263801,0.8381467004446593,0.6014167670256413,0.269333595094603,-1.0608967194289673,1
1.2527146662221478,-0.06556468168733408,1.12252363252126,1.090263229965003,0.9267899332182766,-1.513258187605826,0.8381467004446593,0.6014167670256413,-0.0184544055407413,0.9545537165632137,1
-1.0912542724936107,-0.06556468168733408,-1.1839330414661757,-1.1215044484222225,-1.2810574435486735,-0.5412933132880401,-1.1931085566160113,-1.6627404735414788,-0.4021717397212003,-1.9566524687588256,0
0.7839208784789949,1.4373506578504092,-0.030704704472457878,1.090263229965003,1.0494481208164406,-0.29830209470859204,0.8381467004446593,0.6014167670256413,1.036768263455521,1.2904621225619106,0
-0.30993129292169125,-0.06556468168733408,-1.1839330414661757,-1.1215044484222225,-1.771690193941329,-2.485223061923614,0.8381467004446593,0.6014167670256413,-1.3614650751723478,-1.1728661880951996,0
-0.30993129292169125,-0.06556468168733408,-1.1839330414661757,-1.1215044484222225,-1.526373818745001,-0.29830209470859204,-1.1931085566160113,-1.6627404735414788,-1.1696064080821185,-1.6207440627601286,0
1.0964500703077644,1.4373506578504092,1.12252363252126,1.090263229965003,1.0494481208164406,0.43067156102974796,0.8381467004446593,0.6014167670256413,1.9960615989066686,0.5066758418982846,1
0.15886249482146017,-0.06556468168733408,-1.1839330414661757,-1.1215044484222225,-0.7904246931560178,-1.0272757504469332,-1.1931085566160113,0.6014167670256413,-1.3614650751723478,-0.8369577820965027,1
1.0964500703077644,1.4373506578504092,1.12252363252126,1.090263229965003,0.9267899332182766,1.159645216768088,0.8381467004446593,0.6014167670256413,0.8449095963652915,1.5144010598943751,1
0.7839208784789949,-0.06556468168733408,1.12252363252126,1.090263229965003,1.0494481208164406,1.159645216768088,0.8381467004446593,0.6014167670256413,1.5164149311810948,0.618645310564517,1
-0.4661958888360746,-1.5684800212250773,1.12252363252126,1.090263229965003,0.06818262003112939,0.18768034245030202,0.8381467004446593,0.6014167670256413,0.9408389299104063,-0.8369577820965027,0
1.0964500703077644,1.4373506578504092,1.12252363252126,-0.015620609228609717,0.5588153704237849,-0.29830209470859204,0.8381467004446593,0.6014167670256413,0.8449095963652915,0.9545537165632137,0
-0.30993129292169125,-0.06556468168733408,-1.1839330414661757,-1.1215044484222225,-1.0357410683523456,-0.5412933132880401,0.8381467004446593,0.6014167670256413,-1.3614650751723478,-0.5010493760978059,0
0.0025978989070768233,-0.06556468168733408,-1.1839330414661757,-1.1215044484222225,0.06818262003112939,-0.784284531867486,-1.1931085566160113,0.6014167670256413,-1.3614650751723478,-0.948927250762735,0
0.7839208784789949,1.4373506578504092,1.12252363252126,1.090263229965003,0.6814735580219489,1.159645216768088,0.8381467004446593,0.6014167670256413,0.3652629286397177,1.1784926538956784,1
1.5652438580509145,1.4373506578504092,1.12252363252126,1.090263229965003,1.2947644960127682,1.159645216768088,0.8381467004446593,0.6014167670256413,1.9001322653615538,1.2904621225619106,1
0.9401854743933811,1.4373506578504092,1.12252363252126,1.090263229965003,1.2947644960127682,0.916653998188642,0.8381467004446593,0.6014167670256413,1.2286269305457505,0.9545537165632137,1
-0.4661958888360746,-1.5684800212250773,-0.030704704472457878,-0.015620609228609717,-1.771690193941329,0.18768034245030202,-1.1931085566160113,-1.6627404735414788,-0.7858890739016593,-0.5010493760978059,0
-0.30993129292169125,-1.5684800212250773,-1.1839330414661757,-0.015620609228609717,-1.0357410683523456,0.18768034245030202,0.8381467004446593,0.6014167670256413,0.9408389299104063,-0.05317150143287675,0
-1.8725772520655304,-1.5684800212250773,-1.1839330414661757,1.090263229965003,-1.0357410683523456,-2.7282142805030603,-1.1931085566160113,-1.6627404735414788,-1.0736770745370037,-1.5087745940938964,0
-1.5600480602367621,-1.5684800212250773,-1.1839330414661757,-0.015620609228609717,-0.9130828807541818,0.43067156102974796,-1.1931085566160113,0.6014167670256413,-1.3614650751723478,-0.2771104387653413,1
1.2527146662221478,-0.06556468168733408,1.12252363252126,1.090263229965003,0.31349899522745717,1.159645216768088,0.8381467004446593,0.6014167670256413,0.653050929275062,0.8425842478969815,1
1.2527146662221478,1.4373506578504092,1.12252363252126,-1.1215044484222225,1.2947644960127682,1.159645216768088,-1.1931085566160113,0.6014167670256413,0.653050929275062,0.618645310564517,1
0.9401854743933811,1.4373506578504092,1.12252363252126,-1.1215044484222225,-0.9130828807541818,-1.7562494061852731,-1.1931085566160113,0.6014167670256413,0.269333595094603,1.1784926538956784,0
-0.15366669700730792,-0.06556468168733408,1.12252363252126,-1.1215044484222225,-1.1583992559505094,-1.0272757504469332,0.8381467004446593,0.6014167670256413,1.5164149311810948,-0.8369577820965027,0
2.034037645794067,-1.5684800212250773,-0.030704704472457878,1.090263229965003,0.8041317456201127,0.43067156102974796,0.8381467004446593,0.6014167670256413,0.8449095963652915,1.2904621225619106,1
0.0025978989070768233,1.4373506578504092,-0.030704704472457878,-1.1215044484222225,0.8041317456201127,-0.784284531867486,0.8381467004446593,0.6014167670256413,0.9408389299104063,-1.1728661880951996,0
0.7839208784789949,-0.06556468168733408,1.12252363252126,1.090263229965003,1.2947644960127682,0.18768034245030202,0.8381467004446593,0.6014167670256413,1.5164149311810948,1.0665231852294461,1
1.2527146662221478,1.4373506578504092,1.12252363252126,1.090263229965003,-0.0544755675670345,1.159645216768088,-1.1931085566160113,-1.6627404735414788,0.269333595094603,-0.6130188447640381,0
-1.8725772520655304,-1.5684800212250773,-1.1839330414661757,-1.1215044484222225,1.0494481208164406,-0.055310876129146085,0.8381467004446593,0.6014167670256413,0.653050929275062,1.5144010598943751,1
-0.30993129292169125,-0.06556468168733408,-0.030704704472457878,-1.1215044484222225,-1.771690193941329,-1.99924062476472,-1.1931085566160113,-1.6627404735414788,-1.3614650751723478,-1.2848356567614319,0
-0.30993129292169125,-0.06556468168733408,-0.030704704472457878,-1.1215044484222225,-1.526373818745001,0.18768034245030202,0.8381467004446593,-1.6627404735414788,-0.30624240617608556,1.0665231852294461,0
0.7839208784789949,-1.5684800212250773,-1.1839330414661757,1.090263229965003,1.2947644960127682,0.916653998188642,-1.1931085566160113,0.6014167670256413,0.3652629286397177,-0.7249883134302705,1
0.0025978989070768233,-0.06556468168733408,-0.030704704472457878,-1.1215044484222225,0.19084080762929329,0.18768034245030202,-1.1931085566160113,0.6014167670256413,0.5571215957299472,0.9545537165632137,0
0.6276562825646116,1.4373506578504092,1.12252363252126,2.1961470691586156,1.2947644960127682,1.159645216768088,0.8381467004446593,0.6014167670256413,1.036768263455521,0.9545537165632137,1
-0.9349896765792275,-0.06556468168733408,-0.030704704472457878,-1.1215044484222225,0.06818262003112939,-0.055310876129146085,0.8381467004446593,0.6014167670256413,-0.0184544055407413,-1.0608967194289673,0
-0.4661958888360746,-0.06556468168733408,-1.1839330414661757,-0.015620609228609717,-0.1771337551651984,1.159645216768088,0.8381467004446593,0.6014167670256413,0.269333595094603,-1.5087745940938964,0
0.15886249482146017,-1.5684800212250773,1.12252363252126,2.1961470691586156,-1.0357410683523456,1.159645216768088,0.8381467004446593,0.6014167670256413,0.269333595094603,-0.948927250762735,1
0.6276562825646116,-1.5684800212250773,1.12252363252126,-1.1215044484222225,0.19084080762929329,0.43067156102974796,-1.1931085566160113,0.6014167670256413,0.7489802628201767,-0.8369577820965027,1
-0.15366669700730792,-1.5684800212250773,-0.030704704472457878,-1.1215044484222225,0.5588153704237849,0.18768034245030202,-1.1931085566160113,0.6014167670256413,-1.3614650751723478,-0.6130188447640381,0
0.9401854743933811,1.4373506578504092,-0.030704704472457878,1.090263229965003,0.06818262003112939,0.43067156102974796,0.8381467004446593,0.6014167670256413,-0.11438373908585606,0.5066758418982846,1
-0.30993129292169125,-0.06556468168733408,-1.1839330414661757,-1.1215044484222225,0.19084080762929329,-1.7562494061852731,-1.1931085566160113,0.6014167670256413,-1.265535741627233,-0.3890799074315736,0
0.0025978989070768233,-0.06556468168733408,1.12252363252126,-1.1215044484222225,1.1721063084146044,0.673662779609194,0.8381467004446593,0.6014167670256413,1.036768263455521,0.9545537165632137,1
1.0964500703077644,-0.06556468168733408,1.12252363252126,1.090263229965003,1.2947644960127682,1.159645216768088,0.8381467004446593,0.6014167670256413,0.7489802628201767,0.5066758418982846,1
1.2527146662221478,1.4373506578504092,1.12252363252126,1.090263229965003,1.2947644960127682,0.916653998188642,0.8381467004446593,0.6014167670256413,1.036768263455521,1.0665231852294461,1
1.4089792621365311,-0.06556468168733408,1.12252363252126,1.090263229965003,0.43615718282562105,1.159645216768088,0.8381467004446593,0.6014167670256413,0.7489802628201767,0.2827369045658201,1
0.7839208784789949,1.4373506578504092,1.12252363252126,1.090263229965003,0.43615718282562105,-0.055310876129146085,0.8381467004446593,0.6014167670256413,1.5164149311810948,0.7306147792307492,1
-0.30993129292169125,-1.5684800212250773,-1.1839330414661757,-1.1215044484222225,0.06818262003112939,0.43067156102974796,-1.1931085566160113,-1.6627404735414788,-1.0736770745370037,-0.8369577820965027,0
1.4089792621365311,1.4373506578504092,1.12252363252126,1.090263229965003,1.2947644960127682,1.159645216768088,0.8381467004446593,0.6014167670256413,1.036768263455521,1.1784926538956784,0
-1.716312656151147,-0.06556468168733408,-1.1839330414661757,-0.015620609228609717,-0.9130828807541818,-1.0272757504469332,-1.1931085566160113,-1.6627404735414788,1.1326975970006357,-1.5087745940938964,0
1.0964500703077644,1.4373506578504092,1.12252363252126,1.090263229965003,1.2947644960127682,-0.055310876129146085,0.8381467004446593,-1.6627404735414788,1.3245562640908652,1.4024315912281429,0
1.0964500703077644,1.4373506578504092,1.12252363252126,-0.015620609228609717,0.5588153704237849,0.43067156102974796,0.8381467004446593,0.6014167670256413,1.3245562640908652,0.5066758418982846,1
1.2527146662221478,1.4373506578504092,1.12252363252126,1.090263229965003,0.8041317456201127,1.159645216768088,0.8381467004446593,0.6014167670256413,1.3245562640908652,0.7306147792307492,1
-0.30993129292169125,-1.5684800212250773,-1.1839330414661757,-1.1215044484222225,-2.017006569137657,-1.7562494061852731,0.8381467004446593,-1.6627404735414788,0.1734042615494882,-0.5010493760978059,0
0.7839208784789949,1.4373506578504092,-1.1839330414661757,-0.015620609228609717,1.0494481208164406,0.18768034245030202,0.8381467004446593,0.6014167670256413,0.4611922621848325,1.5144010598943751,0
0.0025978989070768233,1.4373506578504092,-0.030704704472457878,1.090263229965003,-0.5451083179596901,-0.29830209470859204,-1.1931085566160113,0.6014167670256413,0.1734042615494882,0.9545537165632137,0
1.4089792621365311,1.4373506578504092,-1.1839330414661757,2.1961470691586156,0.06818262003112939,0.43067156102974796,0.8381467004446593,0.6014167670256413,1.3245562640908652,0.7306147792307492,1
0.0025978989070768233,-0.06556468168733408,1.12252363252126,-0.015620609228609717,-0.4224501303615262,-0.784284531867486,-1.1931085566160113,-1.6627404735414788,-0.4021717397212003,-1.5087745940938964,0
0.3151270907358449,-0.06556468168733408,-1.1839330414661757,-1.1215044484222225,-2.2623229443339845,0.18768034245030202,0.8381467004446593,0.6014167670256413,-1.3614650751723478,-0.8369577820965027,0
0.0025978989070768233,-0.06556468168733408,-0.030704704472457878,1.090263229965003,0.31349899522745717,1.159645216768088,-1.1931085566160113,0.6014167670256413,1.2286269305457505,0.17076743589958782,1
-1.247518868407994,-0.06556468168733408,-0.030704704472457878,-0.015620609228609717,-1.4037156311468373,-1.2702669690263801,0.8381467004446593,0.6014167670256413,0.07747492800437346,-0.948927250762735,0
0.9401854743933811,-0.06556468168733408,-1.1839330414661757,-1.1215044484222225,-1.1583992559505094,0.673662779609194,0.8381467004446593,0.6014167670256413,0.9408389299104063,1.0665231852294461,0
0.7839208784789949,-0.06556468168733408,1.12252363252126,1.090263229965003,1.2947644960127682,1.159645216768088,0.8381467004446593,0.6014167670256413,1.804202931816439,1.1784926538956784,1
-0.4661958888360746,-1.5684800212250773,-0.030704704472457878,-1.1215044484222225,-0.5451083179596901,0.18768034245030202,-1.1931085566160113,0.6014167670256413,-1.1696064080821185,-0.8369577820965027,0
1.5652438580509145,-0.06556468168733408,1.12252363252126,1.090263229965003,-0.9130828807541818,1.159645216768088,0.8381467004446593,0.6014167670256413,1.42048559763598,-0.2771104387653413,1
0.15886249482146017,1.4373506578504092,1.12252363252126,1.090263229965003,1.2947644960127682,1.159645216768088,0.8381467004446593,0.6014167670256413,1.804202931816439,0.618645310564517,1
-0.6224604847504593,-1.5684800212250773,-1.1839330414661757,-0.015620609228609717,-1.2810574435486735,0.673662779609194,-1.1931085566160113,0.6014167670256413,-0.11438373908585606,-1.1728661880951996,0
-0.30993129292169125,-0.06556468168733408,-0.030704704472457878,-0.015620609228609717,-1.4037156311468373,-0.784284531867486,-1.1931085566160113,-1.6627404735414788,-0.4981010732663151,-0.7249883134302705,0
-1.247518868407994,-0.06556468168733408,1.12252363252126,1.090263229965003,0.06818262003112939,0.673662779609194,0.8381467004446593,0.6014167670256413,0.3652629286397177,0.9545537165632137,1
0.0025978989070768233,-1.5684800212250773,-1.1839330414661757,-0.015620609228609717,-0.2997919427633623,-0.055310876129146085,-1.1931085566160113,0.6014167670256413,-0.8818184074467741,-0.2771104387653413,0
-0.4661958888360746,-0.06556468168733408,-0.030704704472457878,-0.015620609228609717,-0.0544755675670345,0.916653998188642,0.8381467004446593,0.6014167670256413,-0.9777477409918889,-0.8369577820965027,0
1.2527146662221478,-0.06556468168733408,-2.3371613784598937,1.090263229965003,-1.1583992559505094,-0.29830209470859204,0.8381467004446593,-1.6627404735414788,-0.5940304068114298,-0.8369577820965027,0
-1.8725772520655304,-1.5684800212250773,-1.1839330414661757,-1.1215044484222225,0.19084080762929329,-0.5412933132880401,-1.1931085566160113,0.6014167670256413,-0.4981010732663151,-1.0608967194289673,0
-0.7787250806648427,-1.5684800212250773,-0.030704704472457878,-0.015620609228609717,-1.6490320063431652,-1.0272757504469332,-1.1931085566160113,-1.6627404735414788,-0.21031307263097082,-0.6130188447640381,0
1.0964500703077644,-1.5684800212250773,-1.1839330414661757,1.090263229965003,1.1721063084146044,1.159645216768088,0.8381467004446593,0.6014167670256413,-0.6899597403565446,1.4024315912281429,1
0.15886249482146017,-0.06556468168733408,-0.030704704472457878,-0.015620609228609717,-0.2997919427633623,0.43067156102974796,0.8381467004446593,0.6014167670256413,0.4611922621848325,1.4024315912281429,1
0.6276562825646116,1.4373506578504092,1.12252363252126,1.090263229965003,1.2947644960127682,0.43067156102974796,0.8381467004446593,0.6014167670256413,1.1326975970006357,1.0665231852294461,1
-0.15366669700730792,-1.5684800212250773,-1.1839330414661757,-0.015620609228609717,-0.2997919427633623,0.673662779609194,-1.1931085566160113,0.6014167670256413,-1.3614650751723478,-0.7249883134302705,0
-1.5600480602367621,-1.5684800212250773,-1.1839330414661757,-0.015620609228609717,-0.1771337551651984,-0.055310876129146085,-1.1931085566160113,-1.6627404735414788,-0.8818184074467741,-0.948927250762735,0
-1.8725772520655304,-0.06556468168733408,-1.1839330414661757,-1.1215044484222225,-0.2997919427633623,-0.29830209470859204,-1.1931085566160113,0.6014167670256413,-1.3614650751723478,-0.05317150143287675,0
-1.8725772520655304,-0.06556468168733408,-0.030704704472457878,-1.1215044484222225,-1.2810574435486735,0.916653998188642,-1.1931085566160113,0.6014167670256413,1.036768263455521,-0.6130188447640381,0
-0.4661958888360746,1.4373506578504092,-1.1839330414661757,-1.1215044484222225,-0.5451083179596901,-0.29830209470859204,-1.1931085566160113,0.6014167670256413,-0.4021717397212003,1.0665231852294461,0
1.0964500703077644,1.4373506578504092,1.12252363252126,1.090263229965003,1.2947644960127682,0.673662779609194,0.8381467004446593,0.6014167670256413,0.4611922621848325,1.5144010598943751,1
0.6276562825646116,1.4373506578504092,-1.1839330414661757,-0.015620609228609717,0.9267899332182766,-1.2702669690263801,-1.1931085566160113,0.6014167670256413,-1.3614650751723478,-1.2848356567614319,0
-0.15366669700730792,-1.5684800212250773,-1.1839330414661757,-0.015620609228609717,-0.5451083179596901,-0.29830209470859204,-1.1931085566160113,0.6014167670256413,-1.3614650751723478,-1.2848356567614319,0
1.0964500703077644,-0.06556468168733408,-0.030704704472457878,1.090263229965003,-0.9130828807541818,0.673662779609194,0.8381467004446593,0.6014167670256413,0.07747492800437346,-0.8369577820965027,0
-0.6224604847504593,-0.06556468168733408,-0.030704704472457878,-0.015620609228609717,-2.2623229443339845,0.43067156102974796,-1.1931085566160113,0.6014167670256413,-1.3614650751723478,1.0665231852294461,0
0.15886249482146017,-0.06556468168733408,-0.030704704472457878,-1.1215044484222225,-0.1771337551651984,-1.513258187605826,0.8381467004446593,0.6014167670256413,1.6123442647262096,-1.1728661880951996,1
1.4089792621365311,-0.06556468168733408,1.12252363252126,1.090263229965003,-0.0544755675670345,0.43067156102974796,0.8381467004446593,0.6014167670256413,-0.11438373908585606,0.8425842478969815,1
-1.247518868407994,-0.06556468168733408,-1.1839330414661757,-0.015620609228609717,-1.8943483815394928,0.673662779609194,-1.1931085566160113,-1.6627404735414788,-1.3614650751723478,-1.5087745940938964,0
0.9401854743933811,-1.5684800212250773,1.12252363252126,1.090263229965003,1.2947644960127682,0.916653998188642,0.8381467004446593,0.6014167670256413,1.5164149311810948,1.5144010598943751,1
-0.6224604847504593,-0.06556468168733408,-1.1839330414661757,-1.1215044484222225,-1.4037156311468373,-0.055310876129146085,-1.1931085566160113,-1.6627404735414788,-1.3614650751723478,-0.2771104387653413,0
-0.4661958888360746,-0.06556468168733408,-1.1839330414661757,2.1961470691586156,-0.667766505557854,-0.5412933132880401,-1.1931085566160113,0.6014167670256413,-0.7858890739016593,-1.2848356567614319,0
0.3151270907358449,-0.06556468168733408,-0.030704704472457878,-0.015620609228609717,-0.2997919427633623,-0.055310876129146085,-1.1931085566160113,-1.6627404735414788,-1.3614650751723478,-1.2848356567614319,1
0.0025978989070768233,-0.06556468168733408,-1.1839330414661757,-1.1215044484222225,-0.4224501303615262,-0.5412933132880401,-1.1931085566160113,0.6014167670256413,-1.3614650751723478,-1.1728661880951996,0
-0.4661958888360746,-0.06556468168733408,-1.1839330414661757,-1.1215044484222225,-0.5451083179596901,-0.055310876129146085,-1.1931085566160113,0.6014167670256413,-0.6899597403565446,-0.948927250762735,0
-0.4661958888360746,-0.06556468168733408,-0.030704704472457878,-0.015620609228609717,-0.2997919427633623,-1.7562494061852731,-1.1931085566160113,-1.6627404735414788,-1.3614650751723478,-0.7249883134302705,0
-0.6224604847504593,-1.5684800212250773,-1.1839330414661757,-0.015620609228609717,-1.6490320063431652,0.916653998188642,-1.1931085566160113,-1.6627404735414788,-0.9777477409918889,-0.948927250762735,0
-0.7787250806648427,-0.06556468168733408,-1.1839330414661757,-0.015620609228609717,-1.6490320063431652,-1.2702669690263801,0.8381467004446593,-1.6627404735414788,-0.21031307263097082,-0.8369577820965027,0
0.47139168665022824,1.4373506578504092,-0.030704704472457878,1.090263229965003,1.2947644960127682,1.159645216768088,0.8381467004446593,0.6014167670256413,1.9960615989066686,1.0665231852294461,1
-0.4661958888360746,-1.5684800212250773,-0.030704704472457878,1.090263229965003,0.43615718282562105,0.43067156102974796,0.8381467004446593,0.6014167670256413,1.2286269305457505,-0.3890799074315736,0
0.3151270907358449,1.4373506578504092,1.12252363252126,1.090263229965003,1.2947644960127682,1.159645216768088,0.8381467004446593,0.6014167670256413,1.42048559763598,1.5144010598943751,1
0.0025978989070768233,-1.5684800212250773,1.12252363252126,-1.1215044484222225,1.2947644960127682,1.159645216768088,0.8381467004446593,0.6014167670256413,0.653050929275062,0.618645310564517,0
0.0025978989070768233,-1.5684800212250773,-1.1839330414661757,-1.1215044484222225,-2.017006569137657,-0.784284531867486,0.8381467004446593,-1.6627404735414788,-0.21031307263097082,-1.2848356567614319,1
0.7839208784789949,-0.06556468168733408,1.12252363252126,1.090263229965003,-1.0357410683523456,1.159645216768088,0.8381467004446593,0.6014167670256413,0.3652629286397177,-0.5010493760978059,0
0.15886249482146017,1.4373506578504092,1.12252363252126,-0.015620609228609717,-0.0544755675670345,0.673662779609194,-1.1931085566160113,-1.6627404735414788,-1.3614650751723478,-0.7249883134302705,0
-0.30993129292169125,1.4373506578504092,-1.1839330414661757,-1.1215044484222225,0.5588153704237849,-1.2702669690263801,-1.1931085566160113,-1.6627404735414788,-0.7858890739016593,-1.2848356567614319,1
-0.15366669700730792,-0.06556468168733408,-1.1839330414661757,-1.1215044484222225,0.19084080762929329,-2.485223061923614,0.8381467004446593,0.6014167670256413,-1.1696064080821185,-1.0608967194289673,0
0.0025978989070768233,-0.06556468168733408,1.12252363252126,1.090263229965003,-0.667766505557854,-0.29830209470859204,0.8381467004446593,0.6014167670256413,-1.3614650751723478,1.0665231852294461,0
0.47139168665022824,-0.06556468168733408,1.12252363252126,-1.1215044484222225,1.2947644960127682,0.18768034245030202,0.8381467004446593,0.6014167670256413,0.7489802628201767,1.4024315912281429,1
0.0025978989070768233,-1.5684800212250773,-1.1839330414661757,-1.1215044484222225,-0.2997919427633623,-0.5412933132880401,-1.1931085566160113,0.6014167670256413,0.7489802628201767,-0.3890799074315736,1
-1.8725772520655304,-1.5684800212250773,-1.1839330414661757,-1.1215044484222225,-2.1396647567358205,-0.5412933132880401,-1.1931085566160113,-1.6627404735414788,0.5571215957299472,-1.6207440627601286,0
-0.15366669700730792,-0.06556468168733408,-1.1839330414661757,-0.015620609228609717,-0.9130828807541818,0.43067156102974796,-1.1931085566160113,-1.6627404735414788,-1.3614650751723478,-0.948927250762735,0
-0.4661958888360746,-1.5684800212250773,1.12252363252126,1.090263229965003,1.2947644960127682,0.916653998188642,0.8381467004446593,0.6014167670256413,-0.11438373908585606,-0.3890799074315736,1
0.7839208784789949,1.4373506578504092,-0.030704704472457878,-1.1215044484222225,0.6814735580219489,-0.5412933132880401,-1.1931085566160113,0.6014167670256413,1.42048559763598,1.0665231852294461,1
-1.5600480602367621,-1.5684800212250773,-0.030704704472457878,-0.015620609228609717,-0.7904246931560178,-0.29830209470859204,-1.1931085566160113,0.6014167670256413,-0.5940304068114298,-1.396805125427664,0
-0.6224604847504593,-0.06556468168733408,1.12252363252126,-0.015620609228609717,-0.1771337551651984,0.43067156102974796,0.8381467004446593,0.6014167670256413,0.9408389299104063,0.3947063732320524,0
0.15886249482146017,-1.5684800212250773,1.12252363252126,-1.1215044484222225,0.43615718282562105,0.18768034245030202,0.8381467004446593,0.6014167670256413,0.7489802628201767,0.9545537165632137,0
-1.8725772520655304,-0.06556468168733408,-0.030704704472457878,-1.1215044484222225,-0.4224501303615262,-0.5412933132880401,0.8381467004446593,0.6014167670256413,1.1326975970006357,0.9545537165632137,1
0.7839208784789949,-1.5684800212250773,1.12252363252126,1.090263229965003,0.5588153704237849,1.159645216768088,0.8381467004446593,0.6014167670256413,-1.265535741627233,-0.05317150143287675,1
0.9401854743933811,-0.06556468168733408,-0.030704704472457878,1.090263229965003,-1.0357410683523456,0.43067156102974796,0.8381467004446593,0.6014167670256413,-1.265535741627233,-0.8369577820965027,1
1.0964500703077644,1.4373506578504092,1.12252363252126,1.090263229965003,1.2947644960127682,0.43067156102974796,0.8381467004446593,0.6014167670256413,1.5164149311810948,1.2904621225619106,1
-1.5600480602367621,-0.06556468168733408,-1.1839330414661757,-0.015620609228609717,-0.2997919427633623,-2.2422318433441673,-1.1931085566160113,0.6014167670256413,-0.9777477409918889,-0.2771104387653413,0
0.6276562825646116,-0.06556468168733408,1.12252363252126,-1.1215044484222225,1.2947644960127682,0.43067156102974796,-1.1931085566160113,0.6014167670256413,-0.9777477409918889,0.9545537165632137,0
1.4089792621365311,1.4373506578504092,-0.030704704472457878,-0.015620609228609717,1.2947644960127682,0.673662779609194,0.8381467004446593,0.6014167670256413,1.1326975970006357,0.618645310564517,1
0.3151270907358449,-0.06556468168733408,-0.030704704472457878,1.090263229965003,0.5588153704237849,0.673662779609194,-1.1931085566160113,0.6014167670256413,-0.21031307263097082,-1.1728661880951996,0
-1.5600480602367621,-0.06556468168733408,-0.030704704472457878,-0.015620609228609717,0.06818262003112939,0.43067156102974796,-1.1931085566160113,0.6014167670256413,-0.9777477409918889,-1.396805125427664,0
1.0964500703077644,1.4373506578504092,1.12252363252126,1.090263229965003,1.2947644960127682,1.159645216768088,0.8381467004446593,0.6014167670256413,-0.0184544055407413,-1.2848356567614319,1
1.4089792621365311,-0.06556468168733408,-1.1839330414661757,1.090263229965003,-0.7904246931560178,-1.2702669690263801,0.8381467004446593,-1.6627404735414788,-0.4981010732663151,-1.1728661880951996,0
0.7839208784789949,-0.06556468168733408,-1.1839330414661757,1.090263229965003,-0.667766505557854,0.43067156102974796,0.8381467004446593,-1.6627404735414788,1.2286269305457505,-0.6130188447640381,1
0.9401854743933811,-0.06556468168733408,1.12252363252126,-1.1215044484222225,1.2947644960127682,1.159645216768088,0.8381467004446593,0.6014167670256413,1.1326975970006357,1.2904621225619106,1
1.0964500703077644,1.4373506578504092,-0.030704704472457878,1.090263229965003,-0.1771337551651984,-0.5412933132880401,-1.1931085566160113,0.6014167670256413,1.3245562640908652,0.618645310564517,1
-0.30993129292169125,-0.06556468168733408,-0.030704704472457878,-1.1215044484222225,0.8041317456201127,1.159645216768088,0.8381467004446593,0.6014167670256413,-1.3614650751723478,-0.3890799074315736,0
0.6276562825646116,-0.06556468168733408,1.12252363252126,1.090263229965003,0.9267899332182766,0.43067156102974796,0.8381467004446593,0.6014167670256413,1.1326975970006357,1.5144010598943751,1
0.0025978989070768233,-0.06556468168733408,1.12252363252126,1.090263229965003,1.2947644960127682,1.159645216768088,0.8381467004446593,0.6014167670256413,0.7489802628201767,0.7306147792307492,1
1.2527146662221478,1.4373506578504092,1.12252363252126,1.090263229965003,1.1721063084146044,1.159645216768088,0.8381467004446593,0.6014167670256413,0.8449095963652915,0.8425842478969815,1
-1.8725772520655304,-1.5684800212250773,-1.1839330414661757,-0.015620609228609717,-0.667766505557854,-0.5412933132880401,-1.1931085566160113,-1.6627404735414788,-1.3614650751723478,-1.1728661880951996,0
1.2527146662221478,-1.5684800212250773,1.12252363252126,1.090263229965003,1.2947644960127682,0.916653998188642,0.8381467004446593,0.6014167670256413,0.07747492800437346,1.2904621225619106,1
0.9401854743933811,1.4373506578504092,1.12252363252126,-1.1215044484222225,0.43615718282562105,1.159645216768088,0.8381467004446593,0.6014167670256413,1.42048559763598,0.5066758418982846,1
-1.8725772520655304,-0.06556468168733408,-1.1839330414661757,-1.1215044484222225,-0.7904246931560178,-0.5412933132880401,-1.1931085566160113,0.6014167670256413,-1.3614650751723478,-0.948927250762735,0
-0.4661958888360746,-0.06556468168733408,-1.1839330414661757,-1.1215044484222225,0.6814735580219489,0.916653998188642,0.8381467004446593,0.6014167670256413,0.07747492800437346,-0.2771104387653413,0
0.47139168665022824,-0.06556468168733408,-0.030704704472457878,-1.1215044484222225,0.9267899332182766,0.18768034245030202,0.8381467004446593,0.6014167670256413,1.7082735982713242,0.8425842478969815,1
1.2527146662221478,1.4373506578504092,1.12252363252126,1.090263229965003,1.2947644960127682,1.159645216768088,0.8381467004446593,0.6014167670256413,0.7489802628201767,1.5144010598943751,1
-0.15366669700730792,-0.06556468168733408,-0.030704704472457878,1.090263229965003,-0.4224501303615262,0.43067156102974796,0.8381467004446593,0.6014167670256413,1.036768263455521,1.1784926538956784,1
-1.8725772520655304,-1.5684800212250773,-0.030704704472457878,-0.015620609228609717,-0.9130828807541818,0.43067156102974796,-1.1931085566160113,-1.6627404735414788,-1.1696064080821185,-0.6130188447640381,0
-1.0912542724936107,-1.5684800212250773,-1.1839330414661757,-0.015620609228609717,-1.526373818745001,-0.5412933132880401,-1.1931085566160113,0.6014167670256413,-0.0184544055407413,0.7306147792307492,0
0.7839208784789949,1.4373506578504092,1.12252363252126,1.090263229965003,1.2947644960127682,1.159645216768088,0.8381467004446593,0.6014167670256413,1.9001322653615538,0.8425842478969815,1
0.47139168665022824,1.4373506578504092,1.12252363252126,1.090263229965003,1.2947644960127682,1.159645216768088,0.8381467004446593,0.6014167670256413,0.9408389299104063,0.3947063732320524,1
1.0964500703077644,-1.5684800212250773,-1.1839330414661757,1.090263229965003,-0.667766505557854,-0.29830209470859204,0.8381467004446593,0.6014167670256413,-1.3614650751723478,-0.7249883134302705,0
-0.15366669700730792,-0.06556468168733408,-1.1839330414661757,-0.015620609228609717,-1.1583992559505094,0.18768034245030202,0.8381467004446593,0.6014167670256413,0.8449095963652915,-1.2848356567614319,0
1.2527146662221478,1.4373506578504092,1.12252363252126,1.090263229965003,1.0494481208164406,1.159645216768088,0.8381467004446593,0.6014167670256413,0.5571215957299472,1.1784926538956784,1
1.4089792621365311,1.4373506578504092,1.12252363252126,1.090263229965003,1.2947644960127682,1.159645216768088,0.8381467004446593,0.6014167670256413,0.3652629286397177,1.5144010598943751,1
0.7839208784789949,-0.06556468168733408,-0.030704704472457878,1.090263229965003,0.5588153704237849,0.43067156102974796,0.8381467004446593,0.6014167670256413,-0.11438373908585606,-1.2848356567614319,1
0.47139168665022824,-0.06556468168733408,-0.030704704472457878,1.090263229965003,-0.2997919427633623,0.916653998188642,0.8381467004446593,0.6014167670256413,-0.11438373908585606,1.1784926538956784,1
-1.0912542724936107,-1.5684800212250773,-1.1839330414661757,-1.1215044484222225,-0.5451083179596901,-1.2702669690263801,0.8381467004446593,-1.6627404735414788,-0.9777477409918889,-0.2771104387653413,0
0.7839208784789949,1.4373506578504092,1.12252363252126,-1.1215044484222225,0.43615718282562105,-0.055310876129146085,0.8381467004446593,0.6014167670256413,1.42048559763598,1.4024315912281429,1
0.6276562825646116,-1.5684800212250773,-1.1839330414661757,-1.1215044484222225,0.43615718282562105,-0.055310876129146085,0.8381467004446593,0.6014167670256413,-0.11438373908585606,-0.3890799074315736,1
0.47139168665022824,1.4373506578504092,1.12252363252126,1.090263229965003,1.2947644960127682,1.159645216768088,0.8381467004446593,0.6014167670256413,1.7082735982713242,1.5144010598943751,1
0.0025978989070768233,-0.06556468168733408,-0.030704704472457878,-0.015620609228609717,-1.2810574435486735,0.43067156102974796,-1.1931085566160113,0.6014167670256413,-1.3614650751723478,-1.5087745940938964,0
1.2527146662221478,1.4373506578504092,1.12252363252126,1.090263229965003,1.2947644960127682,1.159645216768088,0.8381467004446593,0.6014167670256413,1.3245562640908652,1.5144010598943751,1
-0.7787250806648427,-1.5684800212250773,-0.030704704472457878,-1.1215044484222225,0.31349899522745717,1.159645216768088,-1.1931085566160113,0.6014167670256413,-1.3614650751723478,-0.948927250762735,0
1.0964500703077644,-1.5684800212250773,1.12252363252126,-1.1215044484222225,0.8041317456201127,0.673662779609194,0.8381467004446593,0.6014167670256413,1.9960615989066686,0.9545537165632137,1
-0.6224604847504593,-0.06556468168733408,-1.1839330414661757,-1.1215044484222225,-0.667766505557854,0.43067156102974796,-1.1931085566160113,-1.6627404735414788,-0.21031307263097082,-1.0608967194289673,0
-0.15366669700730792,-0.06556468168733408,-1.1839330414661757,-0.015620609228609717,-0.5451083179596901,-1.7562494061852731,-1.1931085566160113,0.6014167670256413,-0.9777477409918889,-1.396805125427664,0
-1.5600480602367621,-0.06556468168733408,-0.030704704472457878,-0.015620609228609717,-0.1771337551651984,0.18768034245030202,-1.1931085566160113,-1.6627404735414788,-0.8818184074467741,1.5144010598943751,0
1.0964500703077644,1.4373506578504092,1.12252363252126,1.090263229965003,1.2947644960127682,1.159645216768088,0.8381467004446593,0.6014167670256413,0.9408389299104063,1.0665231852294461,1
-0.15366669700730792,-0.06556468168733408,-0.030704704472457878,1.090263229965003,-0.4224501303615262,0.43067156102974796,0.8381467004446593,0.6014167670256413,0.653050929275062,0.7306147792307492,0
0.6276562825646116,1.4373506578504092,1.12252363252126,1.090263229965003,0.31349899522745717,0.43067156102974796,0.8381467004446593,0.6014167670256413,0.9408389299104063,1.4024315912281429,0
0.3151270907358449,-0.06556468168733408,-0.030704704472457878,-0.015620609228609717,-0.2997919427633623,0.18768034245030202,0.8381467004446593,-1.6627404735414788,1.3245562640908652,-1.1728661880951996,0
0.7839208784789949,-0.06556468168733408,-1.1839330414661757,-0.015620609228609717,-1.8943483815394928,-1.513258187605826,-1.1931085566160113,-1.6627404735414788,-0.9777477409918889,-0.948927250762735,0
1.0964500703077644,1.4373506578504092,1.12252363252126,1.090263229965003,1.2947644960127682,1.159645216768088,0.8381467004446593,0.6014167670256413,1.6123442647262096,1.0665231852294461,1
-1.8725772520655304,-0.06556468168733408,-1.1839330414661757,-0.015620609228609717,-1.6490320063431652,-1.513258187605826,-1.1931085566160113,0.6014167670256413,-1.265535741627233,-1.9566524687588256,0
0.47139168665022824,-0.06556468168733408,-1.1839330414661757,-1.1215044484222225,-1.4037156311468373,-0.784284531867486,0.8381467004446593,0.6014167670256413,-0.4021717397212003,-0.3890799074315736,0
-1.8725772520655304,-0.06556468168733408,-0.030704704472457878,-1.1215044484222225,1.0494481208164406,0.18768034245030202,-1.1931085566160113,0.6014167670256413,-0.8818184074467741,-0.2771104387653413,1
0.9401854743933811,-0.06556468168733408,-0.030704704472457878,-0.015620609228609717,-0.7904246931560178,-1.0272757504469332,-1.1931085566160113,0.6014167670256413,-0.7858890739016593,0.5066758418982846,0
0.0025978989070768233,-0.06556468168733408,1.12252363252126,-1.1215044484222225,1.2947644960127682,-0.055310876129146085,0.8381467004446593,0.6014167670256413,1.036768263455521,0.3947063732320524,1
-0.4661958888360746,-0.06556468168733408,-1.1839330414661757,-0.015620609228609717,-2.017006569137657,-0.29830209470859204,-1.1931085566160113,0.6014167670256413,-1.3614650751723478,-0.7249883134302705,0
-1.8725772520655304,-1.5684800212250773,1.12252363252126,-1.1215044484222225,-0.1771337551651984,-0.29830209470859204,0.8381467004446593,0.6014167670256413,0.4611922621848325,-0.6130188447640381,0
1.4089792621365311,-0.06556468168733408,-0.030704704472457878,1.090263229965003,-0.4224501303615262,0.18768034245030202,0.8381467004446593,-1.6627404735414788,0.9408389299104063,1.0665231852294461,0
1.8777730498796839,1.4373506578504092,-0.030704704472457878,-1.1215044484222225,1.2947644960127682,1.159645216768088,0.8381467004446593,0.6014167670256413,0.269333595094603,1.4024315912281429,1
-1.0912542724936107,-0.06556468168733408,-1.1839330414661757,-1.1215044484222225,0.8041317456201127,-0.784284531867486,-1.1931085566160113,0.6014167670256413,-1.3614650751723478,0.9545537165632137,1
1.0964500703077644,-0.06556468168733408,-0.030704704472457878,-0.015620609228609717,0.6814735580219489,1.159645216768088,0.8381467004446593,-1.6627404735414788,0.9408389299104063,0.618645310564517,0
-0.15366669700730792,-0.06556468168733408,1.12252363252126,-1.1215044484222225,-1.1583992559505094,1.159645216768088,-1.1931085566160113,0.6014167670256413,-0.9777477409918889,-0.16514097009910902,0
-0.7787250806648427,-0.06556468168733408,-0.030704704472457878,-0.015620609228609717,-1.2810574435486735,-2.971205499082507,-1.1931085566160113,0.6014167670256413,-0.21031307263097082,-1.0608967194289673,0
0.47139168665022824,1.4373506578504092,1.12252363252126,-1.1215044484222225,1.2947644960127682,1.159645216768088,0.8381467004446593,0.6014167670256413,1.9001322653615538,0.618645310564517,1
0.7839208784789949,-0.06556468168733408,-0.030704704472457878,2.1961470691586156,0.43615718282562105,0.18768034245030202,0.8381467004446593,0.6014167670256413,0.653050929275062,1.0665231852294461,1
0.15886249482146017,-1.5684800212250773,-0.030704704472457878,1.090263229965003,0.6814735580219489,0.916653998188642,0.8381467004446593,0.6014167670256413,1.5164149311810948,1.4024315912281429,1
0.0025978989070768233,1.4373506578504092,1.12252363252126,1.090263229965003,1.2947644960127682,1.159645216768088,0.8381467004446593,0.6014167670256413,1.6123442647262096,1.5144010598943751,1
-1.0912542724936107,1.4373506578504092,-1.1839330414661757,-0.015620609228609717,1.0494481208164406,1.159645216768088,0.8381467004446593,0.6014167670256413,0.5571215957299472,0.7306147792307492,1
-0.7787250806648427,-0.06556468168733408,-0.030704704472457878,1.090263229965003,0.5588153704237849,1.159645216768088,0.8381467004446593,0.6014167670256413,1.036768263455521,0.5066758418982846,1
1.7215084539653005,-0.06556468168733408,1.12252363252126,1.090263229965003,1.2947644960127682,1.159645216768088,0.8381467004446593,0.6014167670256413,0.5571215957299472,0.8425842478969815,1
-1.8725772520655304,-0.06556468168733408,-0.030704704472457878,-0.015620609228609717,-0.9130828807541818,0.43067156102974796,-1.1931085566160113,-1.6627404735414788,-0.8818184074467741,-0.6130188447640381,0
-1.8725772520655304,1.4373506578504092,1.12252363252126,1.090263229965003,0.06818262003112939,-0.29830209470859204,-1.1931085566160113,0.6014167670256413,0.5571215957299472,-0.2771104387653413,0
-1.716312656151147,-0.06556468168733408,-1.1839330414661757,-0.015620609228609717,-1.2810574435486735,-0.055310876129146085,-1.1931085566160113,-1.6627404735414788,-1.0736770745370037,-1.5087745940938964,0
0.6276562825646116,1.4373506578504092,1.12252363252126,1.090263229965003,0.5588153704237849,0.673662779609194,0.8381467004446593,0.6014167670256413,0.8449095963652915,1.0665231852294461,1
0.9401854743933811,-0.06556468168733408,-2.3371613784598937,-1.1215044484222225,0.6814735580219489,-0.055310876129146085,0.8381467004446593,0.6014167670256413,1.7082735982713242,0.9545537165632137,1
-1.716312656151147,-0.06556468168733408,-1.1839330414661757,-1.1215044484222225,-0.4224501303615262,-0.29830209470859204,0.8381467004446593,-1.6627404735414788,-1.3614650751723478,-1.0608967194289673,0
1.0964500703077644,1.4373506578504092,1.12252363252126,1.090263229965003,1.0494481208164406,0.673662779609194,0.8381467004446593,0.6014167670256413,1.42048559763598,0.17076743589958782,1
1.5652438580509145,-0.06556468168733408,-0.030704704472457878,-0.015620609228609717,-0.667766505557854,-0.29830209470859204,0.8381467004446593,0.6014167670256413,-1.3614650751723478,0.618645310564517,1
1.5652438580509145,1.4373506578504092,1.12252363252126,2.1961470691586156,1.2947644960127682,0.673662779609194,0.8381467004446593,0.6014167670256413,0.7489802628201767,1.4024315912281429,1
-0.6224604847504593,-1.5684800212250773,-0.030704704472457878,-0.015620609228609717,-1.1583992559505094,-1.513258187605826,0.8381467004446593,0.6014167670256413,-1.3614650751723478,-0.05317150143287675,1
1.2527146662221478,1.4373506578504092,-1.1839330414661757,1.090263229965003,0.43615718282562105,-0.055310876129146085,0.8381467004446593,0.6014167670256413,-0.4021717397212003,1.0665231852294461,0
0.47139168665022824,-0.06556468168733408,1.12252363252126,-1.1215044484222225,0.06818262003112939,0.916653998188642,-1.1931085566160113,0.6014167670256413,-0.11438373908585606,0.9545537165632137,1
-1.8725772520655304,-1.5684800212250773,1.12252363252126,-1.1215044484222225,-0.2997919427633623,-0.784284531867486,0.8381467004446593,-1.6627404735414788,-0.6899597403565446,-0.3890799074315736,0
1.0964500703077644,-1.5684800212250773,-1.1839330414661757,-1.1215044484222225,-0.4224501303615262,-0.29830209470859204,0.8381467004446593,0.6014167670256413,-1.3614650751723478,1.1784926538956784,1
1.2527146662221478,-1.5684800212250773,-1.1839330414661757,-1.1215044484222225,0.8041317456201127,0.916653998188642,0.8381467004446593,0.6014167670256413,0.269333595094603,0.9545537165632137,1
0.7839208784789949,-1.5684800212250773,1.12252363252126,-0.015620609228609717,1.1721063084146044,1.159645216768088,0.8381467004446593,-1.6627404735414788,0.653050929275062,0.3947063732320524,1
0.9401854743933811,1.4373506578504092,1.12252363252126,1.090263229965003,1.2947644960127682,1.159645216768088,0.8381467004446593,0.6014167670256413,0.4611922621848325,1.5144010598943751,1
0.15886249482146017,-0.06556468168733408,-1.1839330414661757,-1.1215044484222225,-0.667766505557854,-1.2702669690263801,-1.1931085566160113,-1.6627404735414788,-0.7858890739016593,-0.7249883134302705,0
0.7839208784789949,1.4373506578504092,1.12252363252126,1.090263229965003,1.2947644960127682,0.673662779609194,0.8381467004446593,0.6014167670256413,0.653050929275062,1.4024315912281429,1
0.6276562825646116,-0.06556468168733408,1.12252363252126,1.090263229965003,1.2947644960127682,0.673662779609194,0.8381467004446593,0.6014167670256413,0.269333595094603,1.5144010598943751,1
1.5652438580509145,1.4373506578504092,1.12252363252126,1.090263229965003,1.1721063084146044,1.159645216768088,0.8381467004446593,0.6014167670256413,0.7489802628201767,0.9545537165632137,1
-1.716312656151147,-0.06556468168733408,-1.1839330414661757,-1.1215044484222225,-0.5451083179596901,0.18768034245030202,-1.1931085566160113,-1.6627404735414788,-0.6899597403565446,0.8425842478969815,0
-0.15366669700730792,-0.06556468168733408,-1.1839330414661757,-1.1215044484222225,-2.3849811319321486,-0.29830209470859204,-1.1931085566160113,-1.6627404735414788,-0.6899597403565446,-0.8369577820965027,0
0.9401854743933811,-0.06556468168733408,1.12252363252126,-0.015620609228609717,0.5588153704237849,0.673662779609194,0.8381467004446593,0.6014167670256413,-0.4021717397212003,-1.2848356567614319,1
1.2527146662221478,1.4373506578504092,1.12252363252126,1.090263229965003,1.0494481208164406,1.159645216768088,0.8381467004446593,0.6014167670256413,1.2286269305457505,1.4024315912281429,1
1.0964500703077644,1.4373506578504092,1.12252363252126,1.090263229965003,1.2947644960127682,1.159645216768088,0.8381467004446593,0.6014167670256413,0.3652629286397177,1.5144010598943751,1
-1.4037834643223788,-0.06556468168733408,1.12252363252126,-1.1215044484222225,0.06818262003112939,0.18768034245030202,-1.1931085566160113,0.6014167670256413,0.5571215957299472,-0.8369577820965027,0
0.15886249482146017,-0.06556468168733408,-0.030704704472457878,-1.1215044484222225,0.06818262003112939,0.916653998188642,0.8381467004446593,0.6014167670256413,-1.3614650751723478,-0.948927250762735,0
-0.15366669700730792,1.4373506578504092,-0.030704704472457878,-0.015620609228609717,-0.9130828807541818,-1.0272757504469332,0.8381467004446593,-1.6627404735414788,0.9408389299104063,0.618645310564517,0
0.7839208784789949,-0.06556468168733408,-0.030704704472457878,1.090263229965003,0.06818262003112939,0.18768034245030202,0.8381467004446593,0.6014167670256413,0.269333595094603,0.9545537165632137,1
-0.30993129292169125,1.4373506578504092,1.12252363252126,1.090263229965003,1.2947644960127682,0.916653998188642,0.8381467004446593,0.6014167670256413,-0.4021717397212003,0.8425842478969815,0
-0.30993129292169125,-0.06556468168733408,-1.1839330414661757,-0.015620609228609717,-1.4037156311468373,0.916653998188642,-1.1931085566160113,-1.6627404735414788,-1.0736770745370037,-1.1728661880951996,0
0.0025978989070768233,-0.06556468168733408,-1.1839330414661757,-1.1215044484222225,-1.8943483815394928,0.18768034245030202,-1.1931085566160113,-1.6627404735414788,-0.6899597403565446,-1.2848356567614319,0
0.3151270907358449,-0.06556468168733408,1.12252363252126,1.090263229965003,1.2947644960127682,1.159645216768088,0.8381467004446593,0.6014167670256413,1.9960615989066686,0.8425842478969815,1
-0.15366669700730792,-0.06556468168733408,-0.030704704472457878,-1.1215044484222225,-1.0357410683523456,0.43067156102974796,-1.1931085566160113,0.6014167670256413,-1.3614650751723478,-1.1728661880951996,1
-0.9349896765792275,-1.5684800212250773,-0.030704704472457878,-1.1215044484222225,0.06818262003112939,-1.2702669690263801,-1.1931085566160113,0.6014167670256413,-1.1696064080821185,-0.5010493760978059,0
-0.4661958888360746,-0.06556468168733408,-1.1839330414661757,-1.1215044484222225,-2.3849811319321486,-0.29830209470859204,-1.1931085566160113,0.6014167670256413,-1.3614650751723478,-1.0608967194289673,0
0.7839208784789949,-0.06556468168733408,1.12252363252126,1.090263229965003,1.2947644960127682,0.18768034245030202,0.8381467004446593,0.6014167670256413,0.1734042615494882,0.7306147792307492,1
1.4089792621365311,1.4373506578504092,1.12252363252126,1.090263229965003,1.2947644960127682,1.159645216768088,-1.1931085566160113,0.6014167670256413,0.1734042615494882,1.1784926538956784,1
-0.9349896765792275,-0.06556468168733408,-1.1839330414661757,-0.015620609228609717,-2.017006569137657,-1.7562494061852731,-1.1931085566160113,0.6014167670256413,-1.0736770745370037,-0.7249883134302705,0
-1.716312656151147,-1.5684800212250773,-1.1839330414661757,-0.015620609228609717,-0.9130828807541818,-0.5412933132880401,-1.1931085566160113,0.6014167670256413,-0.4981010732663151,-0.5010493760978059,0
1.0964500703077644,1.4373506578504092,1.12252363252126,1.090263229965003,1.2947644960127682,0.673662779609194,0.8381467004446593,0.6014167670256413,1.3245562640908652,1.0665231852294461,1
1.4089792621365311,-0.06556468168733408,1.12252363252126,-1.1215044484222225,0.31349899522745717,-0.055310876129146085,0.8381467004446593,0.6014167670256413,0.1734042615494882,0.8425842478969815,1
0.9401854743933811,-0.06556468168733408,1.12252363252126,1.090263229965003,1.2947644960127682,1.159645216768088,0.8381467004446593,0.6014167670256413,1.7082735982713242,1.5144010598943751,1
-1.8725772520655304,-0.06556468168733408,-0.030704704472457878,-1.1215044484222225,-0.2997919427633623,0.673662779609194,-1.1931085566160113,0.6014167670256413,-0.4981010732663151,-0.5010493760978059,0
1.4089792621365311,-0.06556468168733408,1.12252363252126,1.090263229965003,1.2947644960127682,1.159645216768088,0.8381467004446593,0.6014167670256413,0.3652629286397177,0.9545537165632137,1
0.6276562825646116,-0.06556468168733408,-1.1839330414661757,-0.015620609228609717,-0.1771337551651984,-0.055310876129146085,-1.1931085566160113,0.6014167670256413,-1.0736770745370037,-1.2848356567614319,0
0.0025978989070768233,1.4373506578504092,-0.030704704472457878,1.090263229965003,0.6814735580219489,1.159645216768088,0.8381467004446593,0.6014167670256413,0.4611922621848325,0.9545537165632137,0
-0.9349896765792275,1.4373506578504092,1.12252363252126,-1.1215044484222225,-0.0544755675670345,1.159645216768088,0.8381467004446593,0.6014167670256413,0.07747492800437346,1.5144010598943751,1
0.9401854743933811,-0.06556468168733408,-0.030704704472457878,-1.1215044484222225,1.1721063084146044,0.43067156102974796,0.8381467004446593,0.6014167670256413,0.5571215957299472,-0.2771104387653413,0
0.9401854743933811,1.4373506578504092,-1.1839330414661757,-1.1215044484222225,0.06818262003112939,0.916653998188642,0.8381467004446593,0.6014167670256413,1.42048559763598,1.2904621225619106,1
0.15886249482146017,-1.5684800212250773,-0.030704704472457878,-1.1215044484222225,-0.667766505557854,-0.29830209470859204,-1.1931085566160113,0.6014167670256413,-1.3614650751723478,-0.7249883134302705,0
-0.7787250806648427,-0.06556468168733408,-1.1839330414661757,-1.1215044484222225,-1.771690193941329,-1.513258187605826,-1.1931085566160113,-1.6627404735414788,-0.5940304068114298,-0.3890799074315736,0
1.0964500703077644,-0.06556468168733408,-1.1839330414661757,-1.1215044484222225,0.5588153704237849,0.916653998188642,0.8381467004446593,-1.6627404735414788,-0.6899597403565446,-1.2848356567614319,0
-1.716312656151147,-0.06556468168733408,1.12252363252126,-0.015620609228609717,0.31349899522745717,0.673662779609194,-1.1931085566160113,0.6014167670256413,-0.9777477409918889,1.4024315912281429,0
0.9401854743933811,-0.06556468168733408,-0.030704704472457878,-1.1215044484222225,0.19084080762929329,-1.7562494061852731,0.8381467004446593,0.6014167670256413,1.1326975970006357,1.0665231852294461,0
-1.4037834643223788,-0.06556468168733408,-0.030704704472457878,-1.1215044484222225,0.31349899522745717,0.18768034245030202,0.8381467004446593,0.6014167670256413,-0.9777477409918889,-0.6130188447640381,1
-1.5600480602367621,-1.5684800212250773,-0.030704704472457878,-1.1215044484222225,0.43615718282562105,-0.784284531867486,-1.1931085566160113,0.6014167670256413,-1.3614650751723478,-0.948927250762735,0
-0.15366669700730792,-0.06556468168733408,-1.1839330414661757,-1.1215044484222225,-1.771690193941329,-0.5412933132880401,0.8381467004446593,-1.6627404735414788,-1.3614650751723478,-1.0608967194289673,0
-0.30993129292169125,-0.06556468168733408,-0.030704704472457878,-1.1215044484222225,-0.0544755675670345,-1.2702669690263801,-1.1931085566160113,-1.6627404735414788,-0.4981010732663151,-0.5010493760978059,0
0.47139168665022824,1.4373506578504092,1.12252363252126,-1.1215044484222225,0.5588153704237849,0.673662779609194,0.8381467004446593,0.6014167670256413,0.653050929275062,0.9545537165632137,1
-0.30993129292169125,-0.06556468168733408,-0.030704704472457878,-0.015620609228609717,1.2947644960127682,-2.2422318433441673,-1.1931085566160113,0.6014167670256413,-0.9777477409918889,-0.2771104387653413,0
0.9401854743933811,-0.06556468168733408,-1.1839330414661757,-0.015620609228609717,-1.8943483815394928,-0.5412933132880401,-1.1931085566160113,-1.6627404735414788,-1.3614650751723478,-0.3890799074315736,0
0.9401854743933811,-1.5684800212250773,1.12252363252126,-0.015620609228609717,-0.4224501303615262,0.43067156102974796,0.8381467004446593,-1.6627404735414788,1.1326975970006357,-0.8369577820965027,0
0.15886249482146017,-0.06556468168733408,1.12252363252126,-1.1215044484222225,-0.1771337551651984,0.18768034245030202,-1.1931085566160113,0.6014167670256413,0.7489802628201767,-0.5010493760978059,1
0.7839208784789949,-0.06556468168733408,-1.1839330414661757,-1.1215044484222225,-0.4224501303615262,0.916653998188642,0.8381467004446593,0.6014167670256413,0.5571215957299472,1.0665231852294461,0
0.3151270907358449,-0.06556468168733408,1.12252363252126,-1.1215044484222225,0.5588153704237849,0.916653998188642,0.8381467004446593,0.6014167670256413,0.07747492800437346,1.1784926538956784,1
0.47139168665022824,1.4373506578504092,1.12252363252126,1.090263229965003,-0.0544755675670345,1.159645216768088,-1.1931085566160113,-1.6627404735414788,0.4611922621848325,0.5066758418982846,1
-1.8725772520655304,-0.06556468168733408,1.12252363252126,1.090263229965003,-0.2997919427633623,-0.29830209470859204,0.8381467004446593,0.6014167670256413,0.8449095963652915,0.7306147792307492,0
0.6276562825646116,-0.06556468168733408,-1.1839330414661757,-1.1215044484222225,-1.1583992559505094,-0.055310876129146085,0.8381467004446593,0.6014167670256413,0.653050929275062,-0.6130188447640381,0
-0.30993129292169125,-0.06556468168733408,1.12252363252126,-1.1215044484222225,0.43615718282562105,-0.5412933132880401,0.8381467004446593,0.6014167670256413,0.8449095963652915,0.7306147792307492,1
0.7839208784789949,-1.5684800212250773,1.12252363252126,-1.1215044484222225,-0.2997919427633623,-0.784284531867486,0.8381467004446593,-1.6627404735414788,-0.0184544055407413,1.1784926538956784,0
-0.30993129292169125,-0.06556468168733408,-1.1839330414661757,-0.015620609228609717,-0.2997919427633623,0.43067156102974796,0.8381467004446593,0.6014167670256413,0.269333595094603,1.2904621225619106,1
0.0025978989070768233,-0.06556468168733408,1.12252363252126,2.1961470691586156,0.5588153704237849,0.916653998188642,0.8381467004446593,0.6014167670256413,0.8449095963652915,-0.16514097009910902,0
0.9401854743933811,-0.06556468168733408,1.12252363252126,1.090263229965003,1.2947644960127682,0.916653998188642,0.8381467004446593,0.6014167670256413,1.036768263455521,1.1784926538956784,1
-0.15366669700730792,-1.5684800212250773,-1.1839330414661757,1.090263229965003,0.43615718282562105,1.159645216768088,0.8381467004446593,0.6014167670256413,0.8449095963652915,0.7306147792307492,1
-0.15366669700730792,-0.06556468168733408,-0.030704704472457878,-0.015620609228609717,-0.667766505557854,-0.5412933132880401,-1.1931085566160113,0.6014167670256413,-1.3614650751723478,-1.0608967194289673,1
-0.6224604847504593,-0.06556468168733408,-0.030704704472457878,-0.015620609228609717,0.43615718282562105,-1.0272757504469332,0.8381467004446593,0.6014167670256413,0.4611922621848325,-0.948927250762735,1
-1.8725772520655304,-1.5684800212250773,-1.1839330414661757,-0.015620609228609717,-1.4037156311468373,-0.5412933132880401,-1.1931085566160113,-1.6627404735414788,-1.3614650751723478,-1.0608967194289673,0
-0.6224604847504593,-1.5684800212250773,-0.030704704472457878,-1.1215044484222225,-1.2810574435486735,-1.2702669690263801,-1.1931085566160113,0.6014167670256413,-1.3614650751723478,-1.2848356567614319,0
-0.6224604847504593,-1.5684800212250773,-1.1839330414661757,-1.1215044484222225,-1.526373818745001,-1.7562494061852731,-1.1931085566160113,-1.6627404735414788,-1.3614650751723478,-1.8446830000925933,0
-1.4037834643223788,-0.06556468168733408,-1.1839330414661757,-1.1215044484222225,-0.7904246931560178,-0.055310876129146085,-1.1931085566160113,-1.6627404735414788,-0.5940304068114298,-0.7249883134302705,0
0.15886249482146017,-0.06556468168733408,-0.030704704472457878,-0.015620609228609717,-0.1771337551651984,1.159645216768088,-1.1931085566160113,0.6014167670256413,-1.3614650751723478,-0.6130188447640381,0
0.6276562825646116,-0.06556468168733408,1.12252363252126,1.090263229965003,1.2947644960127682,-0.055310876129146085,0.8381467004446593,0.6014167670256413,0.3652629286397177,1.2904621225619106,1
-0.15366669700730792,1.4373506578504092,-1.1839330414661757,-1.1215044484222225,-0.1771337551651984,-1.0272757504469332,-1.1931085566160113,-1.6627404735414788,1.3245562640908652,-0.6130188447640381,1
0.0025978989070768233,-0.06556468168733408,-1.1839330414661757,1.090263229965003,-1.8943483815394928,0.18768034245030202,0.8381467004446593,0.6014167670256413,-0.7858890739016593,-1.1728661880951996,0
0.9401854743933811,1.4373506578504092,1.12252363252126,1.090263229965003,1.2947644960127682,1.159645216768088,0.8381467004446593,0.6014167670256413,0.5571215957299472,1.1784926538956784,1
-1.716312656151147,1.4373506578504092,1.12252363252126,-0.015620609228609717,0.6814735580219489,-0.5412933132880401,-1.1931085566160113,-1.6627404735414788,0.4611922621848325,-0.6130188447640381,0
0.7839208784789949,1.4373506578504092,1.12252363252126,1.090263229965003,0.8041317456201127,0.43067156102974796,-1.1931085566160113,-1.6627404735414788,0.7489802628201767,0.618645310564517,0
-1.8725772520655304,-0.06556468168733408,-0.030704704472457878,-0.015620609228609717,-0.9130828807541818,0.673662779609194,0.8381467004446593,0.6014167670256413,1.2286269305457505,-0.3890799074315736,0
-1.4037834643223788,-0.06556468168733408,-1.1839330414661757,-0.015620609228609717,-0.5451083179596901,-1.2702669690263801,-1.1931085566160113,0.6014167670256413,-0.8818184074467741,-0.8369577820965027,0
0.6276562825646116,1.4373506578504092,1.12252363252126,1.090263229965003,1.2947644960127682,1.159645216768088,0.8381467004446593,0.6014167670256413,1.9001322653615538,0.9545537165632137,1
-1.8725772520655304,-0.06556468168733408,-0.030704704472457878,-1.1215044484222225,-2.3849811319321486,-0.055310876129146085,-1.1931085566160113,-1.6627404735414788,-1.3614650751723478,-0.5010493760978059,0
-1.247518868407994,-0.06556468168733408,-1.1839330414661757,-1.1215044484222225,0.43615718282562105,-1.99924062476472,-1.1931085566160113,0.6014167670256413,-0.7858890739016593,-0.3890799074315736,0
0.47139168665022824,1.4373506578504092,1.12252363252126,1.090263229965003,0.9267899332182766,1.159645216768088,0.8381467004446593,0.6014167670256413,0.5571215957299472,0.7306147792307492,1
0.47139168665022824,1.4373506578504092,1.12252363252126,1.090263229965003,1.1721063084146044,1.159645216768088,0.8381467004446593,0.6014167670256413,1.3245562640908652,0.9545537165632137,1
0.7839208784789949,-0.06556468168733408,1.12252363252126,1.090263229965003,1.2947644960127682,1.159645216768088,0.8381467004446593,0.6014167670256413,1.1326975970006357,0.9545537165632137,1
0.3151270907358449,1.4373506578504092,1.12252363252126,1.090263229965003,1.2947644960127682,0.916653998188642,0.8381467004446593,0.6014167670256413,1.804202931816439,0.9545537165632137,1
-0.30993129292169125,-0.06556468168733408,-0.030704704472457878,-1.1215044484222225,-1.8943483815394928,-1.2702669690263801,-1.1931085566160113,-1.6627404735414788,-1.3614650751723478,-0.8369577820965027,0
1.4089792621365311,1.4373506578504092,-1.1839330414661757,1.090263229965003,1.2947644960127682,1.159645216768088,0.8381467004446593,0.6014167670256413,1.1326975970006357,0.618645310564517,1
0.7839208784789949,-0.06556468168733408,1.12252363252126,-1.1215044484222225,0.9267899332182766,-1.513258187605826,0.8381467004446593,0.6014167670256413,0.4611922621848325,1.5144010598943751,1
-0.4661958888360746,-0.06556468168733408,-1.1839330414661757,-0.015620609228609717,0.19084080762929329,-0.29830209470859204,-1.1931085566160113,-1.6627404735414788,1.2286269305457505,-1.5087745940938964,0
0.47139168665022824,-0.06556468168733408,-0.030704704472457878,-0.015620609228609717,0.31349899522745717,0.18768034245030202,-1.1931085566160113,0.6014167670256413,1.1326975970006357,-1.0608967194289673,1
-0.4661958888360746,-0.06556468168733408,-0.030704704472457878,-1.1215044484222225,0.06818262003112939,0.673662779609194,-1.1931085566160113,0.6014167670256413,0.653050929275062,-0.3890799074315736,1
0.9401854743933811,1.4373506578504092,1.12252363252126,1.090263229965003,1.2947644960127682,1.159645216768088,0.8381467004446593,0.6014167670256413,-0.11438373908585606,1.5144010598943751,1
0.0025978989070768233,1.4373506578504092,1.12252363252126,1.090263229965003,0.9267899332182766,1.159645216768088,0.8381467004446593,0.6014167670256413,1.036768263455521,0.8425842478969815,1
-1.8725772520655304,-1.5684800212250773,-1.1839330414661757,-1.1215044484222225,-0.4224501303615262,0.673662779609194,0.8381467004446593,0.6014167670256413,0.9408389299104063,-0.8369577820965027,0
1.0964500703077644,-1.5684800212250773,1.12252363252126,-1.1215044484222225,0.5588153704237849,-0.29830209470859204,0.8381467004446593,0.6014167670256413,0.5571215957299472,0.8425842478969815,1
0.47139168665022824,-0.06556468168733408,1.12252363252126,1.090263229965003,1.2947644960127682,1.159645216768088,0.8381467004446593,0.6014167670256413,0.9408389299104063,1.0665231852294461,1
-1.5600480602367621,-0.06556468168733408,-0.030704704472457878,-1.1215044484222225,-0.5451083179596901,1.159645216768088,0.8381467004446593,0.6014167670256413,-1.3614650751723478,-0.8369577820965027,1
0.7839208784789949,1.4373506578504092,1.12252363252126,-0.015620609228609717,-1.2810574435486735,-0.784284531867486,0.8381467004446593,0.6014167670256413,0.7489802628201767,0.8425842478969815,0
0.3151270907358449,1.4373506578504092,1.12252363252126,1.090263229965003,1.2947644960127682,1.159645216768088,0.8381467004446593,0.6014167670256413,0.5571215957299472,1.4024315912281429,1
0.9401854743933811,-0.06556468168733408,1.12252363252126,1.090263229965003,0.31349899522745717,1.159645216768088,0.8381467004446593,0.6014167670256413,0.7489802628201767,1.5144010598943751,1
0.3151270907358449,1.4373506578504092,1.12252363252126,1.090263229965003,0.8041317456201127,1.159645216768088,0.8381467004446593,0.6014167670256413,0.1734042615494882,1.0665231852294461,0
0.0025978989070768233,-1.5684800212250773,-1.1839330414661757,-1.1215044484222225,-1.771690193941329,-0.055310876129146085,-1.1931085566160113,0.6014167670256413,-1.3614650751723478,-1.1728661880951996,0
-0.6224604847504593,-0.06556468168733408,-1.1839330414661757,-1.1215044484222225,0.5588153704237849,0.43067156102974796,-1.1931085566160113,0.6014167670256413,-1.3614650751723478,0.058797967233355536,0
-0.15366669700730792,-0.06556468168733408,-1.1839330414661757,1.090263229965003,1.2947644960127682,1.159645216768088,0.8381467004446593,0.6014167670256413,1.036768263455521,-0.6130188447640381,0
1.0964500703077644,-0.06556468168733408,1.12252363252126,1.090263229965003,1.2947644960127682,-0.5412933132880401,0.8381467004446593,0.6014167670256413,0.7489802628201767,0.8425842478969815,1
-0.30993129292169125,-0.06556468168733408,-0.030704704472457878,1.090263229965003,-1.4037156311468373,-0.784284531867486,0.8381467004446593,0.6014167670256413,-0.0184544055407413,-0.7249883134302705,1
0.0025978989070768233,-0.06556468168733408,-1.1839330414661757,-1.1215044484222225,0.06818262003112939,0.43067156102974796,-1.1931085566160113,-1.6627404735414788,-1.3614650751723478,-0.05317150143287675,0
0.3151270907358449,-1.5684800212250773,1.12252363252126,-1.1215044484222225,1.2947644960127682,0.18768034245030202,0.8381467004446593,-1.6627404735414788,0.5571215957299472,1.2904621225619106,1
-0.9349896765792275,-0.06556468168733408,-1.1839330414661757,-1.1215044484222225,-0.0544755675670345,-1.2702669690263801,-1.1931085566160113,-1.6627404735414788,-1.3614650751723478,-1.5087745940938964,0
0.6276562825646116,1.4373506578504092,-1.1839330414661757,-1.1215044484222225,0.43615718282562105,-0.5412933132880401,-1.1931085566160113,-1.6627404735414788,-0.5940304068114298,-0.948927250762735,0
0.9401854743933811,1.4373506578504092,1.12252363252126,1.090263229965003,0.31349899522745717,1.159645216768088,0.8381467004446593,0.6014167670256413,0.9408389299104063,0.7306147792307492,1
0.6276562825646116,-1.5684800212250773,1.12252363252126,1.090263229965003,-0.0544755675670345,-0.055310876129146085,0.8381467004446593,0.6014167670256413,0.269333595094603,0.9545537165632137,1
1.5652438580509145,1.4373506578504092,-1.1839330414661757,-1.1215044484222225,-1.6490320063431652,1.159645216768088,0.8381467004446593,-1.6627404735414788,0.07747492800437346,-1.732713531426361,0
1.0964500703077644,1.4373506578504092,1.12252363252126,1.090263229965003,1.2947644960127682,1.159645216768088,0.8381467004446593,0.6014167670256413,0.9408389299104063,1.5144010598943751,1
-0.15366669700730792,1.4373506578504092,-1.1839330414661757,-0.015620609228609717,-0.667766505557854,-1.2702669690263801,0.8381467004446593,0.6014167670256413,-0.7858890739016593,0.9545537165632137,0
-0.30993129292169125,-0.06556468168733408,1.12252363252126,1.090263229965003,0.43615718282562105,-0.055310876129146085,0.8381467004446593,0.6014167670256413,0.5571215957299472,0.7306147792307492,0
-0.6224604847504593,-0.06556468168733408,-1.1839330414661757,-1.1215044484222225,-1.1583992559505094,-1.513258187605826,0.8381467004446593,0.6014167670256413,-0.7858890739016593,-0.8369577820965027,0
-1.4037834643223788,-0.06556468168733408,-0.030704704472457878,-1.1215044484222225,1.0494481208164406,1.159645216768088,0.8381467004446593,0.6014167670256413,1.036768263455521,-1.1728661880951996,1
-0.4661958888360746,-1.5684800212250773,-1.1839330414661757,1.090263229965003,0.19084080762929329,-1.2702669690263801,0.8381467004446593,0.6014167670256413,0.269333595094603,1.4024315912281429,0
-0.30993129292169125,1.4373506578504092,1.12252363252126,1.090263229965003,-0.0544755675670345,0.18768034245030202,0.8381467004446593,0.6014167670256413,0.07747492800437346,0.618645310564517,1
-1.8725772520655304,-0.06556468168733408,-1.1839330414661757,-0.015620609228609717,-1.4037156311468373,-1.0272757504469332,-1.1931085566160113,0.6014167670256413,-1.3614650751723478,-0.16514097009910902,0
-0.15366669700730792,-0.06556468168733408,1.12252363252126,1.090263229965003,-1.0357410683523456,-0.29830209470859204,0.8381467004446593,0.6014167670256413,0.269333595094603,-0.7249883134302705,0
-0.4661958888360746,-1.5684800212250773,-1.1839330414661757,1.090263229965003,-0.0544755675670345,-1.99924062476472,-1.1931085566160113,0.6014167670256413,-1.3614650751723478,-0.948927250762735,0
-0.30993129292169125,-1.5684800212250773,-1.1839330414661757,-1.1215044484222225,-0.667766505557854,0.43067156102974796,0.8381467004446593,0.6014167670256413,0.1734042615494882,0.618645310564517,0
0.0025978989070768233,-1.5684800212250773,-1.1839330414661757,-0.015620609228609717,1.2947644960127682,0.18768034245030202,-1.1931085566160113,0.6014167670256413,1.036768263455521,-1.1728661880951996,0
-0.4661958888360746,-0.06556468168733408,-1.1839330414661757,-1.1215044484222225,-0.0544755675670345,-1.2702669690263801,0.8381467004446593,-1.6627404735414788,-0.8818184074467741,-1.6207440627601286,0
-1.8725772520655304,-0.06556468168733408,-1.1839330414661757,-0.015620609228609717,-0.5451083179596901,-1.0272757504469332,-1.1931085566160113,-1.6627404735414788,-1.0736770745370037,-0.948927250762735,0
-0.4661958888360746,-0.06556468168733408,-0.030704704472457878,-0.015620609228609717,0.43615718282562105,-0.29830209470859204,0.8381467004446593,0.6014167670256413,-0.9777477409918889,-0.05317150143287675,1
-1.8725772520655304,-0.06556468168733408,-1.1839330414661757,-0.015620609228609717,0.43615718282562105,0.18768034245030202,-1.1931085566160113,-1.6627404735414788,-1.3614650751723478,-0.05317150143287675,0
1.2527146662221478,1.4373506578504092,-1.1839330414661757,-0.015620609228609717,0.06818262003112939,-1.7562494061852731,0.8381467004446593,-1.6627404735414788,1.3245562640908652,-0.7249883134302705,0
-1.8725772520655304,-0.06556468168733408,-0.030704704472457878,-1.1215044484222225,-1.771690193941329,0.18768034245030202,-1.1931085566160113,0.6014167670256413,-0.7858890739016593,-0.7249883134302705,0
-1.8725772520655304,-0.06556468168733408,-1.1839330414661757,-1.1215044484222225,-1.2810574435486735,-1.99924062476472,-1.1931085566160113,0.6014167670256413,-1.3614650751723478,-0.2771104387653413,0
-1.716312656151147,-0.06556468168733408,1.12252363252126,1.090263229965003,0.9267899332182766,1.159645216768088,0.8381467004446593,0.6014167670256413,1.804202931816439,0.9545537165632137,1
-0.15366669700730792,-0.06556468168733408,-1.1839330414661757,-0.015620609228609717,-1.1583992559505094,0.18768034245030202,-1.1931085566160113,-1.6627404735414788,-1.0736770745370037,-1.2848356567614319,0
-1.8725772520655304,-0.06556468168733408,-1.1839330414661757,-1.1215044484222225,0.9267899332182766,1.159645216768088,-1.1931085566160113,-1.6627404735414788,-0.5940304068114298,-0.948927250762735,1
-1.8725772520655304,-0.06556468168733408,-1.1839330414661757,-0.015620609228609717,0.19084080762929329,1.159645216768088,-1.1931085566160113,0.6014167670256413,-1.0736770745370037,0.2827369045658201,0
-1.0912542724936107,-1.5684800212250773,-0.030704704472457878,1.090263229965003,-1.0357410683523456,-0.29830209470859204,0.8381467004446593,-1.6627404735414788,-1.3614650751723478,-0.948927250762735,0
-0.30993129292169125,-1.5684800212250773,-1.1839330414661757,-0.015620609228609717,-0.1771337551651984,-1.99924062476472,-1.1931085566160113,0.6014167670256413,-1.3614650751723478,0.3947063732320524,0
-1.5600480602367621,-0.06556468168733408,-0.030704704472457878,-0.015620609228609717,-0.0544755675670345,-1.0272757504469332,-1.1931085566160113,0.6014167670256413,1.2286269305457505,0.9545537165632137,0
0.9401854743933811,1.4373506578504092,1.12252363252126,1.090263229965003,0.31349899522745717,0.916653998188642,0.8381467004446593,0.6014167670256413,0.9408389299104063,0.8425842478969815,1
0.3151270907358449,-1.5684800212250773,-1.1839330414661757,-1.1215044484222225,0.06818262003112939,1.159645216768088,-1.1931085566160113,0.6014167670256413,1.3245562640908652,-0.6130188447640381,0
0.3151270907358449,-1.5684800212250773,-1.1839330414661757,-0.015620609228609717,-0.2997919427633623,-0.29830209470859204,-1.1931085566160113,-1.6627404735414788,-1.3614650751723478,-1.2848356567614319,0
-0.30993129292169125,-0.06556468168733408,1.12252363252126,-1.1215044484222225,0.8041317456201127,0.43067156102974796,0.8381467004446593,0.6014167670256413,1.9960615989066686,-0.8369577820965027,1
-0.15366669700730792,-1.5684800212250773,-1.1839330414661757,-0.015620609228609717,-1.8943483815394928,-0.5412933132880401,-1.1931085566160113,-1.6627404735414788,-1.3614650751723478,-1.8446830000925933,0
1.5652438580509145,1.4373506578504092,1.12252363252126,1.090263229965003,1.2947644960127682,1.159645216768088,0.8381467004446593,0.6014167670256413,0.5571215957299472,1.4024315912281429,1
1.5652438580509145,-1.5684800212250773,-0.030704704472457878,-0.015620609228609717,0.06818262003112939,1.159645216768088,0.8381467004446593,0.6014167670256413,1.2286269305457505,0.5066758418982846,1
-0.15366669700730792,-0.06556468168733408,1.12252363252126,1.090263229965003,1.2947644960127682,0.18768034245030202,0.8381467004446593,-1.6627404735414788,0.3652629286397177,0.7306147792307492,1
-1.8725772520655304,-0.06556468168733408,-1.1839330414661757,1.090263229965003,-1.4037156311468373,-1.2702669690263801,0.8381467004446593,-1.6627404735414788,-0.7858890739016593,-0.5010493760978059,0
-0.30993129292169125,-1.5684800212250773,-0.030704704472457878,-0.015620609228609717,-1.1583992559505094,0.18768034245030202,-1.1931085566160113,0.6014167670256413,-1.3614650751723478,-0.6130188447640381,0
-1.5600480602367621,-0.06556468168733408,-1.1839330414661757,-1.1215044484222225,0.6814735580219489,0.18768034245030202,-1.1931085566160113,0.6014167670256413,-1.3614650751723478,-0.7249883134302705,0
-0.30993129292169125,-0.06556468168733408,-1.1839330414661757,-0.015620609228609717,-1.1583992559505094,-1.2702669690263801,-1.1931085566160113,0.6014167670256413,-0.5940304068114298,-0.16514097009910902,0
0.7839208784789949,-0.06556468168733408,1.12252363252126,-1.1215044484222225,1.1721063084146044,1.159645216768088,0.8381467004446593,0.6014167670256413,1.036768263455521,1.5144010598943751,0
0.6276562825646116,1.4373506578504092,1.12252363252126,1.090263229965003,0.31349899522745717,0.916653998188642,0.8381467004446593,0.6014167670256413,1.3245562640908652,1.2904621225619106,1
-0.15366669700730792,-0.06556468168733408,-0.030704704472457878,-1.1215044484222225,0.06818262003112939,-0.784284531867486,-1.1931085566160113,0.6014167670256413,0.8449095963652915,-0.16514097009910902,0
-1.716312656151147,-0.06556468168733408,-1.1839330414661757,-0.015620609228609717,-1.2810574435486735,0.43067156102974796,-1.1931085566160113,0.6014167670256413,-0.7858890739016593,-0.7249883134302705,0
1.0964500703077644,1.4373506578504092,1.12252363252126,1.090263229965003,0.9267899332182766,1.159645216768088,0.8381467004446593,0.6014167670256413,0.9408389299104063,1.2904621225619106,1
1.5652438580509145,-0.06556468168733408,1.12252363252126,1.090263229965003,1.2947644960127682,1.159645216768088,0.8381467004446593,0.6014167670256413,0.7489802628201767,0.5066758418982846,1
0.0025978989070768233,-1.5684800212250773,-1.1839330414661757,-0.015620609228609717,-1.2810574435486735,1.159645216768088,0.8381467004446593,0.6014167670256413,0.8449095963652915,-1.0608967194289673,0
0.6276562825646116,-1.5684800212250773,1.12252363252126,-1.1215044484222225,-0.4224501303615262,-1.0272757504469332,0.8381467004446593,0.6014167670256413,-0.30624240617608556,0.9545537165632137,0
-0.6224604847504593,-0.06556468168733408,-0.030704704472457878,-0.015620609228609717,1.0494481208164406,1.159645216768088,-1.1931085566160113,-1.6627404735414788,-1.3614650751723478,-0.05317150143287675,0
-1.247518868407994,-0.06556468168733408,-1.1839330414661757,-0.015620609228609717,-1.1583992559505094,0.43067156102974796,-1.1931085566160113,-1.6627404735414788,-0.4021717397212003,-0.2771104387653413,0
0.15886249482146017,-0.06556468168733408,-1.1839330414661757,-1.1215044484222225,0.31349899522745717,0.673662779609194,0.8381467004446593,0.6014167670256413,-1.3614650751723478,0.2827369045658201,1
0.6276562825646116,1.4373506578504092,1.12252363252126,1.090263229965003,0.5588153704237849,-0.5412933132880401,0.8381467004446593,0.6014167670256413,1.7082735982713242,1.1784926538956784,1
0.9401854743933811,1.4373506578504092,1.12252363252126,1.090263229965003,1.2947644960127682,0.43067156102974796,0.8381467004446593,0.6014167670256413,1.2286269305457505,1.1784926538956784,1
0.0025978989070768233,-0.06556468168733408,-0.030704704472457878,-1.1215044484222225,-0.7904246931560178,-0.784284531867486,-1.1931085566160113,0.6014167670256413,-0.4021717397212003,0.058797967233355536,1
-1.247518868407994,-0.06556468168733408,-0.030704704472457878,-1.1215044484222225,-1.1583992559505094,1.159645216768088,0.8381467004446593,0.6014167670256413,0.8449095963652915,1.5144010598943751,0
-1.0912542724936107,-0.06556468168733408,1.12252363252126,-1.1215044484222225,-0.667766505557854,0.673662779609194,0.8381467004446593,0.6014167670256413,0.7489802628201767,-0.8369577820965027,0
-1.4037834643223788,1.4373506578504092,-0.030704704472457878,1.090263229965003,-0.1771337551651984,-0.055310876129146085,0.8381467004446593,0.6014167670256413,0.8449095963652915,1.2904621225619106,1
0.6276562825646116,-1.5684800212250773,1.12252363252126,1.090263229965003,0.43615718282562105,0.673662779609194,0.8381467004446593,-1.6627404735414788,-0.11438373908585606,0.9545537165632137,1
0.47139168665022824,-0.06556468168733408,1.12252363252126,-0.015620609228609717,0.06818262003112939,0.673662779609194,0.8381467004446593,-1.6627404735414788,1.036768263455521,-0.5010493760978059,0
0.0025978989070768233,-0.06556468168733408,-0.030704704472457878,-1.1215044484222225,-0.7904246931560178,1.159645216768088,-1.1931085566160113,0.6014167670256413,0.8449095963652915,-0.3890799074315736,0
-0.30993129292169125,-0.06556468168733408,-1.1839330414661757,-0.015620609228609717,-0.5451083179596901,-0.784284531867486,-1.1931085566160113,-1.6627404735414788,-1.3614650751723478,-0.05317150143287675,0
-0.15366669700730792,-0.06556468168733408,-0.030704704472457878,-0.015620609228609717,0.9267899332182766,-0.055310876129146085,-1.1931085566160113,-1.6627404735414788,-0.8818184074467741,0.618645310564517,0
0.0025978989070768233,1.4373506578504092,1.12252363252126,1.090263229965003,-0.5451083179596901,0.18768034245030202,0.8381467004446593,-1.6627404735414788,1.3245562640908652,0.9545537165632137,1
-0.30993129292169125,-0.06556468168733408,-1.1839330414661757,1.090263229965003,0.06818262003112939,0.43067156102974796,-1.1931085566160113,-1.6627404735414788,-0.4981010732663151,-0.5010493760978059,0
-0.15366669700730792,-0.06556468168733408,-0.030704704472457878,1.090263229965003,-0.5451083179596901,0.916653998188642,-1.1931085566160113,0.6014167670256413,-0.4021717397212003,-0.7249883134302705,0
-1.8725772520655304,-0.06556468168733408,-0.030704704472457878,-1.1215044484222225,-1.0357410683523456,-0.784284531867486,0.8381467004446593,0.6014167670256413,0.5571215957299472,-0.05317150143287675,0
1.0964500703077644,1.4373506578504092,1.12252363252126,1.090263229965003,0.9267899332182766,0.43067156102974796,0.8381467004446593,0.6014167670256413,0.7489802628201767,1.2904621225619106,1
1.0964500703077644,-0.06556468168733408,1.12252363252126,1.090263229965003,-0.1771337551651984,0.43067156102974796,0.8381467004446593,0.6014167670256413,0.8449095963652915,-0.16514097009910902,1
0.15886249482146017,-0.06556468168733408,-0.030704704472457878,-0.015620609228609717,-0.2997919427633623,-0.29830209470859204,0.8381467004446593,0.6014167670256413,-0.4021717397212003,-0.8369577820965027,0
0.0025978989070768233,-0.06556468168733408,-1.1839330414661757,-0.015620609228609717,1.1721063084146044,0.18768034245030202,-1.1931085566160113,-1.6627404735414788,-1.3614650751723478,-1.2848356567614319,0
0.0025978989070768233,-0.06556468168733408,-1.1839330414661757,-1.1215044484222225,-0.667766505557854,0.43067156102974796,-1.1931085566160113,-1.6627404735414788,1.42048559763598,-0.8369577820965027,0
-0.30993129292169125,-1.5684800212250773,-1.1839330414661757,-0.015620609228609717,-0.9130828807541818,-1.99924062476472,-1.1931085566160113,0.6014167670256413,-1.3614650751723478,-1.0608967194289673,0
-0.4661958888360746,1.4373506578504092,-1.1839330414661757,-1.1215044484222225,-0.2997919427633623,-0.055310876129146085,-1.1931085566160113,-1.6627404735414788,-0.30624240617608556,-0.05317150143287675,1
1.2527146662221478,-1.5684800212250773,1.12252363252126,1.090263229965003,1.2947644960127682,-0.055310876129146085,0.8381467004446593,0.6014167670256413,1.036768263455521,1.1784926538956784,1
0.15886249482146017,-1.5684800212250773,-0.030704704472457878,-1.1215044484222225,-0.0544755675670345,0.43067156102974796,0.8381467004446593,-1.6627404735414788,1.036768263455521,0.7306147792307492,0
0.47139168665022824,-0.06556468168733408,-1.1839330414661757,-1.1215044484222225,-1.2810574435486735,-1.7562494061852731,-1.1931085566160113,-1.6627404735414788,-1.3614650751723478,-1.396805125427664,0
-0.6224604847504593,-0.06556468168733408,-0.030704704472457878,-0.015620609228609717,0.8041317456201127,-2.2422318433441673,-1.1931085566160113,0.6014167670256413,-0.5940304068114298,-0.05317150143287675,0
-0.15366669700730792,-0.06556468168733408,1.12252363252126,1.090263229965003,-0.1771337551651984,0.18768034245030202,0.8381467004446593,0.6014167670256413,0.269333595094603,0.7306147792307492,1
-0.30993129292169125,-1.5684800212250773,1.12252363252126,1.090263229965003,1.2947644960127682,1.159645216768088,0.8381467004446593,0.6014167670256413,1.2286269305457505,0.7306147792307492,1
0.0025978989070768233,-0.06556468168733408,1.12252363252126,-1.1215044484222225,0.8041317456201127,1.159645216768088,0.8381467004446593,0.6014167670256413,0.9408389299104063,1.0665231852294461,1
-0.30993129292169125,-1.5684800212250773,-1.1839330414661757,-0.015620609228609717,-0.9130828807541818,0.673662779609194,0.8381467004446593,0.6014167670256413,-1.3614650751723478,-1.1728661880951996,0
-0.6224604847504593,-1.5684800212250773,-1.1839330414661757,-1.1215044484222225,-0.9130828807541818,-0.055310876129146085,-1.1931085566160113,-1.6627404735414788,-1.3614650751723478,-0.7249883134302705,0
1.7215084539653005,1.4373506578504092,1.12252363252126,1.090263229965003,1.2947644960127682,1.159645216768088,0.8381467004446593,0.6014167670256413,1.6123442647262096,1.5144010598943751,1
-0.4661958888360746,-0.06556468168733408,-0.030704704472457878,-1.1215044484222225,-1.4037156311468373,-0.055310876129146085,-1.1931085566160113,0.6014167670256413,-1.265535741627233,-0.8369577820965027,0
-0.4661958888360746,-0.06556468168733408,-1.1839330414661757,-0.015620609228609717,-1.8943483815394928,-0.784284531867486,-1.1931085566160113,-1.6627404735414788,-1.3614650751723478,-1.396805125427664,0
-0.30993129292169125,-1.5684800212250773,-1.1839330414661757,-1.1215044484222225,-0.0544755675670345,-1.7562494061852731,-1.1931085566160113,0.6014167670256413,0.7489802628201767,-0.2771104387653413,0
1.4089792621365311,1.4373506578504092,-0.030704704472457878,1.090263229965003,1.2947644960127682,1.159645216768088,0.8381467004446593,0.6014167670256413,0.269333595094603,1.5144010598943751,1
0.0025978989070768233,-1.5684800212250773,-1.1839330414661757,-1.1215044484222225,-1.526373818745001,-1.2702669690263801,-1.1931085566160113,0.6014167670256413,-1.1696064080821185,-0.948927250762735,0
-1.716312656151147,-0.06556468168733408,1.12252363252126,-1.1215044484222225,0.43615718282562105,1.159645216768088,0.8381467004446593,0.6014167670256413,0.653050929275062,1.0665231852294461,1
-0.4661958888360746,-0.06556468168733408,-0.030704704472457878,-1.1215044484222225,1.1721063084146044,-0.29830209470859204,0.8381467004446593,0.6014167670256413,0.4611922621848325,0.9545537165632137,0
-0.15366669700730792,-1.5684800212250773,-1.1839330414661757,-1.1215044484222225,1.0494481208164406,-0.055310876129146085,-1.1931085566160113,0.6014167670256413,-1.265535741627233,-1.396805125427664,0
1.0964500703077644,-0.06556468168733408,-0.030704704472457878,-0.015620609228609717,-0.4224501303615262,-0.784284531867486,0.8381467004446593,0.6014167670256413,-1.3614650751723478,1.0665231852294461,1
1.4089792621365311,-0.06556468168733408,-1.1839330414661757,2.1961470691586156,-1.0357410683523456,-1.0272757504469332,0.8381467004446593,-1.6627404735414788,-0.6899597403565446,-0.948927250762735,1
1.7215084539653005,-1.5684800212250773,1.12252363252126,-1.1215044484222225,-1.4037156311468373,-0.5412933132880401,0.8381467004446593,0.6014167670256413,-1.3614650751723478,-0.948927250762735,0
-1.716312656151147,-1.5684800212250773,-1.1839330414661757,-0.015620609228609717,-0.9130828807541818,-1.0272757504469332,-1.1931085566160113,-1.6627404735414788,-0.4981010732663151,-1.396805125427664,0
0.9401854743933811,1.4373506578504092,1.12252363252126,1.090263229965003,1.2947644960127682,0.916653998188642,0.8381467004446593,0.6014167670256413,-0.5940304068114298,1.4024315912281429,1
-0.30993129292169125,-0.06556468168733408,-0.030704704472457878,-0.015620609228609717,-0.4224501303615262,-0.29830209470859204,-1.1931085566160113,0.6014167670256413,-1.3614650751723478,-0.3890799074315736,0
-1.247518868407994,-1.5684800212250773,1.12252363252126,1.090263229965003,0.31349899522745717,1.159645216768088,0.8381467004446593,0.6014167670256413,1.5164149311810948,0.5066758418982846,1
0.47139168665022824,-1.5684800212250773,1.12252363252126,2.1961470691586156,1.2947644960127682,-0.055310876129146085,0.8381467004446593,0.6014167670256413,0.5571215957299472,1.4024315912281429,1
-0.30993129292169125,-0.06556468168733408,-1.1839330414661757,-1.1215044484222225,-0.0544755675670345,-0.055310876129146085,-1.1931085566160113,-1.6627404735414788,-1.0736770745370037,-0.5010493760978059,0
1.2527146662221478,1.4373506578504092,1.12252363252126,1.090263229965003,1.0494481208164406,-0.055310876129146085,-1.1931085566160113,-1.6627404735414788,0.3652629286397177,1.2904621225619106,0
-0.15366669700730792,1.4373506578504092,1.12252363252126,1.090263229965003,-0.0544755675670345,0.916653998188642,0.8381467004446593,0.6014167670256413,-1.3614650751723478,0.8425842478969815,1
-1.8725772520655304,-0.06556468168733408,-1.1839330414661757,-1.1215044484222225,-0.9130828807541818,0.43067156102974796,-1.1931085566160113,-1.6627404735414788,-1.3614650751723478,-0.948927250762735,0
0.47139168665022824,1.4373506578504092,1.12252363252126,-1.1215044484222225,1.2947644960127682,1.159645216768088,0.8381467004446593,0.6014167670256413,0.653050929275062,1.2904621225619106,1
-1.5600480602367621,-1.5684800212250773,-1.1839330414661757,-0.015620609228609717,-0.2997919427633623,-1.513258187605826,-1.1931085566160113,-1.6627404735414788,-0.5940304068114298,-0.8369577820965027,0
-0.15366669700730792,-1.5684800212250773,-1.1839330414661757,-1.1215044484222225,-0.0544755675670345,-0.784284531867486,-1.1931085566160113,-1.6627404735414788,-1.3614650751723478,-1.2848356567614319,0
-0.6224604847504593,-0.06556468168733408,-1.1839330414661757,-1.1215044484222225,-1.0357410683523456,0.673662779609194,0.8381467004446593,0.6014167670256413,0.5571215957299472,-0.8369577820965027,0
0.9401854743933811,-1.5684800212250773,1.12252363252126,-0.015620609228609717,1.0494481208164406,-0.5412933132880401,0.8381467004446593,0.6014167670256413,-1.3614650751723478,0.618645310564517,0
1.5652438580509145,1.4373506578504092,1.12252363252126,1.090263229965003,0.9267899332182766,1.159645216768088,0.8381467004446593,0.6014167670256413,-1.3614650751723478,1.0665231852294461,1
-0.4661958888360746,-0.06556468168733408,1.12252363252126,-0.015620609228609717,1.1721063084146044,-1.7562494061852731,0.8381467004446593,0.6014167670256413,-0.11438373908585606,0.9545537165632137,0
0.6276562825646116,1.4373506578504092,1.12252363252126,1.090263229965003,1.2947644960127682,1.159645216768088,0.8381467004446593,0.6014167670256413,1.42048559763598,1.2904621225619106,1
-1.8725772520655304,-0.06556468168733408,-1.1839330414661757,-1.1215044484222225,-0.2997919427633623,-0.055310876129146085,-1.1931085566160113,-1.6627404735414788,-1.3614650751723478,-0.948927250762735,0
-1.8725772520655304,-1.5684800212250773,-1.1839330414661757,-0.015620609228609717,0.06818262003112939,-2.7282142805030603,-1.1931085566160113,-1.6627404735414788,0.1734042615494882,-1.6207440627601286,0
-0.15366669700730792,-0.06556468168733408,-1.1839330414661757,-0.015620609228609717,-1.0357410683523456,-1.2702669690263801,-1.1931085566160113,-1.6627404735414788,-0.6899597403565446,-0.3890799074315736,0
-0.15366669700730792,-0.06556468168733408,-1.1839330414661757,-1.1215044484222225,-0.7904246931560178,-0.29830209470859204,-1.1931085566160113,0.6014167670256413,-1.3614650751723478,-0.6130188447640381,0
-0.15366669700730792,-0.06556468168733408,-1.1839330414661757,-1.1215044484222225,-1.0357410683523456,-0.784284531867486,-1.1931085566160113,-1.6627404735414788,-1.265535741627233,-1.8446830000925933,0
1.2527146662221478,1.4373506578504092,1.12252363252126,1.090263229965003,0.43615718282562105,1.159645216768088,0.8381467004446593,0.6014167670256413,0.653050929275062,0.9545537165632137,1
0.9401854743933811,-0.06556468168733408,1.12252363252126,1.090263229965003,1.1721063084146044,1.159645216768088,0.8381467004446593,0.6014167670256413,1.1326975970006357,1.1784926538956784,1
-1.8725772520655304,-0.06556468168733408,-1.1839330414661757,-0.015620609228609717,-0.1771337551651984,-0.055310876129146085,-1.1931085566160113,0.6014167670256413,0.7489802628201767,-0.6130188447640381,0
-0.30993129292169125,-0.06556468168733408,-1.1839330414661757,-1.1215044484222225,-0.0544755675670345,-1.513258187605826,-1.1931085566160113,-1.6627404735414788,-1.3614650751723478,-1.8446830000925933,0
-1.716312656151147,-1.5684800212250773,-1.1839330414661757,-0.015620609228609717,-2.3849811319321486,-1.0272757504469332,-1.1931085566160113,-1.6627404735414788,-0.4981010732663151,-1.2848356567614319,0
0.0025978989070768233,-0.06556468168733408,1.12252363252126,-0.015620609228609717,0.5588153704237849,0.916653998188642,0.8381467004446593,-1.6627404735414788,-0.9777477409918889,-1.0608967194289673,0
-1.5600480602367621,-0.06556468168733408,-1.1839330414661757,-1.1215044484222225,-1.0357410683523456,-1.0272757504469332,-1.1931085566160113,-1.6627404735414788,-0.4021717397212003,-1.396805125427664,0
-1.8725772520655304,-1.5684800212250773,-0.030704704472457878,-1.1215044484222225,-1.2810574435486735,0.43067156102974796,-1.1931085566160113,-1.6627404735414788,-0.4981010732663151,-0.6130188447640381,0
0.0025978989070768233,-0.06556468168733408,1.12252363252126,-0.015620609228609717,-0.0544755675670345,0.18768034245030202,0.8381467004446593,0.6014167670256413,0.07747492800437346,1.0665231852294461,1
1.2527146662221478,1.4373506578504092,1.12252363252126,1.090263229965003,0.5588153704237849,0.673662779609194,0.8381467004446593,0.6014167670256413,1.5164149311810948,0.8425842478969815,1
-0.30993129292169125,-0.06556468168733408,-0.030704704472457878,-1.1215044484222225,0.06818262003112939,-1.99924062476472,-1.1931085566160113,-1.6627404735414788,-0.30624240617608556,-1.0608967194289673,0
-0.15366669700730792,-1.5684800212250773,1.12252363252126,-1.1215044484222225,1.0494481208164406,0.673662779609194,0.8381467004446593,-1.6627404735414788,1.2286269305457505,0.7306147792307492,1
-0.7787250806648427,-0.06556468168733408,1.12252363252126,1.090263229965003,0.06818262003112939,0.673662779609194,-1.1931085566160113,-1.6627404735414788,0.9408389299104063,1.0665231852294461,1
1.0964500703077644,-1.5684800212250773,1.12252363252126,1.090263229965003,0.19084080762929329,1.159645216768088,0.8381467004446593,-1.6627404735414788,0.7489802628201767,1.0665231852294461,1
-0.4661958888360746,-0.06556468168733408,-1.1839330414661757,-1.1215044484222225,-1.1583992559505094,-1.513258187605826,-1.1931085566160113,0.6014167670256413,-0.7858890739016593,-0.2771104387653413,0
-0.15366669700730792,-1.5684800212250773,-1.1839330414661757,-1.1215044484222225,-0.9130828807541818,-0.784284531867486,-1.1931085566160113,0.6014167670256413,-1.3614650751723478,-0.16514097009910902,0
0.6276562825646116,1.4373506578504092,-0.030704704472457878,1.090263229965003,1.2947644960127682,0.43067156102974796,0.8381467004446593,0.6014167670256413,0.3652629286397177,0.8425842478969815,1
0.3151270907358449,-0.06556468168733408,1.12252363252126,1.090263229965003,0.43615718282562105,0.916653998188642,0.8381467004446593,0.6014167670256413,1.9960615989066686,1.2904621225619106,1
1.4089792621365311,-0.06556468168733408,-0.030704704472457878,2.1961470691586156,-0.4224501303615262,0.916653998188642,0.8381467004446593,0.6014167670256413,1.1326975970006357,0.618645310564517,0
-0.30993129292169125,-0.06556468168733408,-0.030704704472457878,-1.1215044484222225,0.9267899332182766,0.43067156102974796,-1.1931085566160113,-1.6627404735414788,-1.1696064080821185,-0.2771104387653413,0
0.0025978989070768233,-0.06556468168733408,-1.1839330414661757,1.090263229965003,-0.0544755675670345,-1.0272757504469332,-1.1931085566160113,0.6014167670256413,-1.265535741627233,-0.948927250762735,0
-0.4661958888360746,-1.5684800212250773,-0.030704704472457878,-1.1215044484222225,-0.667766505557854,-0.5412933132880401,-1.1931085566160113,0.6014167670256413,-0.4981010732663151,-1.2848356567614319,1
-0.4661958888360746,-0.06556468168733408,-1.1839330414661757,-0.015620609228609717,0.06818262003112939,-1.7562494061852731,0.8381467004446593,0.6014167670256413,0.8449095963652915,-0.05317150143287675,0
-0.4661958888360746,-0.06556468168733408,-1.1839330414661757,-1.1215044484222225,-2.017006569137657,-1.2702669690263801,-1.1931085566160113,0.6014167670256413,-0.6899597403565446,-0.5010493760978059,0
-0.15366669700730792,-0.06556468168733408,-1.1839330414661757,-0.015620609228609717,-0.5451083179596901,-1.7562494061852731,-1.1931085566160113,0.6014167670256413,-0.4021717397212003,-0.948927250762735,0
-0.30993129292169125,-0.06556468168733408,-1.1839330414661757,-1.1215044484222225,-2.2623229443339845,-1.0272757504469332,-1.1931085566160113,-1.6627404735414788,-1.3614650751723478,-0.05317150143287675,0
-0.4661958888360746,-1.5684800212250773,-1.1839330414661757,-0.015620609228609717,-2.017006569137657,-1.99924062476472,-1.1931085566160113,-1.6627404735414788,-1.265535741627233,-0.7249883134302705,0
0.47139168665022824,-0.06556468168733408,1.12252363252126,1.090263229965003,1.2947644960127682,1.159645216768088,0.8381467004446593,0.6014167670256413,0.5571215957299472,0.8425842478969815,1
-0.6224604847504593,-0.06556468168733408,-0.030704704472457878,-0.015620609228609717,-0.4224501303615262,0.916653998188642,-1.1931085566160113,0.6014167670256413,-0.21031307263097082,-0.16514097009910902,0
-0.7787250806648427,-0.06556468168733408,-0.030704704472457878,1.090263229965003,-1.6490320063431652,-0.5412933132880401,0.8381467004446593,0.6014167670256413,0.8449095963652915,0.058797967233355536,1
-0.4661958888360746,-1.5684800212250773,-1.1839330414661757,-1.1215044484222225,-0.4224501303615262,-0.784284531867486,-1.1931085566160113,-1.6627404735414788,-0.8818184074467741,-0.5010493760978059,0
0.7839208784789949,-0.06556468168733408,-1.1839330414661757,-0.015620609228609717,-0.7904246931560178,-1.0272757504469332,0.8381467004446593,-1.6627404735414788,-0.9777477409918889,-0.3890799074315736,0
0.0025978989070768233,-0.06556468168733408,-0.030704704472457878,-1.1215044484222225,0.31349899522745717,-0.29830209470859204,0.8381467004446593,0.6014167670256413,1.42048559763598,-0.5010493760978059,1
1.0964500703077644,1.4373506578504092,1.12252363252126,-0.015620609228609717,-0.1771337551651984,1.159645216768088,0.8381467004446593,0.6014167670256413,-1.3614650751723478,1.4024315912281429,0
1.8777730498796839,1.4373506578504092,1.12252363252126,1.090263229965003,1.2947644960127682,0.916653998188642,0.8381467004446593,0.6014167670256413,1.1326975970006357,1.4024315912281429,1
0.47139168665022824,-0.06556468168733408,1.12252363252126,-1.1215044484222225,0.9267899332182766,-0.055310876129146085,0.8381467004446593,0.6014167670256413,1.1326975970006357,0.2827369045658201,1
1.4089792621365311,1.4373506578504092,1.12252363252126,1.090263229965003,1.2947644960127682,1.159645216768088,0.8381467004446593,0.6014167670256413,1.42048559763598,1.1784926538956784,0
0.7839208784789949,1.4373506578504092,1.12252363252126,1.090263229965003,1.2947644960127682,1.159645216768088,0.8381467004446593,0.6014167670256413,1.1326975970006357,1.5144010598943751,1
-0.4661958888360746,-0.06556468168733408,-1.1839330414661757,-0.015620609228609717,-1.4037156311468373,-1.0272757504469332,0.8381467004446593,0.6014167670256413,-0.6899597403565446,-1.2848356567614319,0
-1.4037834643223788,-0.06556468168733408,-1.1839330414661757,-1.1215044484222225,-0.667766505557854,-0.29830209470859204,-1.1931085566160113,0.6014167670256413,-1.0736770745370037,-0.16514097009910902,0
0.47139168665022824,-0.06556468168733408,-1.1839330414661757,1.090263229965003,0.8041317456201127,0.673662779609194,0.8381467004446593,0.6014167670256413,0.7489802628201767,1.0665231852294461,0
0.47139168665022824,1.4373506578504092,1.12252363252126,-1.1215044484222225,1.2947644960127682,0.916653998188642,-1.1931085566160113,0.6014167670256413,0.3652629286397177,1.4024315912281429,1
0.47139168665022824,-0.06556468168733408,-0.030704704472457878,-1.1215044484222225,1.2947644960127682,0.43067156102974796,0.8381467004446593,0.6014167670256413,0.5571215957299472,0.9545537165632137,0
1.2527146662221478,-1.5684800212250773,-1.1839330414661757,-1.1215044484222225,-1.0357410683523456,-0.784284531867486,0.8381467004446593,-1.6627404735414788,0.3652629286397177,-0.6130188447640381,0
1.5652438580509145,1.4373506578504092,1.12252363252126,1.090263229965003,1.2947644960127682,1.159645216768088,0.8381467004446593,0.6014167670256413,0.4611922621848325,0.7306147792307492,1
-0.4661958888360746,-0.06556468168733408,-1.1839330414661757,-1.1215044484222225,-0.1771337551651984,-1.0272757504469332,-1.1931085566160113,-1.6627404735414788,-1.3614650751723478,0.618645310564517,0
1.2527146662221478,1.4373506578504092,1.12252363252126,1.090263229965003,1.2947644960127682,0.916653998188642,0.8381467004446593,0.6014167670256413,0.8449095963652915,1.0665231852294461,1
-0.15366669700730792,1.4373506578504092,1.12252363252126,1.090263229965003,0.5588153704237849,0.673662779609194,0.8381467004446593,0.6014167670256413,0.269333595094603,1.1784926538956784,1
0.0025978989070768233,1.4373506578504092,1.12252363252126,1.090263229965003,1.2947644960127682,1.159645216768088,0.8381467004446593,0.6014167670256413,1.7082735982713242,1.5144010598943751,1
-0.4661958888360746,-0.06556468168733408,-0.030704704472457878,-0.015620609228609717,-1.4037156311468373,-2.2422318433441673,-1.1931085566160113,0.6014167670256413,-1.1696064080821185,-1.5087745940938964,0
0.7839208784789949,1.4373506578504092,1.12252363252126,1.090263229965003,0.19084080762929329,1.159645216768088,0.8381467004446593,0.6014167670256413,1.1326975970006357,0.9545537165632137,1
-1.8725772520655304,-0.06556468168733408,-0.030704704472457878,-0.015620609228609717,-0.2997919427633623,-0.784284531867486,-1.1931085566160113,-1.6627404735414788,-1.3614650751723478,-1.2848356567614319,0
1.2527146662221478,-1.5684800212250773,-0.030704704472457878,-1.1215044484222225,1.2947644960127682,0.18768034245030202,0.8381467004446593,0.6014167670256413,0.9408389299104063,-1.5087745940938964,1
-0.15366669700730792,-0.06556468168733408,-0.030704704472457878,-0.015620609228609717,-0.9130828807541818,0.18768034245030202,-1.1931085566160113,-1.6627404735414788,0.4611922621848325,-0.16514097009910902,0
1.2527146662221478,1.4373506578504092,1.12252363252126,1.090263229965003,1.0494481208164406,-0.055310876129146085,-1.1931085566160113,0.6014167670256413,-0.21031307263097082,1.5144010598943751,0
-1.5600480602367621,1.4373506578504092,-1.1839330414661757,1.090263229965003,0.6814735580219489,-1.99924062476472,0.8381467004446593,0.6014167670256413,-1.3614650751723478,1.0665231852294461,0
1.4089792621365311,1.4373506578504092,1.12252363252126,-0.015620609228609717,1.2947644960127682,1.159645216768088,0.8381467004446593,0.6014167670256413,0.5571215957299472,1.5144010598943751,1
0.0025978989070768233,-0.06556468168733408,-0.030704704472457878,-1.1215044484222225,-0.1771337551651984,-0.784284531867486,-1.1931085566160113,0.6014167670256413,-1.1696064080821185,-0.7249883134302705,0
-1.247518868407994,-0.06556468168733408,-1.1839330414661757,-0.015620609228609717,-0.2997919427633623,0.18768034245030202,0.8381467004446593,0.6014167670256413,1.036768263455521,0.9545537165632137,1
0.7839208784789949,-0.06556468168733408,-1.1839330414661757,-1.1215044484222225,-0.4224501303615262,1.159645216768088,-1.1931085566160113,0.6014167670256413,1.2286269305457505,0.8425842478969815,1
1.0964500703077644,-0.06556468168733408,1.12252363252126,2.1961470691586156,1.2947644960127682,1.159645216768088,0.8381467004446593,0.6014167670256413,0.8449095963652915,1.1784926538956784,1
-0.30993129292169125,-0.06556468168733408,-1.1839330414661757,-1.1215044484222225,-1.0357410683523456,-1.7562494061852731,0.8381467004446593,-1.6627404735414788,-0.7858890739016593,-0.3890799074315736,1
-0.15366669700730792,-1.5684800212250773,-1.1839330414661757,-1.1215044484222225,-1.0357410683523456,-1.99924062476472,-1.1931085566160113,0.6014167670256413,-1.3614650751723478,-0.5010493760978059,0
0.15886249482146017,1.4373506578504092,1.12252363252126,1.090263229965003,1.2947644960127682,1.159645216768088,0.8381467004446593,0.6014167670256413,1.7082735982713242,1.0665231852294461,1
-0.9349896765792275,1.4373506578504092,-0.030704704472457878,-1.1215044484222225,0.19084080762929329,0.18768034245030202,0.8381467004446593,0.6014167670256413,-0.4981010732663151,-1.1728661880951996,1
1.5652438580509145,-0.06556468168733408,1.12252363252126,2.1961470691586156,1.2947644960127682,0.43067156102974796,0.8381467004446593,0.6014167670256413,0.9408389299104063,1.4024315912281429,1
0.0025978989070768233,1.4373506578504092,-1.1839330414661757,-1.1215044484222225,-1.771690193941329,-1.2702669690263801,0.8381467004446593,-1.6627404735414788,1.804202931816439,0.5066758418982846,0
2.034037645794067,1.4373506578504092,1.12252363252126,-1.1215044484222225,1.2947644960127682,1.159645216768088,0.8381467004446593,0.6014167670256413,1.5164149311810948,0.618645310564517,1
-1.247518868407994,-1.5684800212250773,-1.1839330414661757,1.090263229965003,-0.4224501303615262,1.159645216768088,0.8381467004446593,-1.6627404735414788,0.8449095963652915,0.8425842478969815,1
1.2527146662221478,1.4373506578504092,-1.1839330414661757,2.1961470691586156,0.31349899522745717,-1.7562494061852731,0.8381467004446593,0.6014167670256413,-0.21031307263097082,0.7306147792307492,0
-1.8725772520655304,-0.06556468168733408,-1.1839330414661757,-1.1215044484222225,0.06818262003112939,0.18768034245030202,-1.1931085566160113,0.6014167670256413,-1.3614650751723478,-0.7249883134302705,0
-1.247518868407994,-0.06556468168733408,-1.1839330414661757,-0.015620609228609717,-1.4037156311468373,0.18768034245030202,0.8381467004446593,0.6014167670256413,-1.3614650751723478,-1.0608967194289673,0
-1.8725772520655304,-0.06556468168733408,-0.030704704472457878,-1.1215044484222225,-0.1771337551651984,-0.055310876129146085,-1.1931085566160113,-1.6627404735414788,-1.3614650751723478,-0.8369577820965027,0
0.7839208784789949,1.4373506578504092,1.12252363252126,1.090263229965003,1.2947644960127682,0.673662779609194,0.8381467004446593,0.6014167670256413,0.5571215957299472,1.0665231852294461,1
0.0025978989070768233,-0.06556468168733408,1.12252363252126,1.090263229965003,0.9267899332182766,1.159645216768088,0.8381467004446593,0.6014167670256413,0.07747492800437346,1.5144010598943751,1
0.6276562825646116,1.4373506578504092,1.12252363252126,1.090263229965003,1.2947644960127682,1.159645216768088,0.8381467004446593,0.6014167670256413,0.8449095963652915,0.9545537165632137,1
0.15886249482146017,-1.5684800212250773,-0.030704704472457878,-0.015620609228609717,0.31349899522745717,0.18768034245030202,0.8381467004446593,0.6014167670256413,0.3652629286397177,1.5144010598943751,1
-0.30993129292169125,-0.06556468168733408,-1.1839330414661757,-1.1215044484222225,-0.2997919427633623,-0.784284531867486,-1.1931085566160113,0.6014167670256413,-1.3614650751723478,-1.0608967194289673,0
0.7839208784789949,-0.06556468168733408,-1.1839330414661757,-0.015620609228609717,-1.6490320063431652,-1.7562494061852731,-1.1931085566160113,0.6014167670256413,-0.6899597403565446,-0.6130188447640381,0
-0.30993129292169125,-0.06556468168733408,-0.030704704472457878,-1.1215044484222225,-0.1771337551651984,-1.0272757504469332,-1.1931085566160113,-1.6627404735414788,-0.30624240617608556,-0.7249883134302705,0
0.0025978989070768233,1.4373506578504092,1.12252363252126,1.090263229965003,1.2947644960127682,1.159645216768088,0.8381467004446593,-1.6627404735414788,0.8449095963652915,0.7306147792307492,1
0.15886249482146017,-0.06556468168733408,-1.1839330414661757,-1.1215044484222225,-0.0544755675670345,-0.784284531867486,-1.1931085566160113,0.6014167670256413,-1.3614650751723478,-0.5010493760978059,0
1.4089792621365311,-0.06556468168733408,1.12252363252126,-0.015620609228609717,0.43615718282562105,0.916653998188642,0.8381467004446593,0.6014167670256413,1.1326975970006357,1.4024315912281429,1
0.0025978989070768233,-1.5684800212250773,-1.1839330414661757,-1.1215044484222225,-1.771690193941329,0.673662779609194,-1.1931085566160113,-1.6627404735414788,-1.0736770745370037,-1.732713531426361,0
-0.30993129292169125,-0.06556468168733408,-1.1839330414661757,-0.015620609228609717,-0.2997919427633623,0.18768034245030202,0.8381467004446593,-1.6627404735414788,0.07747492800437346,-0.8369577820965027,0
0.15886249482146017,1.4373506578504092,-0.030704704472457878,1.090263229965003,0.06818262003112939,0.673662779609194,0.8381467004446593,0.6014167670256413,1.9960615989066686,0.5066758418982846,1
0.7839208784789949,1.4373506578504092,1.12252363252126,1.090263229965003,1.2947644960127682,1.159645216768088,0.8381467004446593,0.6014167670256413,1.5164149311810948,1.5144010598943751,1
0.0025978989070768233,-1.5684800212250773,-0.030704704472457878,-1.1215044484222225,0.06818262003112939,-0.055310876129146085,-1.1931085566160113,0.6014167670256413,-1.3614650751723478,-0.7249883134302705,0
0.15886249482146017,-0.06556468168733408,1.12252363252126,1.090263229965003,-0.0544755675670345,0.18768034245030202,0.8381467004446593,0.6014167670256413,1.5164149311810948,1.2904621225619106,1
-0.30993129292169125,-0.06556468168733408,1.12252363252126,-1.1215044484222225,0.5588153704237849,-0.29830209470859204,0.8381467004446593,0.6014167670256413,1.2286269305457505,-0.6130188447640381,1
1.2527146662221478,-0.06556468168733408,1.12252363252126,1.090263229965003,-0.5451083179596901,0.43067156102974796,0.8381467004446593,0.6014167670256413,0.5571215957299472,1.0665231852294461,0
-1.8725772520655304,-0.06556468168733408,-1.1839330414661757,-1.1215044484222225,-1.771690193941329,-1.513258187605826,-1.1931085566160113,-1.6627404735414788,-1.3614650751723478,-1.396805125427664,0
-1.247518868407994,1.4373506578504092,-0.030704704472457878,1.090263229965003,-0.9130828807541818,-1.513258187605826,0.8381467004446593,0.6014167670256413,-1.0736770745370037,-0.3890799074315736,0
0.9401854743933811,-0.06556468168733408,1.12252363252126,1.090263229965003,1.2947644960127682,1.159645216768088,-1.1931085566160113,0.6014167670256413,0.9408389299104063,1.4024315912281429,1
-1.8725772520655304,-0.06556468168733408,-0.030704704472457878,-0.015620609228609717,0.5588153704237849,0.916653998188642,0.8381467004446593,0.6014167670256413,0.7489802628201767,-0.2771104387653413,0
1.0964500703077644,-0.06556468168733408,-1.1839330414661757,1.090263229965003,0.19084080762929329,1.159645216768088,0.8381467004446593,-1.6627404735414788,1.42048559763598,0.618645310564517,1
0.6276562825646116,1.4373506578504092,1.12252363252126,1.090263229965003,0.31349899522745717,-0.29830209470859204,0.8381467004446593,0.6014167670256413,0.269333595094603,0.8425842478969815,0
0.6276562825646116,1.4373506578504092,1.12252363252126,1.090263229965003,1.2947644960127682,1.159645216768088,0.8381467004446593,0.6014167670256413,1.5164149311810948,1.5144010598943751,1
-1.8725772520655304,-1.5684800212250773,-1.1839330414661757,-1.1215044484222225,-0.667766505557854,-0.5412933132880401,0.8381467004446593,-1.6627404735414788,-0.30624240617608556,-1.5087745940938964,0
0.3151270907358449,-0.06556468168733408,-0.030704704472457878,-1.1215044484222225,1.2947644960127682,1.159645216768088,-1.1931085566160113,0.6014167670256413,0.5571215957299472,1.1784926538956784,0
-1.8725772520655304,-0.06556468168733408,-0.030704704472457878,-1.1215044484222225,0.8041317456201127,0.18768034245030202,0.8381467004446593,0.6014167670256413,-1.3614650751723478,-0.948927250762735,0
1.2527146662221478,-0.06556468168733408,-1.1839330414661757,-1.1215044484222225,-0.0544755675670345,-0.5412933132880401,0.8381467004446593,0.6014167670256413,0.5571215957299472,-0.948927250762735,0
1.0964500703077644,1.4373506578504092,1.12252363252126,1.090263229965003,1.1721063084146044,1.159645216768088,0.8381467004446593,0.6014167670256413,0.653050929275062,1.1784926538956784,1
-0.4661958888360746,-0.06556468168733408,-1.1839330414661757,-1.1215044484222225,-0.9130828807541818,-0.784284531867486,-1.1931085566160113,0.6014167670256413,-0.5940304068114298,-0.6130188447640381,0
0.9401854743933811,-1.5684800212250773,1.12252363252126,-0.015620609228609717,-0.0544755675670345,0.43067156102974796,0.8381467004446593,-1.6627404735414788,-1.3614650751723478,-1.1728661880951996,0
0.0025978989070768233,-1.5684800212250773,-1.1839330414661757,-1.1215044484222225,0.31349899522745717,-0.5412933132880401,-1.1931085566160113,0.6014167670256413,-1.265535741627233,0.058797967233355536,0
-0.30993129292169125,1.4373506578504092,-0.030704704472457878,-1.1215044484222225,-0.7904246931560178,0.18768034245030202,0.8381467004446593,0.6014167670256413,1.6123442647262096,-0.05317150143287675,1
1.0964500703077644,-0.06556468168733408,-0.030704704472457878,-0.015620609228609717,-0.2997919427633623,-0.784284531867486,0.8381467004446593,0.6014167670256413,0.9408389299104063,1.0665231852294461,0
-1.8725772520655304,-1.5684800212250773,-1.1839330414661757,-1.1215044484222225,-0.9130828807541818,-0.5412933132880401,-1.1931085566160113,-1.6627404735414788,-1.265535741627233,-0.7249883134302705,0
-0.7787250806648427,-0.06556468168733408,-0.030704704472457878,-1.1215044484222225,-0.7904246931560178,-0.29830209470859204,-1.1931085566160113,0.6014167670256413,-0.7858890739016593,-1.2848356567614319,0
0.15886249482146017,1.4373506578504092,1.12252363252126,1.090263229965003,0.43615718282562105,0.43067156102974796,0.8381467004446593,-1.6627404735414788,1.9960615989066686,0.9545537165632137,0
0.47139168665022824,1.4373506578504092,1.12252363252126,-0.015620609228609717,1.2947644960127682,1.159645216768088,0.8381467004446593,0.6014167670256413,1.6123442647262096,1.1784926538956784,1
0.47139168665022824,1.4373506578504092,1.12252363252126,1.090263229965003,1.2947644960127682,1.159645216768088,0.8381467004446593,0.6014167670256413,1.2286269305457505,0.7306147792307492,1
-1.247518868407994,-1.5684800212250773,-1.1839330414661757,-1.1215044484222225,-0.0544755675670345,-1.7562494061852731,-1.1931085566160113,-1.6627404735414788,-0.7858890739016593,-0.8369577820965027,0
0.9401854743933811,1.4373506578504092,1.12252363252126,1.090263229965003,1.2947644960127682,0.18768034245030202,0.8381467004446593,0.6014167670256413,1.9960615989066686,1.0665231852294461,1
-0.15366669700730792,-0.06556468168733408,-1.1839330414661757,-0.015620609228609717,0.31349899522745717,-0.055310876129146085,-1.1931085566160113,-1.6627404735414788,-0.6899597403565446,-1.6207440627601286,1
0.6276562825646116,-0.06556468168733408,1.12252363252126,-0.015620609228609717,0.31349899522745717,1.159645216768088,0.8381467004446593,0.6014167670256413,1.2286269305457505,0.8425842478969815,1
-1.247518868407994,-0.06556468168733408,1.12252363252126,1.090263229965003,-0.1771337551651984,-1.2702669690263801,0.8381467004446593,0.6014167670256413,0.5571215957299472,-0.05317150143287675,0
0.7839208784789949,1.4373506578504092,1.12252363252126,1.090263229965003,1.2947644960127682,1.159645216768088,0.8381467004446593,0.6014167670256413,0.269333595094603,1.5144010598943751,1
1.2527146662221478,-1.5684800212250773,1.12252363252126,-1.1215044484222225,0.19084080762929329,0.18768034245030202,0.8381467004446593,0.6014167670256413,1.2286269305457505,0.9545537165632137,0
-0.6224604847504593,-0.06556468168733408,-1.1839330414661757,-1.1215044484222225,-0.1771337551651984,-1.513258187605826,-1.1931085566160113,-1.6627404735414788,-1.3614650751723478,-0.5010493760978059,0
-0.30993129292169125,-0.06556468168733408,-1.1839330414661757,-0.015620609228609717,-1.6490320063431652,-0.784284531867486,-1.1931085566160113,-1.6627404735414788,-1.0736770745370037,-1.0608967194289673,0
-0.15366669700730792,-0.06556468168733408,-1.1839330414661757,-1.1215044484222225,0.5588153704237849,-0.5412933132880401,0.8381467004446593,0.6014167670256413,0.269333595094603,-0.2771104387653413,0
-1.8725772520655304,-1.5684800212250773,-1.1839330414661757,-1.1215044484222225,-0.9130828807541818,-1.513258187605826,0.8381467004446593,0.6014167670256413,-0.5940304068114298,-0.948927250762735,0
0.7839208784789949,-1.5684800212250773,1.12252363252126,-1.1215044484222225,-1.771690193941329,-0.29830209470859204,0.8381467004446593,0.6014167670256413,0.1734042615494882,-0.16514097009910902,0
-1.8725772520655304,-0.06556468168733408,-0.030704704472457878,-0.015620609228609717,1.1721063084146044,-0.784284531867486,-1.1931085566160113,0.6014167670256413,-1.3614650751723478,-0.8369577820965027,0
0.7839208784789949,1.4373506578504092,1.12252363252126,1.090263229965003,0.9267899332182766,0.673662779609194,0.8381467004446593,-1.6627404735414788,1.7082735982713242,1.2904621225619106,1
-0.15366669700730792,-0.06556468168733408,-1.1839330414661757,-0.015620609228609717,-0.2997919427633623,-0.5412933132880401,-1.1931085566160113,0.6014167670256413,-0.4981010732663151,-0.5010493760978059,0
-0.30993129292169125,-0.06556468168733408,-0.030704704472457878,-1.1215044484222225,0.06818262003112939,-0.055310876129146085,-1.1931085566160113,-1.6627404735414788,0.653050929275062,-0.3890799074315736,0
1.2527146662221478,-0.06556468168733408,1.12252363252126,-0.015620609228609717,0.5588153704237849,-0.055310876129146085,0.8381467004446593,0.6014167670256413,-1.3614650751723478,-0.948927250762735,0
-1.5600480602367621,-0.06556468168733408,-1.1839330414661757,-1.1215044484222225,0.43615718282562105,-0.29830209470859204,-1.1931085566160113,-1.6627404735414788,-1.3614650751723478,-1.9566524687588256,0
-0.15366669700730792,-0.06556468168733408,-0.030704704472457878,-1.1215044484222225,-1.2810574435486735,0.18768034245030202,-1.1931085566160113,0.6014167670256413,-0.8818184074467741,-0.7249883134302705,0
-1.8725772520655304,-0.06556468168733408,-1.1839330414661757,-0.015620609228609717,-2.3849811319321486,-0.784284531867486,-1.1931085566160113,-1.6627404735414788,-0.6899597403565446,-0.6130188447640381,0
-1.4037834643223788,-0.06556468168733408,-1.1839330414661757,-0.015620609228609717,0.6814735580219489,0.43067156102974796,-1.1931085566160113,0.6014167670256413,-1.3614650751723478,-0.2771104387653413,0
0.6276562825646116,1.4373506578504092,1.12252363252126,1.090263229965003,0.6814735580219489,1.159645216768088,0.8381467004446593,0.6014167670256413,1.036768263455521,0.5066758418982846,1
1.5652438580509145,-1.5684800212250773,1.12252363252126,1.090263229965003,1.0494481208164406,1.159645216768088,-1.1931085566160113,-1.6627404735414788,1.7082735982713242,1.0665231852294461,0
-1.8725772520655304,-1.5684800212250773,-1.1839330414661757,-0.015620609228609717,0.9267899332182766,1.159645216768088,-1.1931085566160113,-1.6627404735414788,-1.3614650751723478,-0.2771104387653413,0
0.47139168665022824,1.4373506578504092,1.12252363252126,2.1961470691586156,0.06818262003112939,1.159645216768088,0.8381467004446593,0.6014167670256413,0.8449095963652915,1.2904621225619106,0
-0.6224604847504593,-1.5684800212250773,-0.030704704472457878,-0.015620609228609717,-0.667766505557854,-1.513258187605826,-1.1931085566160113,-1.6627404735414788,-1.0736770745370037,-0.7249883134302705,0
0.9401854743933811,1.4373506578504092,1.12252363252126,-1.1215044484222225,1.2947644960127682,1.159645216768088,0.8381467004446593,0.6014167670256413,0.9408389299104063,0.8425842478969815,1
-0.15366669700730792,-0.06556468168733408,-0.030704704472457878,1.090263229965003,0.19084080762929329,-1.2702669690263801,0.8381467004446593,-1.6627404735414788,1.42048559763598,1.2904621225619106,1
0.0025978989070768233,-0.06556468168733408,-0.030704704472457878,-1.1215044484222225,-0.7904246931560178,-0.055310876129146085,-1.1931085566160113,0.6014167670256413,-1.3614650751723478,-0.5010493760978059,0
-1.5600480602367621,1.4373506578504092,-2.3371613784598937,-1.1215044484222225,-1.2810574435486735,-1.0272757504469332,-1.1931085566160113,0.6014167670256413,0.653050929275062,-0.3890799074315736,0
1.0964500703077644,1.4373506578504092,1.12252363252126,1.090263229965003,1.0494481208164406,0.43067156102974796,0.8381467004446593,0.6014167670256413,0.3652629286397177,0.9545537165632137,1
0.7839208784789949,-0.06556468168733408,1.12252363252126,1.090263229965003,0.43615718282562105,-0.055310876129146085,0.8381467004446593,-1.6627404735414788,1.3245562640908652,-1.2848356567614319,0
-1.716312656151147,-1.5684800212250773,-1.1839330414661757,-1.1215044484222225,-1.526373818745001,-2.485223061923614,-1.1931085566160113,0.6014167670256413,-1.3614650751723478,-0.6130188447640381,0
0.47139168665022824,-0.06556468168733408,-0.030704704472457878,1.090263229965003,0.43615718282562105,-0.055310876129146085,0.8381467004446593,0.6014167670256413,0.269333595094603,1.5144010598943751,0
-0.7787250806648427,-1.5684800212250773,-1.1839330414661757,-0.015620609228609717,-1.4037156311468373,-0.055310876129146085,0.8381467004446593,0.6014167670256413,-1.0736770745370037,-1.732713531426361,0
1.2527146662221478,1.4373506578504092,-0.030704704472457878,1.090263229965003,1.2947644960127682,0.18768034245030202,0.8381467004446593,0.6014167670256413,0.07747492800437346,1.0665231852294461,1
1.0964500703077644,1.4373506578504092,1.12252363252126,-1.1215044484222225,1.1721063084146044,-0.5412933132880401,0.8381467004446593,0.6014167670256413,1.804202931816439,-0.3890799074315736,1
-1.8725772520655304,-0.06556468168733408,-1.1839330414661757,-0.015620609228609717,0.06818262003112939,0.18768034245030202,-1.1931085566160113,0.6014167670256413,-0.8818184074467741,-1.0608967194289673,0
0.7839208784789949,-0.06556468168733408,-1.1839330414661757,1.090263229965003,0.6814735580219489,1.159645216768088,0.8381467004446593,0.6014167670256413,0.9408389299104063,0.8425842478969815,1
1.2527146662221478,-0.06556468168733408,1.12252363252126,1.090263229965003,1.2947644960127682,1.159645216768088,0.8381467004446593,0.6014167670256413,0.9408389299104063,1.4024315912281429,1
-1.8725772520655304,-0.06556468168733408,-1.1839330414661757,-0.015620609228609717,-0.0544755675670345,0.916653998188642,-1.1931085566160113,0.6014167670256413,-0.9777477409918889,-1.1728661880951996,0
0.9401854743933811,1.4373506578504092,1.12252363252126,1.090263229965003,1.2947644960127682,1.159645216768088,0.8381467004446593,0.6014167670256413,1.036768263455521,1.0665231852294461,1
0.0025978989070768233,-0.06556468168733408,-0.030704704472457878,1.090263229965003,-0.0544755675670345,1.159645216768088,0.8381467004446593,0.6014167670256413,1.2286269305457505,0.8425842478969815,0
0.0025978989070768233,-0.06556468168733408,1.12252363252126,-0.015620609228609717,0.5588153704237849,-1.0272757504469332,-1.1931085566160113,0.6014167670256413,-1.3614650751723478,0.3947063732320524,0
-0.30993129292169125,-0.06556468168733408,-1.1839330414661757,-0.015620609228609717,-1.0357410683523456,-0.784284531867486,0.8381467004446593,-1.6627404735414788,-0.9777477409918889,-0.6130188447640381,0
1.0964500703077644,-0.06556468168733408,1.12252363252126,1.090263229965003,0.9267899332182766,1.159645216768088,0.8381467004446593,0.6014167670256413,0.5571215957299472,1.5144010598943751,1
-1.8725772520655304,-0.06556468168733408,-1.1839330414661757,-1.1215044484222225,-1.526373818745001,-1.0272757504469332,-1.1931085566160113,-1.6627404735414788,1.42048559763598,-0.948927250762735,0
-0.30993129292169125,-1.5684800212250773,-1.1839330414661757,-1.1215044484222225,-1.6490320063431652,-0.29830209470859204,-1.1931085566160113,-1.6627404735414788,-1.0736770745370037,-1.0608967194289673,0
1.4089792621365311,1.4373506578504092,1.12252363252126,1.090263229965003,1.2947644960127682,1.159645216768088,0.8381467004446593,0.6014167670256413,1.2286269305457505,0.8425842478969815,0
1.2527146662221478,-0.06556468168733408,-1.1839330414661757,1.090263229965003,0.6814735580219489,0.916653998188642,0.8381467004446593,0.6014167670256413,1.036768263455521,0.2827369045658201,1
1.4089792621365311,1.4373506578504092,1.12252363252126,1.090263229965003,1.2947644960127682,1.159645216768088,0.8381467004446593,-1.6627404735414788,1.2286269305457505,1.4024315912281429,1
-1.8725772520655304,-1.5684800212250773,1.12252363252126,-1.1215044484222225,-0.2997919427633623,-1.7562494061852731,0.8381467004446593,-1.6627404735414788,-0.8818184074467741,-0.05317150143287675,0
-0.30993129292169125,-0.06556468168733408,-0.030704704472457878,1.090263229965003,0.06818262003112939,-0.055310876129146085,0.8381467004446593,0.6014167670256413,-0.4021717397212003,0.618645310564517,1
0.15886249482146017,1.4373506578504092,1.12252363252126,1.090263229965003,1.2947644960127682,0.43067156102974796,0.8381467004446593,0.6014167670256413,0.8449095963652915,0.9545537165632137,1
-1.4037834643223788,-0.06556468168733408,-0.030704704472457878,-0.015620609228609717,-0.9130828807541818,-0.055310876129146085,0.8381467004446593,0.6014167670256413,-1.3614650751723478,-0.7249883134302705,0
-1.8725772520655304,-0.06556468168733408,-1.1839330414661757,-1.1215044484222225,-0.0544755675670345,-0.784284531867486,0.8381467004446593,0.6014167670256413,0.9408389299104063,-0.05317150143287675,0
-0.15366669700730792,-0.06556468168733408,-1.1839330414661757,-1.1215044484222225,-0.0544755675670345,-1.513258187605826,-1.1931085566160113,0.6014167670256413,-1.3614650751723478,-1.0608967194289673,1
-1.247518868407994,-1.5684800212250773,-1.1839330414661757,-0.015620609228609717,-1.1583992559505094,-1.99924062476472,-1.1931085566160113,0.6014167670256413,-0.9777477409918889,-0.3890799074315736,0
-1.8725772520655304,-0.06556468168733408,-1.1839330414661757,-0.015620609228609717,-0.0544755675670345,-1.2702669690263801,-1.1931085566160113,0.6014167670256413,-0.8818184074467741,-0.6130188447640381,0
0.47139168665022824,-0.06556468168733408,1.12252363252126,1.090263229965003,0.5588153704237849,-0.055310876129146085,0.8381467004446593,0.6014167670256413,0.653050929275062,0.3947063732320524,1
1.2527146662221478,1.4373506578504092,1.12252363252126,1.090263229965003,1.2947644960127682,0.916653998188642,0.8381467004446593,0.6014167670256413,1.42048559763598,1.4024315912281429,1
0.15886249482146017,-0.06556468168733408,-0.030704704472457878,-0.015620609228609717,-1.1583992559505094,-0.5412933132880401,-1.1931085566160113,0.6014167670256413,-1.3614650751723478,-1.2848356567614319,0
1.0964500703077644,-1.5684800212250773,1.12252363252126,1.090263229965003,1.2947644960127682,1.159645216768088,0.8381467004446593,0.6014167670256413,1.804202931816439,1.0665231852294461,1
-1.5600480602367621,-0.06556468168733408,-1.1839330414661757,-1.1215044484222225,-0.667766505557854,-0.5412933132880401,-1.1931085566160113,0.6014167670256413,-1.3614650751723478,-0.7249883134302705,0
0.3151270907358449,1.4373506578504092,1.12252363252126,1.090263229965003,1.2947644960127682,1.159645216768088,0.8381467004446593,0.6014167670256413,0.07747492800437346,0.9545537165632137,1
-0.15366669700730792,-1.5684800212250773,-1.1839330414661757,-0.015620609228609717,-1.771690193941329,-0.5412933132880401,-1.1931085566160113,-1.6627404735414788,-1.3614650751723478,-1.396805125427664,0
-0.15366669700730792,-0.06556468168733408,-0.030704704472457878,-0.015620609228609717,-0.2997919427633623,0.673662779609194,-1.1931085566160113,0.6014167670256413,0.269333595094603,-0.6130188447640381,0
-0.30993129292169125,1.4373506578504092,-0.030704704472457878,-1.1215044484222225,0.8041317456201127,-1.0272757504469332,0.8381467004446593,0.6014167670256413,1.42048559763598,1.5144010598943751,0
1.5652438580509145,1.4373506578504092,1.12252363252126,2.1961470691586156,1.1721063084146044,0.43067156102974796,0.8381467004446593,0.6014167670256413,0.269333595094603,1.4024315912281429,1
1.0964500703077644,1.4373506578504092,1.12252363252126,1.090263229965003,1.0494481208164406,1.159645216768088,0.8381467004446593,0.6014167670256413,0.07747492800437346,1.0665231852294461,1
0.6276562825646116,-0.06556468168733408,1.12252363252126,1.090263229965003,1.1721063084146044,0.673662779609194,0.8381467004446593,0.6014167670256413,1.036768263455521,1.1784926538956784,1
0.7839208784789949,1.4373506578504092,1.12252363252126,1.090263229965003,-0.5451083179596901,-1.0272757504469332,0.8381467004446593,0.6014167670256413,0.8449095963652915,-0.6130188447640381,0
0.7839208784789949,-0.06556468168733408,-0.030704704472457878,2.1961470691586156,0.8041317456201127,-1.0272757504469332,0.8381467004446593,0.6014167670256413,0.653050929275062,1.5144010598943751,1
1.4089792621365311,1.4373506578504092,1.12252363252126,2.1961470691586156,-0.1771337551651984,0.916653998188642,0.8381467004446593,0.6014167670256413,0.5571215957299472,0.9545537165632137,1
0.9401854743933811,1.4373506578504092,-1.1839330414661757,1.090263229965003,-1.1583992559505094,-0.055310876129146085,0.8381467004446593,-1.6627404735414788,-0.4981010732663151,-1.1728661880951996,0
-0.15366669700730792,-1.5684800212250773,-0.030704704472457878,-0.015620609228609717,0.19084080762929329,0.18768034245030202,0.8381467004446593,0.6014167670256413,0.07747492800437346,-1.2848356567614319,1
-0.15366669700730792,-0.06556468168733408,1.12252363252126,2.1961470691586156,0.31349899522745717,1.159645216768088,0.8381467004446593,-1.6627404735414788,0.9408389299104063,0.9545537165632137,0
0.7839208784789949,1.4373506578504092,1.12252363252126,1.090263229965003,1.2947644960127682,1.159645216768088,0.8381467004446593,0.6014167670256413,0.7489802628201767,1.1784926538956784,1
0.15886249482146017,-0.06556468168733408,-0.030704704472457878,1.090263229965003,-0.4224501303615262,0.18768034245030202,-1.1931085566160113,0.6014167670256413,-1.3614650751723478,-0.8369577820965027,0
0.0025978989070768233,-0.06556468168733408,-1.1839330414661757,-1.1215044484222225,-0.667766505557854,-0.29830209470859204,0.8381467004446593,0.6014167670256413,1.6123442647262096,-1.1728661880951996,0
-0.4661958888360746,-0.06556468168733408,-0.030704704472457878,1.090263229965003,-0.667766505557854,0.18768034245030202,0.8381467004446593,0.6014167670256413,1.42048559763598,-0.2771104387653413,0
-0.15366669700730792,-1.5684800212250773,-0.030704704472457878,1.090263229965003,-1.526373818745001,-0.784284531867486,-1.1931085566160113,0.6014167670256413,0.653050929275062,-0.8369577820965027,0
-0.15366669700730792,-0.06556468168733408,1.12252363252126,-0.015620609228609717,-1.1583992559505094,0.43067156102974796,0.8381467004446593,0.6014167670256413,-1.1696064080821185,-0.7249883134302705,0
0.7839208784789949,-0.06556468168733408,-0.030704704472457878,2.1961470691586156,-1.4037156311468373,0.18768034245030202,0.8381467004446593,0.6014167670256413,0.5571215957299472,0.8425842478969815,1
1.4089792621365311,-0.06556468168733408,-1.1839330414661757,1.090263229965003,1.2947644960127682,0.916653998188642,0.8381467004446593,0.6014167670256413,0.653050929275062,1.1784926538956784,1
0.7839208784789949,-0.06556468168733408,-0.030704704472457878,-1.1215044484222225,-0.1771337551651984,-1.2702669690263801,-1.1931085566160113,0.6014167670256413,-1.3614650751723478,0.618645310564517,0
1.2527146662221478,1.4373506578504092,1.12252363252126,1.090263229965003,1.2947644960127682,1.159645216768088,0.8381467004446593,0.6014167670256413,1.2286269305457505,1.4024315912281429,1
0.47139168665022824,1.4373506578504092,1.12252363252126,-0.015620609228609717,0.9267899332182766,0.916653998188642,0.8381467004446593,0.6014167670256413,1.7082735982713242,1.2904621225619106,1
-0.4661958888360746,-0.06556468168733408,-1.1839330414661757,-1.1215044484222225,0.6814735580219489,-1.0272757504469332,-1.1931085566160113,0.6014167670256413,-0.6899597403565446,-0.7249883134302705,0
1.2527146662221478,1.4373506578504092,1.12252363252126,1.090263229965003,1.2947644960127682,1.159645216768088,0.8381467004446593,0.6014167670256413,1.2286269305457505,1.4024315912281429,1
0.6276562825646116,1.4373506578504092,1.12252363252126,1.090263229965003,1.2947644960127682,1.159645216768088,0.8381467004446593,0.6014167670256413,0.4611922621848325,1.2904621225619106,1
-1.8725772520655304,-1.5684800212250773,-1.1839330414661757,-1.1215044484222225,-2.3849811319321486,-1.0272757504469332,-1.1931085566160113,-1.6627404735414788,-0.4981010732663151,-0.948927250762735,0
-0.30993129292169125,-0.06556468168733408,-0.030704704472457878,1.090263229965003,1.1721063084146044,1.159645216768088,0.8381467004446593,0.6014167670256413,0.07747492800437346,1.0665231852294461,1
-1.247518868407994,-0.06556468168733408,-1.1839330414661757,-0.015620609228609717,-0.667766505557854,0.18768034245030202,-1.1931085566160113,-1.6627404735414788,1.6123442647262096,-1.2848356567614319,0
0.0025978989070768233,-0.06556468168733408,-1.1839330414661757,-1.1215044484222225,-1.526373818745001,-0.784284531867486,-1.1931085566160113,-1.6627404735414788,-1.3614650751723478,-0.6130188447640381,0
-0.30993129292169125,-0.06556468168733408,-1.1839330414661757,-0.015620609228609717,-0.667766505557854,0.673662779609194,-1.1931085566160113,0.6014167670256413,-1.1696064080821185,-0.6130188447640381,0
-1.5600480602367621,-1.5684800212250773,-1.1839330414661757,-1.1215044484222225,-0.7904246931560178,-0.784284531867486,-1.1931085566160113,0.6014167670256413,0.269333595094603,-1.0608967194289673,1
-0.6224604847504593,-0.06556468168733408,-1.1839330414661757,-1.1215044484222225,0.31349899522745717,-1.0272757504469332,-1.1931085566160113,-1.6627404735414788,1.1326975970006357,-1.6207440627601286,0
-1.716312656151147,-0.06556468168733408,-1.1839330414661757,-0.015620609228609717,-1.8943483815394928,0.18768034245030202,-1.1931085566160113,-1.6627404735414788,-0.4981010732663151,-1.6207440627601286,0
0.7839208784789949,1.4373506578504092,1.12252363252126,1.090263229965003,1.2947644960127682,1.159645216768088,0.8381467004446593,0.6014167670256413,1.1326975970006357,1.0665231852294461,1
0.47139168665022824,1.4373506578504092,1.12252363252126,1.090263229965003,1.1721063084146044,-1.513258187605826,-1.1931085566160113,0.6014167670256413,1.1326975970006357,0.9545537165632137,1
-0.30993129292169125,-0.06556468168733408,-1.1839330414661757,-1.1215044484222225,-0.5451083179596901,-0.055310876129146085,-1.1931085566160113,0.6014167670256413,-1.265535741627233,-0.948927250762735,0
1.0964500703077644,-0.06556468168733408,1.12252363252126,-0.015620609228609717,0.5588153704237849,0.43067156102974796,0.8381467004446593,0.6014167670256413,0.5571215957299472,1.5144010598943751,1
-1.5600480602367621,1.4373506578504092,-2.3371613784598937,-1.1215044484222225,-0.5451083179596901,-0.784284531867486,0.8381467004446593,0.6014167670256413,-1.3614650751723478,-0.6130188447640381,1
-0.15366669700730792,-1.5684800212250773,-1.1839330414661757,-1.1215044484222225,0.06818262003112939,-0.29830209470859204,-1.1931085566160113,-1.6627404735414788,-1.3614650751723478,-0.16514097009910902,0
-1.4037834643223788,-0.06556468168733408,-1.1839330414661757,-0.015620609228609717,-0.1771337551651984,-1.2702669690263801,-1.1931085566160113,-1.6627404735414788,-1.0736770745370037,-0.7249883134302705,0
-0.4661958888360746,-0.06556468168733408,-1.1839330414661757,-1.1215044484222225,0.9267899332182766,0.673662779609194,-1.1931085566160113,-1.6627404735414788,-1.3614650751723478,-0.5010493760978059,0
0.9401854743933811,1.4373506578504092,1.12252363252126,1.090263229965003,0.9267899332182766,0.916653998188642,0.8381467004446593,0.6014167670256413,1.42048559763598,0.618645310564517,1
-1.716312656151147,-0.06556468168733408,-1.1839330414661757,-1.1215044484222225,-1.0357410683523456,0.43067156102974796,0.8381467004446593,-1.6627404735414788,1.9960615989066686,-1.1728661880951996,0
-1.8725772520655304,-0.06556468168733408,-1.1839330414661757,-1.1215044484222225,-0.2997919427633623,-1.7562494061852731,0.8381467004446593,0.6014167670256413,-0.8818184074467741,-0.05317150143287675,0
-1.247518868407994,-1.5684800212250773,-0.030704704472457878,-0.015620609228609717,-0.1771337551651984,-0.5412933132880401,-1.1931085566160113,0.6014167670256413,-1.3614650751723478,-1.1728661880951996,0
0.6276562825646116,-0.06556468168733408,1.12252363252126,-1.1215044484222225,0.9267899332182766,0.916653998188642,0.8381467004446593,0.6014167670256413,1.3245562640908652,1.1784926538956784,1
0.6276562825646116,-0.06556468168733408,1.12252363252126,1.090263229965003,1.2947644960127682,1.159645216768088,0.8381467004446593,0.6014167670256413,0.4611922621848325,0.8425842478969815,1
-1.716312656151147,-0.06556468168733408,-0.030704704472457878,1.090263229965003,-0.7904246931560178,-2.485223061923614,0.8381467004446593,0.6014167670256413,-0.4981010732663151,0.9545537165632137,1
-1.716312656151147,-0.06556468168733408,-1.1839330414661757,-0.015620609228609717,0.9267899332182766,0.916653998188642,-1.1931085566160113,0.6014167670256413,-1.3614650751723478,-0.6130188447640381,0
-0.15366669700730792,-0.06556468168733408,-0.030704704472457878,-0.015620609228609717,0.5588153704237849,0.916653998188642,-1.1931085566160113,-1.6627404735414788,-0.0184544055407413,-0.2771104387653413,0
1.8777730498796839,1.4373506578504092,1.12252363252126,1.090263229965003,1.2947644960127682,1.159645216768088,0.8381467004446593,0.6014167670256413,0.269333595094603,1.2904621225619106,1
-0.15366669700730792,-0.06556468168733408,-0.030704704472457878,-0.015620609228609717,-0.667766505557854,-0.784284531867486,0.8381467004446593,0.6014167670256413,-0.6899597403565446,1.1784926538956784,0
-0.7787250806648427,-0.06556468168733408,-1.1839330414661757,-0.015620609228609717,0.43615718282562105,0.18768034245030202,-1.1931085566160113,-1.6627404735414788,-0.9777477409918889,-0.7249883134302705,0
-1.4037834643223788,-0.06556468168733408,1.12252363252126,1.090263229965003,0.43615718282562105,0.916653998188642,0.8381467004446593,-1.6627404735414788,-0.4981010732663151,0.618645310564517,0
1.4089792621365311,-1.5684800212250773,1.12252363252126,1.090263229965003,0.6814735580219489,0.916653998188642,0.8381467004446593,0.6014167670256413,0.8449095963652915,0.618645310564517,1
-0.30993129292169125,-0.06556468168733408,-0.030704704472457878,1.090263229965003,-0.9130828807541818,-1.0272757504469332,0.8381467004446593,0.6014167670256413,-1.3614650751723478,-0.3890799074315736,0
-0.7787250806648427,1.4373506578504092,1.12252363252126,-1.1215044484222225,0.6814735580219489,1.159645216768088,-1.1931085566160113,0.6014167670256413,0.9408389299104063,0.8425842478969815,0
-0.4661958888360746,-1.5684800212250773,-0.030704704472457878,-1.1215044484222225,-1.0357410683523456,-0.784284531867486,-1.1931085566160113,0.6014167670256413,-1.3614650751723478,-0.16514097009910902,1
-0.30993129292169125,-1.5684800212250773,-1.1839330414661757,-0.015620609228609717,-1.1583992559505094,0.18768034245030202,-1.1931085566160113,-1.6627404735414788,-1.3614650751723478,-0.948927250762735,0
1.4089792621365311,1.4373506578504092,1.12252363252126,1.090263229965003,1.2947644960127682,1.159645216768088,0.8381467004446593,0.6014167670256413,0.3652629286397177,-0.7249883134302705,1
0.15886249482146017,-1.5684800212250773,-1.1839330414661757,-0.015620609228609717,-2.017006569137657,0.43067156102974796,-1.1931085566160113,-1.6627404735414788,-0.7858890739016593,-1.0608967194289673,0
0.0025978989070768233,1.4373506578504092,-1.1839330414661757,-1.1215044484222225,0.43615718282562105,0.673662779609194,-1.1931085566160113,0.6014167670256413,-0.5940304068114298,-1.1728661880951996,0
-0.30993129292169125,-1.5684800212250773,-0.030704704472457878,-1.1215044484222225,-1.1583992559505094,-0.5412933132880401,-1.1931085566160113,0.6014167670256413,-1.3614650751723478,-0.8369577820965027,0
-0.15366669700730792,-0.06556468168733408,-1.1839330414661757,-0.015620609228609717,-1.4037156311468373,-0.29830209470859204,-1.1931085566160113,-1.6627404735414788,-1.265535741627233,-0.8369577820965027,0
-0.30993129292169125,-0.06556468168733408,-0.030704704472457878,-0.015620609228609717,-1.0357410683523456,-0.784284531867486,0.8381467004446593,0.6014167670256413,0.269333595094603,-1.2848356567614319,0
-0.15366669700730792,-1.5684800212250773,-1.1839330414661757,-1.1215044484222225,1.0494481208164406,0.916653998188642,0.8381467004446593,0.6014167670256413,-0.6899597403565446,-0.6130188447640381,1
0.6276562825646116,1.4373506578504092,1.12252363252126,1.090263229965003,0.8041317456201127,0.916653998188642,0.8381467004446593,0.6014167670256413,0.653050929275062,0.618645310564517,1
0.9401854743933811,1.4373506578504092,1.12252363252126,1.090263229965003,0.6814735580219489,1.159645216768088,0.8381467004446593,0.6014167670256413,0.3652629286397177,0.618645310564517,0
0.47139168665022824,1.4373506578504092,1.12252363252126,-1.1215044484222225,0.8041317456201127,1.159645216768088,0.8381467004446593,0.6014167670256413,0.3652629286397177,0.8425842478969815,1
-0.4661958888360746,-0.06556468168733408,-1.1839330414661757,-1.1215044484222225,0.06818262003112939,-0.055310876129146085,-1.1931085566160113,0.6014167670256413,-1.0736770745370037,-0.6130188447640381,1
-0.4661958888360746,-0.06556468168733408,-1.1839330414661757,-0.015620609228609717,0.31349899522745717,-0.055310876129146085,-1.1931085566160113,0.6014167670256413,1.6123442647262096,-0.6130188447640381,0
-0.6224604847504593,-0.06556468168733408,-0.030704704472457878,-0.015620609228609717,-1.4037156311468373,0.673662779609194,-1.1931085566160113,0.6014167670256413,-0.4021717397212003,-0.5010493760978059,0
0.0025978989070768233,-1.5684800212250773,-1.1839330414661757,-1.1215044484222225,0.19084080762929329,1.159645216768088,0.8381467004446593,-1.6627404735414788,-1.3614650751723478,-0.5010493760978059,0
1.8777730498796839,1.4373506578504092,1.12252363252126,1.090263229965003,1.2947644960127682,1.159645216768088,0.8381467004446593,0.6014167670256413,1.2286269305457505,1.4024315912281429,1
-0.4661958888360746,-0.06556468168733408,-1.1839330414661757,-1.1215044484222225,-1.0357410683523456,-2.485223061923614,-1.1931085566160113,-1.6627404735414788,-1.3614650751723478,-0.948927250762735,0
1.2527146662221478,1.4373506578504092,1.12252363252126,-1.1215044484222225,0.8041317456201127,0.673662779609194,0.8381467004446593,0.6014167670256413,-0.0184544055407413,1.1784926538956784,1
-1.8725772520655304,-1.5684800212250773,-1.1839330414661757,-0.015620609228609717,0.31349899522745717,0.43067156102974796,-1.1931085566160113,-1.6627404735414788,-1.3614650751723478,-0.3890799074315736,0
0.0025978989070768233,1.4373506578504092,-0.030704704472457878,-1.1215044484222225,-0.7904246931560178,-0.055310876129146085,0.8381467004446593,0.6014167670256413,0.269333595094603,1.5144010598943751,1
-1.716312656151147,1.4373506578504092,-0.030704704472457878,-0.015620609228609717,-2.2623229443339845,-1.99924062476472,-1.1931085566160113,0.6014167670256413,-1.3614650751723478,-0.6130188447640381,0
-0.30993129292169125,-0.06556468168733408,-1.1839330414661757,-1.1215044484222225,1.0494481208164406,-0.055310876129146085,-1.1931085566160113,-1.6627404735414788,1.6123442647262096,1.0665231852294461,0
0.6276562825646116,-1.5684800212250773,1.12252363252126,1.090263229965003,1.0494481208164406,1.159645216768088,0.8381467004446593,0.6014167670256413,0.5571215957299472,0.7306147792307492,1
-1.8725772520655304,-0.06556468168733408,-0.030704704472457878,-1.1215044484222225,-1.6490320063431652,-0.29830209470859204,-1.1931085566160113,0.6014167670256413,-0.9777477409918889,-1.1728661880951996,0
1.2527146662221478,-0.06556468168733408,1.12252363252126,1.090263229965003,1.0494481208164406,1.159645216768088,0.8381467004446593,0.6014167670256413,1.3245562640908652,0.9545537165632137,0
1.2527146662221478,1.4373506578504092,-0.030704704472457878,1.090263229965003,1.0494481208164406,1.159645216768088,0.8381467004446593,0.6014167670256413,0.653050929275062,1.2904621225619106,1
-0.30993129292169125,-1.5684800212250773,-0.030704704472457878,-0.015620609228609717,-1.1583992559505094,-1.513258187605826,-1.1931085566160113,-1.6627404735414788,1.036768263455521,-1.2848356567614319,0
0.6276562825646116,-1.5684800212250773,1.12252363252126,1.090263229965003,0.6814735580219489,0.916653998188642,0.8381467004446593,-1.6627404735414788,1.7082735982713242,0.5066758418982846,0
-0.4661958888360746,-0.06556468168733408,-0.030704704472457878,-1.1215044484222225,0.19084080762929329,1.159645216768088,0.8381467004446593,-1.6627404735414788,-1.3614650751723478,-0.6130188447640381,0
-1.716312656151147,-1.5684800212250773,-0.030704704472457878,-0.015620609228609717,-1.1583992559505094,-2.7282142805030603,-1.1931085566160113,0.6014167670256413,-0.6899597403565446,-1.8446830000925933,0
1.0964500703077644,1.4373506578504092,1.12252363252126,1.090263229965003,1.2947644960127682,1.159645216768088,0.8381467004446593,0.6014167670256413,0.3652629286397177,1.0665231852294461,1
-1.4037834643223788,1.4373506578504092,-1.1839330414661757,1.090263229965003,-0.5451083179596901,0.673662779609194,0.8381467004446593,0.6014167670256413,0.4611922621848325,0.8425842478969815,0
0.9401854743933811,-0.06556468168733408,1.12252363252126,1.090263229965003,0.6814735580219489,0.916653998188642,0.8381467004446593,0.6014167670256413,0.4611922621848325,0.3947063732320524,0
-0.30993129292169125,-0.06556468168733408,-1.1839330414661757,-1.1215044484222225,-1.0357410683523456,-0.784284531867486,-1.1931085566160113,-1.6627404735414788,-0.8818184074467741,-1.9566524687588256,0
-0.30993129292169125,-1.5684800212250773,-1.1839330414661757,-1.1215044484222225,-2.3849811319321486,-1.99924062476472,-1.1931085566160113,-1.6627404735414788,-1.3614650751723478,-1.2848356567614319,0
0.9401854743933811,1.4373506578504092,1.12252363252126,1.090263229965003,1.1721063084146044,1.159645216768088,0.8381467004446593,0.6014167670256413,0.8449095963652915,0.7306147792307492,1
-1.0912542724936107,-0.06556468168733408,-0.030704704472457878,-1.1215044484222225,-0.9130828807541818,0.673662779609194,0.8381467004446593,0.6014167670256413,-0.11438373908585606,-0.05317150143287675,1
0.7839208784789949,-0.06556468168733408,-1.1839330414661757,1.090263229965003,-0.9130828807541818,0.18768034245030202,-1.1931085566160113,-1.6627404735414788,1.3245562640908652,-0.7249883134302705,0
0.9401854743933811,1.4373506578504092,1.12252363252126,1.090263229965003,0.9267899332182766,-0.055310876129146085,0.8381467004446593,0.6014167670256413,-0.21031307263097082,1.0665231852294461,1
-0.30993129292169125,-0.06556468168733408,-1.1839330414661757,-1.1215044484222225,-1.0357410683523456,-1.7562494061852731,-1.1931085566160113,-1.6627404735414788,-0.8818184074467741,-1.0608967194289673,0
0.3151270907358449,-1.5684800212250773,1.12252363252126,-0.015620609228609717,1.2947644960127682,0.18768034245030202,0.8381467004446593,0.6014167670256413,1.2286269305457505,1.4024315912281429,1
-0.6224604847504593,-1.5684800212250773,-0.030704704472457878,-1.1215044484222225,0.43615718282562105,0.43067156102974796,-1.1931085566160113,-1.6627404735414788,-0.8818184074467741,-0.6130188447640381,0
-1.8725772520655304,-1.5684800212250773,-1.1839330414661757,-0.015620609228609717,-0.5451083179596901,0.43067156102974796,0.8381467004446593,0.6014167670256413,-0.21031307263097082,0.7306147792307492,0
0.0025978989070768233,-0.06556468168733408,-0.030704704472457878,-1.1215044484222225,0.06818262003112939,-0.5412933132880401,0.8381467004446593,0.6014167670256413,0.3652629286397177,-1.396805125427664,0
0.6276562825646116,-0.06556468168733408,1.12252363252126,1.090263229965003,1.1721063084146044,0.916653998188642,0.8381467004446593,0.6014167670256413,0.1734042615494882,0.618645310564517,0
0.7839208784789949,-0.06556468168733408,-1.1839330414661757,-0.015620609228609717,0.5588153704237849,-1.0272757504469332,0.8381467004446593,0.6014167670256413,-0.7858890739016593,-1.6207440627601286,1
1.4089792621365311,-0.06556468168733408,1.12252363252126,1.090263229965003,1.2947644960127682,0.916653998188642,0.8381467004446593,0.6014167670256413,0.7489802628201767,0.618645310564517,1
0.0025978989070768233,-0.06556468168733408,-0.030704704472457878,-1.1215044484222225,-0.1771337551651984,-1.2702669690263801,-1.1931085566160113,0.6014167670256413,-0.30624240617608556,-0.948927250762735,0
0.6276562825646116,-0.06556468168733408,-0.030704704472457878,-1.1215044484222225,-0.667766505557854,-0.29830209470859204,-1.1931085566160113,0.6014167670256413,-1.3614650751723478,-0.8369577820965027,0
0.6276562825646116,-0.06556468168733408,1.12252363252126,-1.1215044484222225,0.19084080762929329,-1.2702669690263801,0.8381467004446593,0.6014167670256413,0.653050929275062,0.9545537165632137,1
0.7839208784789949,-1.5684800212250773,-1.1839330414661757,-0.015620609228609717,-1.4037156311468373,-1.2702669690263801,0.8381467004446593,-1.6627404735414788,0.9408389299104063,0.9545537165632137,1
1.2527146662221478,-0.06556468168733408,-0.030704704472457878,-1.1215044484222225,1.1721063084146044,1.159645216768088,0.8381467004446593,0.6014167670256413,0.4611922621848325,0.8425842478969815,1
-1.8725772520655304,-1.5684800212250773,-1.1839330414661757,-1.1215044484222225,-0.0544755675670345,-0.055310876129146085,-1.1931085566160113,-1.6627404735414788,-0.30624240617608556,-1.396805125427664,0
-0.15366669700730792,-1.5684800212250773,-0.030704704472457878,-0.015620609228609717,-0.9130828807541818,0.43067156102974796,-1.1931085566160113,-1.6627404735414788,-1.3614650751723478,-0.8369577820965027,0
0.6276562825646116,1.4373506578504092,1.12252363252126,1.090263229965003,0.9267899332182766,0.916653998188642,0.8381467004446593,-1.6627404735414788,0.3652629286397177,1.4024315912281429,1
0.47139168665022824,-0.06556468168733408,1.12252363252126,1.090263229965003,1.2947644960127682,1.159645216768088,0.8381467004446593,0.6014167670256413,0.1734042615494882,0.8425842478969815,0
-0.4661958888360746,1.4373506578504092,-0.030704704472457878,1.090263229965003,0.8041317456201127,-0.784284531867486,-1.1931085566160113,0.6014167670256413,0.4611922621848325,-0.7249883134302705,0
-0.4661958888360746,-0.06556468168733408,-1.1839330414661757,-1.1215044484222225,-0.1771337551651984,-1.2702669690263801,-1.1931085566160113,0.6014167670256413,-1.3614650751723478,-1.0608967194289673,0
-0.30993129292169125,-0.06556468168733408,-1.1839330414661757,-0.015620609228609717,-2.3849811319321486,-0.5412933132880401,-1.1931085566160113,-1.6627404735414788,-1.3614650751723478,-1.1728661880951996,0
1.0964500703077644,1.4373506578504092,1.12252363252126,1.090263229965003,1.2947644960127682,1.159645216768088,0.8381467004446593,0.6014167670256413,-0.0184544055407413,0.9545537165632137,1
-1.8725772520655304,-0.06556468168733408,-1.1839330414661757,1.090263229965003,-1.4037156311468373,-0.29830209470859204,-1.1931085566160113,-1.6627404735414788,-0.11438373908585606,-1.1728661880951996,0
1.0964500703077644,1.4373506578504092,-1.1839330414661757,1.090263229965003,0.6814735580219489,-0.5412933132880401,0.8381467004446593,0.6014167670256413,1.1326975970006357,-0.948927250762735,1
-0.15366669700730792,1.4373506578504092,-0.030704704472457878,-1.1215044484222225,-0.9130828807541818,-0.055310876129146085,-1.1931085566160113,0.6014167670256413,0.7489802628201767,-0.8369577820965027,1
0.0025978989070768233,-1.5684800212250773,-1.1839330414661757,1.090263229965003,0.8041317456201127,0.43067156102974796,0.8381467004446593,0.6014167670256413,-0.4981010732663151,-0.7249883134302705,0
0.7839208784789949,-0.06556468168733408,-1.1839330414661757,1.090263229965003,-0.0544755675670345,0.916653998188642,0.8381467004446593,0.6014167670256413,-0.21031307263097082,1.2904621225619106,1
-1.4037834643223788,-1.5684800212250773,-0.030704704472457878,-1.1215044484222225,1.0494481208164406,0.43067156102974796,-1.1931085566160113,0.6014167670256413,-0.21031307263097082,-1.2848356567614319,0
0.15886249482146017,-1.5684800212250773,-1.1839330414661757,-1.1215044484222225,-0.0544755675670345,-0.5412933132880401,-1.1931085566160113,0.6014167670256413,-1.0736770745370037,-1.0608967194289673,1
1.2527146662221478,-1.5684800212250773,-0.030704704472457878,1.090263229965003,0.6814735580219489,-0.29830209470859204,0.8381467004446593,0.6014167670256413,1.2286269305457505,1.5144010598943751,1
0.47139168665022824,1.4373506578504092,-0.030704704472457878,1.090263229965003,0.9267899332182766,1.159645216768088,0.8381467004446593,0.6014167670256413,0.8449095963652915,-0.16514097009910902,1
-1.247518868407994,-0.06556468168733408,1.12252363252126,1.090263229965003,1.2947644960127682,1.159645216768088,0.8381467004446593,0.6014167670256413,0.653050929275062,1.1784926538956784,1
-0.4661958888360746,1.4373506578504092,-1.1839330414661757,-1.1215044484222225,-2.2623229443339845,-1.0272757504469332,-1.1931085566160113,-1.6627404735414788,-0.5940304068114298,-0.7249883134302705,0
-1.4037834643223788,1.4373506578504092,1.12252363252126,2.1961470691586156,0.9267899332182766,-0.784284531867486,0.8381467004446593,0.6014167670256413,0.8449095963652915,0.8425842478969815,0
0.3151270907358449,-0.06556468168733408,-0.030704704472457878,-0.015620609228609717,0.8041317456201127,1.159645216768088,-1.1931085566160113,0.6014167670256413,0.07747492800437346,-1.6207440627601286,0
-1.8725772520655304,-1.5684800212250773,-0.030704704472457878,-0.015620609228609717,-1.771690193941329,-0.29830209470859204,0.8381467004446593,-1.6627404735414788,-1.1696064080821185,-1.396805125427664,0
1.2527146662221478,-0.06556468168733408,1.12252363252126,-1.1215044484222225,0.19084080762929329,1.159645216768088,0.8381467004446593,0.6014167670256413,0.3652629286397177,0.9545537165632137,1
-0.4661958888360746,1.4373506578504092,1.12252363252126,1.090263229965003,1.2947644960127682,0.673662779609194,0.8381467004446593,-1.6627404735414788,0.4611922621848325,1.4024315912281429,1
1.4089792621365311,-1.5684800212250773,1.12252363252126,1.090263229965003,1.0494481208164406,1.159645216768088,0.8381467004446593,0.6014167670256413,1.5164149311810948,0.9545537165632137,1
1.0964500703077644,1.4373506578504092,1.12252363252126,1.090263229965003,1.2947644960127682,0.916653998188642,0.8381467004446593,0.6014167670256413,-0.0184544055407413,1.5144010598943751,1
-0.4661958888360746,-0.06556468168733408,-0.030704704472457878,-1.1215044484222225,-0.4224501303615262,-1.99924062476472,-1.1931085566160113,0.6014167670256413,-0.6899597403565446,-1.6207440627601286,0
-0.4661958888360746,-0.06556468168733408,-1.1839330414661757,-0.015620609228609717,-1.2810574435486735,-1.2702669690263801,-1.1931085566160113,0.6014167670256413,-1.3614650751723478,-1.1728661880951996,1
-0.9349896765792275,1.4373506578504092,1.12252363252126,-1.1215044484222225,-0.5451083179596901,-1.99924062476472,0.8381467004446593,-1.6627404735414788,-0.0184544055407413,-0.6130188447640381,0
0.15886249482146017,-0.06556468168733408,-0.030704704472457878,-1.1215044484222225,-0.0544755675670345,-0.784284531867486,0.8381467004446593,0.6014167670256413,-1.3614650751723478,-0.6130188447640381,0
-0.7787250806648427,-1.5684800212250773,-1.1839330414661757,-1.1215044484222225,-2.017006569137657,-1.2702669690263801,-1.1931085566160113,-1.6627404735414788,-0.30624240617608556,-0.948927250762735,0
-0.15366669700730792,-0.06556468168733408,1.12252363252126,-1.1215044484222225,0.19084080762929329,-0.29830209470859204,-1.1931085566160113,0.6014167670256413,1.3245562640908652,-0.6130188447640381,1
-1.4037834643223788,-0.06556468168733408,-0.030704704472457878,-1.1215044484222225,-0.5451083179596901,-0.055310876129146085,0.8381467004446593,0.6014167670256413,0.3652629286397177,-0.16514097009910902,0
1.0964500703077644,-1.5684800212250773,-1.1839330414661757,-1.1215044484222225,0.8041317456201127,-1.2702669690263801,-1.1931085566160113,0.6014167670256413,-1.1696064080821185,-0.7249883134302705,0
1.2527146662221478,1.4373506578504092,1.12252363252126,-0.015620609228609717,1.1721063084146044,0.43067156102974796,-1.1931085566160113,-1.6627404735414788,-1.3614650751723478,1.0665231852294461,1
0.7839208784789949,-1.5684800212250773,-1.1839330414661757,-1.1215044484222225,-0.7904246931560178,-0.5412933132880401,0.8381467004446593,-1.6627404735414788,-0.7858890739016593,-1.2848356567614319,0
1.5652438580509145,-0.06556468168733408,1.12252363252126,1.090263229965003,1.2947644960127682,1.159645216768088,0.8381467004446593,0.6014167670256413,0.653050929275062,1.1784926538956784,1
0.9401854743933811,1.4373506578504092,1.12252363252126,1.090263229965003,1.2947644960127682,0.43067156102974796,0.8381467004446593,0.6014167670256413,1.7082735982713242,1.2904621225619106,1
-1.247518868407994,-0.06556468168733408,-0.030704704472457878,-0.015620609228609717,-1.4037156311468373,0.43067156102974796,0.8381467004446593,0.6014167670256413,-1.265535741627233,-1.0608967194289673,0
-1.716312656151147,-1.5684800212250773,-1.1839330414661757,-0.015620609228609717,-0.5451083179596901,-2.7282142805030603,-1.1931085566160113,-1.6627404735414788,-0.6899597403565446,-0.7249883134302705,0
0.9401854743933811,-0.06556468168733408,-0.030704704472457878,1.090263229965003,0.8041317456201127,0.43067156102974796,0.8381467004446593,0.6014167670256413,0.4611922621848325,1.5144010598943751,1
1.4089792621365311,-0.06556468168733408,1.12252363252126,-1.1215044484222225,-0.2997919427633623,-0.784284531867486,-1.1931085566160113,0.6014167670256413,-1.3614650751723478,-0.5010493760978059,0
-1.247518868407994,-0.06556468168733408,-1.1839330414661757,-0.015620609228609717,-1.771690193941329,0.18768034245030202,-1.1931085566160113,0.6014167670256413,-0.6899597403565446,-0.3890799074315736,0
1.4089792621365311,-0.06556468168733408,-0.030704704472457878,1.090263229965003,1.2947644960127682,0.673662779609194,0.8381467004446593,0.6014167670256413,1.1326975970006357,1.4024315912281429,1
1.0964500703077644,-0.06556468168733408,-0.030704704472457878,-1.1215044484222225,1.2947644960127682,0.916653998188642,0.8381467004446593,0.6014167670256413,-1.3614650751723478,0.7306147792307492,0
-0.30993129292169125,-0.06556468168733408,-1.1839330414661757,-1.1215044484222225,-0.5451083179596901,1.159645216768088,-1.1931085566160113,0.6014167670256413,-0.11438373908585606,-0.7249883134302705,0
0.15886249482146017,1.4373506578504092,-0.030704704472457878,1.090263229965003,-0.0544755675670345,0.43067156102974796,0.8381467004446593,-1.6627404735414788,0.269333595094603,1.2904621225619106,0
-1.8725772520655304,-0.06556468168733408,-0.030704704472457878,-1.1215044484222225,-0.667766505557854,-0.5412933132880401,-1.1931085566160113,0.6014167670256413,-1.3614650751723478,-1.732713531426361,0
0.15886249482146017,-0.06556468168733408,1.12252363252126,1.090263229965003,0.43615718282562105,1.159645216768088,0.8381467004446593,0.6014167670256413,1.804202931816439,0.9545537165632137,1
0.6276562825646116,-0.06556468168733408,-0.030704704472457878,-1.1215044484222225,0.6814735580219489,-0.055310876129146085,0.8381467004446593,0.6014167670256413,0.8449095963652915,-0.05317150143287675,1
-0.15366669700730792,1.4373506578504092,-1.1839330414661757,1.090263229965003,0.9267899332182766,1.159645216768088,0.8381467004446593,-1.6627404735414788,1.804202931816439,-1.396805125427664,0
-0.15366669700730792,-0.06556468168733408,-0.030704704472457878,-0.015620609228609717,0.9267899332182766,-0.29830209470859204,-1.1931085566160113,0.6014167670256413,0.5571215957299472,-0.7249883134302705,0
0.9401854743933811,1.4373506578504092,1.12252363252126,1.090263229965003,1.2947644960127682,1.159645216768088,0.8381467004446593,0.6014167670256413,1.1326975970006357,0.7306147792307492,1
0.6276562825646116,1.4373506578504092,1.12252363252126,-0.015620609228609717,-0.5451083179596901,-1.513258187605826,0.8381467004446593,0.6014167670256413,1.6123442647262096,-0.948927250762735,1
0.0025978989070768233,-1.5684800212250773,-0.030704704472457878,-0.015620609228609717,-0.5451083179596901,1.159645216768088,-1.1931085566160113,0.6014167670256413,0.269333595094603,-0.7249883134302705,0
1.4089792621365311,-0.06556468168733408,1.12252363252126,1.090263229965003,0.8041317456201127,0.18768034245030202,0.8381467004446593,0.6014167670256413,0.5571215957299472,0.618645310564517,1
-1.8725772520655304,-0.06556468168733408,-1.1839330414661757,-0.015620609228609717,0.19084080762929329,-0.055310876129146085,-1.1931085566160113,0.6014167670256413,-0.21031307263097082,-0.5010493760978059,0
0.6276562825646116,1.4373506578504092,1.12252363252126,1.090263229965003,0.6814735580219489,0.43067156102974796,0.8381467004446593,0.6014167670256413,0.5571215957299472,-0.8369577820965027,0
0.7839208784789949,-1.5684800212250773,-1.1839330414661757,-0.015620609228609717,0.19084080762929329,-0.29830209470859204,0.8381467004446593,0.6014167670256413,-0.11438373908585606,1.0665231852294461,1
-1.8725772520655304,-0.06556468168733408,-1.1839330414661757,-1.1215044484222225,0.19084080762929329,-1.0272757504469332,-1.1931085566160113,0.6014167670256413,-1.3614650751723478,-0.5010493760978059,0
0.3151270907358449,1.4373506578504092,1.12252363252126,1.090263229965003,1.2947644960127682,0.673662779609194,0.8381467004446593,0.6014167670256413,0.5571215957299472,1.4024315912281429,1
0.47139168665022824,-0.06556468168733408,-1.1839330414661757,-1.1215044484222225,0.43615718282562105,1.159645216768088,-1.1931085566160113,0.6014167670256413,-0.7858890739016593,-0.7249883134302705,0
-1.8725772520655304,-0.06556468168733408,-0.030704704472457878,-0.015620609228609717,0.8041317456201127,-0.055310876129146085,0.8381467004446593,0.6014167670256413,1.42048559763598,1.5144010598943751,1
0.7839208784789949,1.4373506578504092,1.12252363252126,1.090263229965003,-0.1771337551651984,1.159645216768088,0.8381467004446593,0.6014167670256413,1.3245562640908652,0.9545537165632137,1
1.8777730498796839,1.4373506578504092,1.12252363252126,1.090263229965003,1.2947644960127682,1.159645216768088,0.8381467004446593,0.6014167670256413,0.7489802628201767,0.8425842478969815,1
0.6276562825646116,-0.06556468168733408,1.12252363252126,1.090263229965003,1.2947644960127682,1.159645216768088,0.8381467004446593,0.6014167670256413,1.42048559763598,1.5144010598943751,1
0.15886249482146017,1.4373506578504092,1.12252363252126,1.090263229965003,1.2947644960127682,1.159645216768088,0.8381467004446593,0.6014167670256413,1.5164149311810948,1.1784926538956784,1
-0.6224604847504593,-0.06556468168733408,-0.030704704472457878,-1.1215044484222225,-0.5451083179596901,-1.0272757504469332,-1.1931085566160113,0.6014167670256413,1.036768263455521,-0.3890799074315736,0
-0.9349896765792275,-1.5684800212250773,-1.1839330414661757,-1.1215044484222225,-1.1583992559505094,0.18768034245030202,-1.1931085566160113,-1.6627404735414788,0.7489802628201767,-0.8369577820965027,0
-0.6224604847504593,-1.5684800212250773,-1.1839330414661757,-0.015620609228609717,-0.667766505557854,-1.2702669690263801,-1.1931085566160113,0.6014167670256413,-0.8818184074467741,-1.0608967194289673,0
-0.6224604847504593,-0.06556468168733408,-1.1839330414661757,-0.015620609228609717,-1.771690193941329,-1.2702669690263801,0.8381467004446593,0.6014167670256413,-0.7858890739016593,-1.396805125427664,0
-1.5600480602367621,-0.06556468168733408,-1.1839330414661757,-1.1215044484222225,-0.667766505557854,-1.0272757504469332,0.8381467004446593,0.6014167670256413,0.4611922621848325,-0.948927250762735,0
0.47139168665022824,-1.5684800212250773,-1.1839330414661757,-1.1215044484222225,-0.5451083179596901,-1.2702669690263801,0.8381467004446593,-1.6627404735414788,-1.1696064080821185,-1.1728661880951996,0
-1.716312656151147,-0.06556468168733408,-1.1839330414661757,-1.1215044484222225,-1.1583992559505094,0.43067156102974796,-1.1931085566160113,-1.6627404735414788,-0.9777477409918889,-0.7249883134302705,0
-1.716312656151147,-1.5684800212250773,1.12252363252126,-1.1215044484222225,0.5588153704237849,1.159645216768088,0.8381467004446593,0.6014167670256413,0.8449095963652915,-0.16514097009910902,1
-0.30993129292169125,-0.06556468168733408,-1.1839330414661757,-0.015620609228609717,-1.2810574435486735,-1.0272757504469332,-1.1931085566160113,0.6014167670256413,-0.9777477409918889,-0.948927250762735,0
-0.4661958888360746,-0.06556468168733408,-1.1839330414661757,-0.015620609228609717,-0.0544755675670345,-0.055310876129146085,-1.1931085566160113,-1.6627404735414788,-0.7858890739016593,0.17076743589958782,0
-1.716312656151147,-0.06556468168733408,-1.1839330414661757,-0.015620609228609717,-1.2810574435486735,0.673662779609194,-1.1931085566160113,-1.6627404735414788,-1.3614650751723478,0.5066758418982846,0
0.47139168665022824,-0.06556468168733408,1.12252363252126,-0.015620609228609717,-0.5451083179596901,0.43067156102974796,0.8381467004446593,0.6014167670256413,0.3652629286397177,-0.3890799074315736,1
-0.7787250806648427,-0.06556468168733408,1.12252363252126,-0.015620609228609717,-0.5451083179596901,-0.29830209470859204,0.8381467004446593,0.6014167670256413,-0.4981010732663151,1.0665231852294461,0
-1.8725772520655304,-0.06556468168733408,-1.1839330414661757,-0.015620609228609717,-1.771690193941329,-3.214196717661954,-1.1931085566160113,-1.6627404735414788,-0.7858890739016593,0.5066758418982846,0
0.7839208784789949,1.4373506578504092,1.12252363252126,1.090263229965003,1.2947644960127682,1.159645216768088,0.8381467004446593,0.6014167670256413,0.8449095963652915,1.5144010598943751,1
0.6276562825646116,-0.06556468168733408,-1.1839330414661757,-1.1215044484222225,0.06818262003112939,0.673662779609194,-1.1931085566160113,-1.6627404735414788,-0.9777477409918889,-1.8446830000925933,0
-1.716312656151147,-0.06556468168733408,-0.030704704472457878,1.090263229965003,-0.2997919427633623,-0.784284531867486,-1.1931085566160113,0.6014167670256413,-0.5940304068114298,-1.0608967194289673,0
0.15886249482146017,-0.06556468168733408,-0.030704704472457878,-1.1215044484222225,-0.7904246931560178,0.43067156102974796,0.8381467004446593,0.6014167670256413,1.3245562640908652,0.058797967233355536,0
-1.4037834643223788,-0.06556468168733408,-0.030704704472457878,1.090263229965003,0.5588153704237849,-0.5412933132880401,0.8381467004446593,0.6014167670256413,-1.3614650751723478,-0.8369577820965027,1
0.0025978989070768233,1.4373506578504092,1.12252363252126,1.090263229965003,1.2947644960127682,1.159645216768088,0.8381467004446593,0.6014167670256413,1.1326975970006357,1.1784926538956784,1
0.6276562825646116,1.4373506578504092,1.12252363252126,1.090263229965003,1.0494481208164406,0.43067156102974796,0.8381467004446593,0.6014167670256413,0.9408389299104063,1.4024315912281429,0
-0.4661958888360746,-0.06556468168733408,1.12252363252126,-1.1215044484222225,0.19084080762929329,0.916653998188642,0.8381467004446593,0.6014167670256413,0.653050929275062,1.0665231852294461,1
-0.4661958888360746,-0.06556468168733408,1.12252363252126,1.090263229965003,-1.1583992559505094,0.18768034245030202,-1.1931085566160113,-1.6627404735414788,-1.0736770745370037,-0.5010493760978059,0
1.0964500703077644,1.4373506578504092,1.12252363252126,1.090263229965003,1.2947644960127682,1.159645216768088,0.8381467004446593,0.6014167670256413,0.653050929275062,0.9545537165632137,1
1.2527146662221478,-0.06556468168733408,1.12252363252126,-1.1215044484222225,1.2947644960127682,1.159645216768088,0.8381467004446593,0.6014167670256413,0.9408389299104063,1.5144010598943751,1
-0.9349896765792275,-0.06556468168733408,1.12252363252126,1.090263229965003,0.8041317456201127,1.159645216768088,0.8381467004446593,0.6014167670256413,-0.7858890739016593,1.1784926538956784,0
-1.8725772520655304,-1.5684800212250773,-1.1839330414661757,-1.1215044484222225,0.8041317456201127,0.43067156102974796,-1.1931085566160113,-1.6627404735414788,-0.5940304068114298,-0.6130188447640381,0
0.0025978989070768233,-1.5684800212250773,-0.030704704472457878,1.090263229965003,1.2947644960127682,1.159645216768088,0.8381467004446593,0.6014167670256413,-0.8818184074467741,1.4024315912281429,1
-0.4661958888360746,-1.5684800212250773,1.12252363252126,1.090263229965003,-0.5451083179596901,1.159645216768088,0.8381467004446593,0.6014167670256413,0.653050929275062,-0.2771104387653413,0
0.9401854743933811,-0.06556468168733408,-0.030704704472457878,-0.015620609228609717,-0.667766505557854,-0.29830209470859204,0.8381467004446593,0.6014167670256413,0.653050929275062,0.7306147792307492,0
0.9401854743933811,1.4373506578504092,1.12252363252126,1.090263229965003,1.2947644960127682,1.159645216768088,0.8381467004446593,0.6014167670256413,1.036768263455521,1.5144010598943751,1
1.0964500703077644,1.4373506578504092,1.12252363252126,1.090263229965003,1.2947644960127682,-0.5412933132880401,0.8381467004446593,0.6014167670256413,0.653050929275062,0.8425842478969815,1
-1.5600480602367621,-0.06556468168733408,-0.030704704472457878,-0.015620609228609717,-0.1771337551651984,0.18768034245030202,-1.1931085566160113,0.6014167670256413,-0.8818184074467741,-0.6130188447640381,0
0.15886249482146017,-0.06556468168733408,1.12252363252126,-0.015620609228609717,-0.2997919427633623,-1.7562494061852731,-1.1931085566160113,0.6014167670256413,-1.3614650751723478,-1.1728661880951996,0
-1.5600480602367621,-1.5684800212250773,-1.1839330414661757,-0.015620609228609717,-1.2810574435486735,0.18768034245030202,-1.1931085566160113,-1.6627404735414788,0.653050929275062,-0.7249883134302705,0
0.0025978989070768233,-1.5684800212250773,-0.030704704472457878,-0.015620609228609717,-1.0357410683523456,-0.055310876129146085,0.8381467004446593,0.6014167670256413,-0.8818184074467741,-0.16514097009910902,0
0.6276562825646116,-0.06556468168733408,1.12252363252126,-1.1215044484222225,-1.1583992559505094,1.159645216768088,0.8381467004446593,-1.6627404735414788,0.1734042615494882,-0.2771104387653413,0
-0.15366669700730792,-0.06556468168733408,-0.030704704472457878,-0.015620609228609717,1.2947644960127682,0.43067156102974796,0.8381467004446593,0.6014167670256413,-0.11438373908585606,1.2904621225619106,0
1.5652438580509145,-0.06556468168733408,1.12252363252126,1.090263229965003,1.1721063084146044,0.673662779609194,0.8381467004446593,0.6014167670256413,-0.0184544055407413,1.2904621225619106,1
1.5652438580509145,1.4373506578504092,1.12252363252126,1.090263229965003,1.2947644960127682,1.159645216768088,0.8381467004446593,0.6014167670256413,0.9408389299104063,1.1784926538956784,1
-1.8725772520655304,-0.06556468168733408,-1.1839330414661757,-0.015620609228609717,-1.1583992559505094,-1.2702669690263801,-1.1931085566160113,-1.6627404735414788,-1.3614650751723478,-1.396805125427664,0
-1.8725772520655304,-1.5684800212250773,-1.1839330414661757,-1.1215044484222225,-2.1396647567358205,-0.784284531867486,-1.1931085566160113,0.6014167670256413,-1.0736770745370037,-0.948927250762735,0
-1.8725772520655304,1.4373506578504092,-1.1839330414661757,-1.1215044484222225,-0.7904246931560178,-0.784284531867486,-1.1931085566160113,-1.6627404735414788,-1.3614650751723478,-0.7249883134302705,0
-0.15366669700730792,-0.06556468168733408,1.12252363252126,1.090263229965003,1.2947644960127682,1.159645216768088,0.8381467004446593,0.6014167670256413,0.4611922621848325,0.9545537165632137,0
-1.247518868407994,-0.06556468168733408,-0.030704704472457878,-1.1215044484222225,0.06818262003112939,-2.2422318433441673,-1.1931085566160113,-1.6627404735414788,-1.3614650751723478,-0.3890799074315736,0
-1.8725772520655304,-0.06556468168733408,-0.030704704472457878,-1.1215044484222225,-2.2623229443339845,-0.784284531867486,-1.1931085566160113,-1.6627404735414788,-1.265535741627233,-1.5087745940938964,0
-0.30993129292169125,-0.06556468168733408,-0.030704704472457878,-0.015620609228609717,-1.8943483815394928,-0.29830209470859204,-1.1931085566160113,0.6014167670256413,0.07747492800437346,-1.1728661880951996,0
0.7839208784789949,1.4373506578504092,1.12252363252126,-0.015620609228609717,1.2947644960127682,-1.0272757504469332,0.8381467004446593,0.6014167670256413,0.653050929275062,0.8425842478969815,1
-0.30993129292169125,1.4373506578504092,1.12252363252126,-1.1215044484222225,0.6814735580219489,-0.055310876129146085,-1.1931085566160113,-1.6627404735414788,-1.3614650751723478,-0.6130188447640381,1
1.0964500703077644,-0.06556468168733408,1.12252363252126,1.090263229965003,-0.9130828807541818,0.673662779609194,0.8381467004446593,-1.6627404735414788,0.07747492800437346,-0.5010493760978059,1
-0.4661958888360746,-0.06556468168733408,-0.030704704472457878,-1.1215044484222225,1.1721063084146044,-1.7562494061852731,-1.1931085566160113,-1.6627404735414788,-0.6899597403565446,-0.2771104387653413,0
-0.4661958888360746,-0.06556468168733408,-1.1839330414661757,-1.1215044484222225,-0.667766505557854,-1.99924062476472,-1.1931085566160113,0.6014167670256413,-0.21031307263097082,-1.396805125427664,0
0.9401854743933811,-0.06556468168733408,1.12252363252126,1.090263229965003,1.2947644960127682,0.43067156102974796,0.8381467004446593,0.6014167670256413,0.5571215957299472,0.5066758418982846,1
-0.15366669700730792,-0.06556468168733408,-1.1839330414661757,-0.015620609228609717,-1.0357410683523456,-0.055310876129146085,-1.1931085566160113,-1.6627404735414788,-0.9777477409918889,-1.2848356567614319,0
1.0964500703077644,1.4373506578504092,1.12252363252126,1.090263229965003,1.2947644960127682,1.159645216768088,0.8381467004446593,0.6014167670256413,1.036768263455521,1.4024315912281429,1
-0.30993129292169125,1.4373506578504092,-1.1839330414661757,-1.1215044484222225,-0.1771337551651984,-0.29830209470859204,0.8381467004446593,0.6014167670256413,-1.3614650751723478,-0.948927250762735,0
-1.8725772520655304,-1.5684800212250773,-0.030704704472457878,-1.1215044484222225,0.6814735580219489,1.159645216768088,0.8381467004446593,0.6014167670256413,-1.3614650751723478,0.9545537165632137,1
0.6276562825646116,1.4373506578504092,1.12252363252126,2.1961470691586156,1.2947644960127682,0.916653998188642,0.8381467004446593,0.6014167670256413,-0.4981010732663151,0.9545537165632137,1
-0.4661958888360746,-1.5684800212250773,-1.1839330414661757,-1.1215044484222225,-1.6490320063431652,-0.29830209470859204,-1.1931085566160113,-1.6627404735414788,-0.5940304068114298,-0.16514097009910902,0
-1.8725772520655304,-1.5684800212250773,-0.030704704472457878,-1.1215044484222225,-0.7904246931560178,-1.513258187605826,-1.1931085566160113,0.6014167670256413,-0.4981010732663151,-0.2771104387653413,0
0.0025978989070768233,-0.06556468168733408,-1.1839330414661757,-0.015620609228609717,-0.667766505557854,-0.055310876129146085,-1.1931085566160113,0.6014167670256413,-1.0736770745370037,-1.0608967194289673,0
0.15886249482146017,-0.06556468168733408,-1.1839330414661757,-1.1215044484222225,-0.4224501303615262,-1.0272757504469332,-1.1931085566160113,0.6014167670256413,-1.1696064080821185,-1.1728661880951996,0
-0.15366669700730792,1.4373506578504092,-1.1839330414661757,-0.015620609228609717,0.6814735580219489,0.18768034245030202,-1.1931085566160113,0.6014167670256413,-0.9777477409918889,0.058797967233355536,0
1.5652438580509145,-1.5684800212250773,-1.1839330414661757,2.1961470691586156,-0.9130828807541818,1.159645216768088,0.8381467004446593,0.6014167670256413,1.5164149311810948,-0.7249883134302705,1
-0.6224604847504593,-0.06556468168733408,-1.1839330414661757,-0.015620609228609717,-1.526373818745001,-0.29830209470859204,-1.1931085566160113,0.6014167670256413,-0.6899597403565446,-0.5010493760978059,0
-1.716312656151147,-0.06556468168733408,-0.030704704472457878,-0.015620609228609717,-0.667766505557854,-0.5412933132880401,-1.1931085566160113,0.6014167670256413,1.3245562640908652,1.5144010598943751,1
0.6276562825646116,-0.06556468168733408,-1.1839330414661757,-1.1215044484222225,0.6814735580219489,-2.971205499082507,-1.1931085566160113,0.6014167670256413,-1.3614650751723478,-1.0608967194289673,0
-0.15366669700730792,-0.06556468168733408,-1.1839330414661757,-1.1215044484222225,0.19084080762929329,-1.2702669690263801,-1.1931085566160113,0.6014167670256413,0.3652629286397177,-0.2771104387653413,0
1.0964500703077644,1.4373506578504092,1.12252363252126,1.090263229965003,0.43615718282562105,1.159645216768088,0.8381467004446593,-1.6627404735414788,0.9408389299104063,0.8425842478969815,0
1.2527146662221478,1.4373506578504092,1.12252363252126,1.090263229965003,0.5588153704237849,-0.784284531867486,0.8381467004446593,0.6014167670256413,0.269333595094603,0.618645310564517,1
0.7839208784789949,-0.06556468168733408,-0.030704704472457878,-0.015620609228609717,0.8041317456201127,0.43067156102974796,0.8381467004446593,0.6014167670256413,0.4611922621848325,0.9545537165632137,1
0.6276562825646116,1.4373506578504092,1.12252363252126,-1.1215044484222225,0.19084080762929329,0.916653998188642,0.8381467004446593,0.6014167670256413,1.42048559763598,0.9545537165632137,1
0.9401854743933811,-0.06556468168733408,-0.030704704472457878,1.090263229965003,0.31349899522745717,0.673662779609194,0.8381467004446593,0.6014167670256413,1.3245562640908652,1.4024315912281429,1
0.47139168665022824,1.4373506578504092,1.12252363252126,-1.1215044484222225,1.2947644960127682,-0.055310876129146085,-1.1931085566160113,0.6014167670256413,1.3245562640908652,0.9545537165632137,1
0.0025978989070768233,-1.5684800212250773,-1.1839330414661757,-1.1215044484222225,0.19084080762929329,0.18768034245030202,0.8381467004446593,0.6014167670256413,0.653050929275062,-0.7249883134302705,0
0.3151270907358449,-0.06556468168733408,-0.030704704472457878,2.1961470691586156,0.06818262003112939,0.916653998188642,0.8381467004446593,0.6014167670256413,0.8449095963652915,-0.16514097009910902,0
-0.30993129292169125,-0.06556468168733408,-0.030704704472457878,-0.015620609228609717,-0.4224501303615262,-2.2422318433441673,-1.1931085566160113,-1.6627404735414788,-1.3614650751723478,-1.0608967194289673,0
0.6276562825646116,-0.06556468168733408,-1.1839330414661757,-1.1215044484222225,1.2947644960127682,0.916653998188642,-1.1931085566160113,0.6014167670256413,0.07747492800437346,0.8425842478969815,0
0.0025978989070768233,-0.06556468168733408,1.12252363252126,-0.015620609228609717,1.1721063084146044,0.673662779609194,-1.1931085566160113,0.6014167670256413,-0.7858890739016593,1.0665231852294461,1
-1.4037834643223788,1.4373506578504092,-0.030704704472457878,1.090263229965003,0.06818262003112939,0.43067156102974796,0.8381467004446593,0.6014167670256413,0.269333595094603,0.8425842478969815,1
0.7839208784789949,-0.06556468168733408,1.12252363252126,1.090263229965003,1.2947644960127682,1.159645216768088,0.8381467004446593,0.6014167670256413,0.5571215957299472,0.7306147792307492,1
0.6276562825646116,-0.06556468168733408,1.12252363252126,1.090263229965003,0.06818262003112939,0.43067156102974796,0.8381467004446593,-1.6627404735414788,1.3245562640908652,1.0665231852294461,1
1.4089792621365311,-1.5684800212250773,-1.1839330414661757,-0.015620609228609717,-1.4037156311468373,-0.055310876129146085,-1.1931085566160113,0.6014167670256413,-1.3614650751723478,-1.2848356567614319,0
-0.6224604847504593,-1.5684800212250773,-1.1839330414661757,-1.1215044484222225,0.9267899332182766,1.159645216768088,-1.1931085566160113,-1.6627404735414788,-1.3614650751723478,0.7306147792307492,0
0.6276562825646116,1.4373506578504092,1.12252363252126,1.090263229965003,1.1721063084146044,1.159645216768088,0.8381467004446593,0.6014167670256413,1.7082735982713242,1.4024315912281429,1
1.2527146662221478,1.4373506578504092,1.12252363252126,1.090263229965003,1.2947644960127682,0.43067156102974796,0.8381467004446593,0.6014167670256413,1.2286269305457505,1.1784926538956784,1
0.0025978989070768233,-0.06556468168733408,-1.1839330414661757,-1.1215044484222225,-0.9130828807541818,-0.5412933132880401,-1.1931085566160113,-1.6627404735414788,-0.6899597403565446,-1.0608967194289673,1
-1.8725772520655304,-0.06556468168733408,-1.1839330414661757,-1.1215044484222225,-1.2810574435486735,-1.0272757504469332,-1.1931085566160113,-1.6627404735414788,-0.8818184074467741,-0.2771104387653413,0
-0.15366669700730792,-1.5684800212250773,-0.030704704472457878,-1.1215044484222225,-0.0544755675670345,-0.784284531867486,0.8381467004446593,0.6014167670256413,-1.3614650751723478,-0.5010493760978059,0
0.6276562825646116,1.4373506578504092,1.12252363252126,1.090263229965003,0.6814735580219489,0.673662779609194,0.8381467004446593,0.6014167670256413,1.036768263455521,1.0665231852294461,1
-1.4037834643223788,-0.06556468168733408,-0.030704704472457878,-1.1215044484222225,-0.5451083179596901,0.43067156102974796,0.8381467004446593,0.6014167670256413,0.653050929275062,0.618645310564517,0
-1.8725772520655304,-1.5684800212250773,1.12252363252126,1.090263229965003,0.5588153704237849,0.18768034245030202,0.8381467004446593,0.6014167670256413,-0.11438373908585606,-0.2771104387653413,1
0.3151270907358449,-0.06556468168733408,-1.1839330414661757,-1.1215044484222225,1.1721063084146044,0.43067156102974796,0.8381467004446593,0.6014167670256413,0.8449095963652915,0.7306147792307492,1
-0.4661958888360746,-1.5684800212250773,-1.1839330414661757,-1.1215044484222225,-1.0357410683523456,-1.513258187605826,-1.1931085566160113,-1.6627404735414788,-1.3614650751723478,-1.1728661880951996,0
-1.0912542724936107,-0.06556468168733408,1.12252363252126,1.090263229965003,-0.5451083179596901,0.18768034245030202,0.8381467004446593,0.6014167670256413,0.4611922621848325,-1.2848356567614319,1
-1.716312656151147,-0.06556468168733408,-0.030704704472457878,-1.1215044484222225,-1.1583992559505094,-0.5412933132880401,0.8381467004446593,0.6014167670256413,-1.3614650751723478,-1.396805125427664,0
-1.8725772520655304,-0.06556468168733408,-0.030704704472457878,-1.1215044484222225,0.19084080762929329,-2.485223061923614,-1.1931085566160113,-1.6627404735414788,-1.3614650751723478,-0.5010493760978059,0
0.9401854743933811,1.4373506578504092,1.12252363252126,2.1961470691586156,1.1721063084146044,0.43067156102974796,0.8381467004446593,0.6014167670256413,0.7489802628201767,1.5144010598943751,1
-0.30993129292169125,-0.06556468168733408,-1.1839330414661757,-0.015620609228609717,-0.9130828807541818,1.159645216768088,-1.1931085566160113,-1.6627404735414788,-1.0736770745370037,-0.6130188447640381,0
0.6276562825646116,-1.5684800212250773,-0.030704704472457878,2.1961470691586156,-0.1771337551651984,-0.5412933132880401,0.8381467004446593,0.6014167670256413,1.1326975970006357,0.3947063732320524,1
-1.0912542724936107,-0.06556468168733408,-1.1839330414661757,-1.1215044484222225,-1.771690193941329,-0.784284531867486,-1.1931085566160113,-1.6627404735414788,-1.0736770745370037,-1.0608967194289673,0
-0.30993129292169125,-0.06556468168733408,-0.030704704472457878,-0.015620609228609717,-0.9130828807541818,0.18768034245030202,-1.1931085566160113,0.6014167670256413,-1.0736770745370037,-0.7249883134302705,0
-1.0912542724936107,-0.06556468168733408,-1.1839330414661757,1.090263229965003,0.06818262003112939,-0.5412933132880401,-1.1931085566160113,-1.6627404735414788,-0.0184544055407413,-1.732713531426361,1
0.9401854743933811,-0.06556468168733408,-1.1839330414661757,-1.1215044484222225,0.8041317456201127,-0.29830209470859204,-1.1931085566160113,0.6014167670256413,-1.3614650751723478,-0.3890799074315736,1
1.5652438580509145,1.4373506578504092,1.12252363252126,1.090263229965003,1.0494481208164406,1.159645216768088,0.8381467004446593,0.6014167670256413,0.9408389299104063,0.9545537165632137,0
-0.4661958888360746,-0.06556468168733408,1.12252363252126,-0.015620609228609717,-0.7904246931560178,0.18768034245030202,-1.1931085566160113,0.6014167670256413,-1.3614650751723478,-0.05317150143287675,0
-1.8725772520655304,-0.06556468168733408,1.12252363252126,-0.015620609228609717,1.2947644960127682,0.43067156102974796,-1.1931085566160113,-1.6627404735414788,0.4611922621848325,-1.396805125427664,0
1.5652438580509145,-0.06556468168733408,1.12252363252126,1.090263229965003,1.2947644960127682,1.159645216768088,0.8381467004446593,0.6014167670256413,1.42048559763598,1.2904621225619106,1
0.7839208784789949,-0.06556468168733408,-1.1839330414661757,1.090263229965003,0.31349899522745717,1.159645216768088,0.8381467004446593,0.6014167670256413,0.8449095963652915,0.8425842478969815,1
-1.8725772520655304,1.4373506578504092,-1.1839330414661757,1.090263229965003,0.8041317456201127,0.916653998188642,0.8381467004446593,-1.6627404735414788,-0.4021717397212003,0.8425842478969815,1
-0.15366669700730792,1.4373506578504092,1.12252363252126,-1.1215044484222225,1.2947644960127682,1.159645216768088,0.8381467004446593,0.6014167670256413,0.9408389299104063,-0.8369577820965027,1
1.7215084539653005,1.4373506578504092,1.12252363252126,2.1961470691586156,1.2947644960127682,1.159645216768088,0.8381467004446593,0.6014167670256413,0.269333595094603,0.17076743589958782,1
0.0025978989070768233,-1.5684800212250773,-1.1839330414661757,-0.015620609228609717,-1.526373818745001,1.159645216768088,-1.1931085566160113,-1.6627404735414788,-1.265535741627233,-0.948927250762735,0
-1.5600480602367621,-0.06556468168733408,-0.030704704472457878,-0.015620609228609717,-1.8943483815394928,-1.2702669690263801,-1.1931085566160113,0.6014167670256413,1.2286269305457505,-1.1728661880951996,0
0.3151270907358449,1.4373506578504092,1.12252363252126,1.090263229965003,1.2947644960127682,0.673662779609194,0.8381467004446593,-1.6627404735414788,-0.4021717397212003,1.0665231852294461,0
0.0025978989070768233,1.4373506578504092,-0.030704704472457878,-0.015620609228609717,-1.0357410683523456,0.18768034245030202,-1.1931085566160113,0.6014167670256413,-1.3614650751723478,-0.948927250762735,0
-1.4037834643223788,-0.06556468168733408,-1.1839330414661757,1.090263229965003,-1.8943483815394928,-1.99924062476472,-1.1931085566160113,-1.6627404735414788,-1.3614650751723478,-1.2848356567614319,0
-0.4661958888360746,-0.06556468168733408,-0.030704704472457878,-1.1215044484222225,-1.1583992559505094,-0.5412933132880401,0.8381467004446593,-1.6627404735414788,0.7489802628201767,-0.6130188447640381,0
1.2527146662221478,-0.06556468168733408,1.12252363252126,-0.015620609228609717,0.31349899522745717,0.916653998188642,0.8381467004446593,0.6014167670256413,1.036768263455521,-0.5010493760978059,1
1.0964500703077644,-1.5684800212250773,1.12252363252126,1.090263229965003,0.9267899332182766,-0.784284531867486,0.8381467004446593,-1.6627404735414788,0.9408389299104063,0.618645310564517,1
0.6276562825646116,-1.5684800212250773,-0.030704704472457878,-1.1215044484222225,0.19084080762929329,1.159645216768088,-1.1931085566160113,0.6014167670256413,1.804202931816439,0.8425842478969815,0
0.47139168665022824,1.4373506578504092,1.12252363252126,1.090263229965003,1.2947644960127682,1.159645216768088,0.8381467004446593,0.6014167670256413,1.9960615989066686,1.2904621225619106,1
-0.15366669700730792,-1.5684800212250773,-1.1839330414661757,-1.1215044484222225,-2.017006569137657,-1.513258187605826,-1.1931085566160113,-1.6627404735414788,-1.265535741627233,-1.396805125427664,0
0.7839208784789949,-0.06556468168733408,-1.1839330414661757,-0.015620609228609717,-0.1771337551651984,-0.784284531867486,-1.1931085566160113,0.6014167670256413,-1.265535741627233,-0.5010493760978059,0
1.0964500703077644,1.4373506578504092,1.12252363252126,1.090263229965003,1.2947644960127682,1.159645216768088,0.8381467004446593,0.6014167670256413,0.269333595094603,0.8425842478969815,1
1.0964500703077644,1.4373506578504092,1.12252363252126,1.090263229965003,0.9267899332182766,0.916653998188642,0.8381467004446593,0.6014167670256413,-1.3614650751723478,0.058797967233355536,1
1.2527146662221478,1.4373506578504092,1.12252363252126,-1.1215044484222225,0.8041317456201127,-0.29830209470859204,0.8381467004446593,0.6014167670256413,-0.8818184074467741,1.1784926538956784,1
-1.8725772520655304,-0.06556468168733408,-0.030704704472457878,-1.1215044484222225,-0.4224501303615262,-1.2702669690263801,-1.1931085566160113,0.6014167670256413,-0.6899597403565446,-0.7249883134302705,0
0.15886249482146017,-0.06556468168733408,-1.1839330414661757,-1.1215044484222225,-0.2997919427633623,-0.5412933132880401,-1.1931085566160113,0.6014167670256413,-0.4981010732663151,-0.8369577820965027,0
-0.4661958888360746,-0.06556468168733408,-0.030704704472457878,-1.1215044484222225,0.06818262003112939,-0.29830209470859204,0.8381467004446593,0.6014167670256413,-0.6899597403565446,0.5066758418982846,0
0.15886249482146017,-0.06556468168733408,1.12252363252126,-1.1215044484222225,1.2947644960127682,0.673662779609194,-1.1931085566160113,0.6014167670256413,-0.4981010732663151,0.9545537165632137,0
1.0964500703077644,-1.5684800212250773,-0.030704704472457878,-1.1215044484222225,-1.2810574435486735,-0.784284531867486,0.8381467004446593,0.6014167670256413,-1.3614650751723478,-0.2771104387653413,1
0.0025978989070768233,-0.06556468168733408,-1.1839330414661757,-0.015620609228609717,-0.667766505557854,0.43067156102974796,-1.1931085566160113,-1.6627404735414788,-1.3614650751723478,-1.396805125427664,0
-0.4661958888360746,-0.06556468168733408,-1.1839330414661757,-0.015620609228609717,-0.9130828807541818,0.673662779609194,0.8381467004446593,0.6014167670256413,0.7489802628201767,0.9545537165632137,0
-1.8725772520655304,-1.5684800212250773,-0.030704704472457878,1.090263229965003,-0.5451083179596901,0.43067156102974796,0.8381467004446593,-1.6627404735414788,-0.4021717397212003,-1.732713531426361,0
-0.7787250806648427,-0.06556468168733408,-1.1839330414661757,2.1961470691586156,-0.5451083179596901,-1.99924062476472,-1.1931085566160113,-1.6627404735414788,-0.21031307263097082,-0.948927250762735,0
-1.8725772520655304,-0.06556468168733408,-0.030704704472457878,-0.015620609228609717,-0.0544755675670345,-0.5412933132880401,-1.1931085566160113,0.6014167670256413,-0.8818184074467741,-1.6207440627601286,0
0.7839208784789949,1.4373506578504092,1.12252363252126,1.090263229965003,1.2947644960127682,1.159645216768088,0.8381467004446593,0.6014167670256413,1.3245562640908652,1.4024315912281429,1
-1.5600480602367621,-1.5684800212250773,-1.1839330414661757,-1.1215044484222225,-0.5451083179596901,-0.29830209470859204,-1.1931085566160113,-1.6627404735414788,-0.8818184074467741,0.7306147792307492,0
1.2527146662221478,-1.5684800212250773,1.12252363252126,1.090263229965003,0.6814735580219489,1.159645216768088,0.8381467004446593,0.6014167670256413,1.036768263455521,1.5144010598943751,1
-0.30993129292169125,-0.06556468168733408,-0.030704704472457878,-1.1215044484222225,-1.0357410683523456,0.916653998188642,-1.1931085566160113,0.6014167670256413,-1.3614650751723478,-0.2771104387653413,0
0.6276562825646116,-0.06556468168733408,-0.030704704472457878,-0.015620609228609717,-0.5451083179596901,-0.29830209470859204,0.8381467004446593,-1.6627404735414788,0.653050929275062,-0.6130188447640381,0
-0.30993129292169125,-0.06556468168733408,-0.030704704472457878,-1.1215044484222225,-1.526373818745001,-0.5412933132880401,-1.1931085566160113,-1.6627404735414788,-0.9777477409918889,-0.8369577820965027,0
-0.4661958888360746,-0.06556468168733408,-0.030704704472457878,-0.015620609228609717,0.5588153704237849,0.18768034245030202,-1.1931085566160113,0.6014167670256413,1.1326975970006357,-1.396805125427664,0
1.0964500703077644,1.4373506578504092,1.12252363252126,1.090263229965003,1.2947644960127682,1.159645216768088,0.8381467004446593,0.6014167670256413,0.07747492800437346,0.8425842478969815,1
-1.8725772520655304,1.4373506578504092,1.12252363252126,1.090263229965003,0.19084080762929329,-1.99924062476472,0.8381467004446593,-1.6627404735414788,1.2286269305457505,-0.7249883134302705,1
1.5652438580509145,1.4373506578504092,1.12252363252126,2.1961470691586156,0.19084080762929329,-0.29830209470859204,0.8381467004446593,0.6014167670256413,1.7082735982713242,1.0665231852294461,1
0.47139168665022824,-0.06556468168733408,1.12252363252126,-1.1215044484222225,1.2947644960127682,-1.513258187605826,-1.1931085566160113,0.6014167670256413,-1.1696064080821185,-0.948927250762735,1
0.7839208784789949,-0.06556468168733408,1.12252363252126,-0.015620609228609717,0.31349899522745717,1.159645216768088,-1.1931085566160113,0.6014167670256413,0.07747492800437346,1.2904621225619106,0
0.7839208784789949,1.4373506578504092,1.12252363252126,1.090263229965003,1.2947644960127682,1.159645216768088,0.8381467004446593,0.6014167670256413,1.2286269305457505,1.0665231852294461,1
-1.5600480602367621,-0.06556468168733408,-1.1839330414661757,-1.1215044484222225,-1.6490320063431652,-0.055310876129146085,0.8381467004446593,-1.6627404735414788,-1.3614650751723478,-0.3890799074315736,0
-0.4661958888360746,-0.06556468168733408,-1.1839330414661757,-0.015620609228609717,0.19084080762929329,-1.99924062476472,-1.1931085566160113,0.6014167670256413,-1.3614650751723478,-1.1728661880951996,0
-0.30993129292169125,-0.06556468168733408,1.12252363252126,-1.1215044484222225,-0.2997919427633623,0.43067156102974796,0.8381467004446593,-1.6627404735414788,1.2286269305457505,-1.1728661880951996,0
1.0964500703077644,-0.06556468168733408,1.12252363252126,-1.1215044484222225,-2.017006569137657,-0.055310876129146085,0.8381467004446593,0.6014167670256413,-1.3614650751723478,-0.7249883134302705,0
-1.5600480602367621,-0.06556468168733408,-0.030704704472457878,-0.015620609228609717,-0.667766505557854,-0.5412933132880401,0.8381467004446593,0.6014167670256413,-1.265535741627233,-0.8369577820965027,1
-0.4661958888360746,-0.06556468168733408,-1.1839330414661757,-0.015620609228609717,-1.4037156311468373,-0.5412933132880401,0.8381467004446593,0.6014167670256413,-1.3614650751723478,-0.8369577820965027,0
0.0025978989070768233,1.4373506578504092,-0.030704704472457878,-1.1215044484222225,0.06818262003112939,-0.784284531867486,-1.1931085566160113,-1.6627404735414788,-1.3614650751723478,-1.0608967194289673,0
-0.30993129292169125,-0.06556468168733408,-1.1839330414661757,-1.1215044484222225,-0.5451083179596901,-1.513258187605826,-1.1931085566160113,-1.6627404735414788,-1.1696064080821185,-0.948927250762735,0
0.47139168665022824,1.4373506578504092,-1.1839330414661757,1.090263229965003,1.0494481208164406,-0.784284531867486,0.8381467004446593,0.6014167670256413,1.036768263455521,1.4024315912281429,0
0.9401854743933811,-1.5684800212250773,-1.1839330414661757,-1.1215044484222225,-1.0357410683523456,-0.5412933132880401,0.8381467004446593,0.6014167670256413,-1.3614650751723478,-1.732713531426361,1
-0.30993129292169125,-0.06556468168733408,-1.1839330414661757,-0.015620609228609717,-0.7904246931560178,0.916653998188642,0.8381467004446593,-1.6627404735414788,-0.7858890739016593,-0.8369577820965027,0
0.15886249482146017,-1.5684800212250773,1.12252363252126,1.090263229965003,1.2947644960127682,1.159645216768088,0.8381467004446593,0.6014167670256413,-0.4981010732663151,1.5144010598943751,0
-0.30993129292169125,1.4373506578504092,1.12252363252126,1.090263229965003,1.2947644960127682,1.159645216768088,0.8381467004446593,0.6014167670256413,1.42048559763598,1.5144010598943751,1
0.3151270907358449,1.4373506578504092,1.12252363252126,1.090263229965003,1.2947644960127682,0.916653998188642,0.8381467004446593,0.6014167670256413,0.7489802628201767,1.0665231852294461,1
0.47139168665022824,-0.06556468168733408,1.12252363252126,1.090263229965003,-0.0544755675670345,0.673662779609194,0.8381467004446593,0.6014167670256413,-0.11438373908585606,1.4024315912281429,1
-0.15366669700730792,-0.06556468168733408,-0.030704704472457878,-0.015620609228609717,-0.0544755675670345,0.43067156102974796,-1.1931085566160113,0.6014167670256413,-1.3614650751723478,-0.7249883134302705,0
-1.247518868407994,1.4373506578504092,-0.030704704472457878,1.090263229965003,1.2947644960127682,1.159645216768088,-1.1931085566160113,0.6014167670256413,1.5164149311810948,1.1784926538956784,1
0.3151270907358449,-1.5684800212250773,-1.1839330414661757,-1.1215044484222225,-2.3849811319321486,-2.971205499082507,-1.1931085566160113,-1.6627404735414788,-0.7858890739016593,-1.396805125427664,0
-0.15366669700730792,-0.06556468168733408,1.12252363252126,1.090263229965003,-0.2997919427633623,0.18768034245030202,-1.1931085566160113,0.6014167670256413,-1.3614650751723478,-0.3890799074315736,1
1.0964500703077644,-0.06556468168733408,-1.1839330414661757,-0.015620609228609717,-1.1583992559505094,-1.2702669690263801,0.8381467004446593,0.6014167670256413,-1.3614650751723478,-0.8369577820965027,0
0.6276562825646116,-0.06556468168733408,-0.030704704472457878,1.090263229965003,0.8041317456201127,0.18768034245030202,0.8381467004446593,0.6014167670256413,1.1326975970006357,1.2904621225619106,1
0.15886249482146017,-0.06556468168733408,1.12252363252126,-0.015620609228609717,1.1721063084146044,1.159645216768088,0.8381467004446593,0.6014167670256413,0.5571215957299472,1.1784926538956784,1
0.7839208784789949,-0.06556468168733408,1.12252363252126,1.090263229965003,1.2947644960127682,1.159645216768088,0.8381467004446593,0.6014167670256413,1.5164149311810948,0.2827369045658201,1
-1.0912542724936107,1.4373506578504092,1.12252363252126,1.090263229965003,1.2947644960127682,0.673662779609194,0.8381467004446593,0.6014167670256413,1.5164149311810948,0.9545537165632137,1
-1.8725772520655304,-0.06556468168733408,-1.1839330414661757,-0.015620609228609717,-0.1771337551651984,-1.99924062476472,-1.1931085566160113,0.6014167670256413,-0.6899597403565446,-0.2771104387653413,0
1.5652438580509145,-0.06556468168733408,-0.030704704472457878,-1.1215044484222225,0.06818262003112939,0.43067156102974796,0.8381467004446593,0.6014167670256413,-1.3614650751723478,-1.1728661880951996,1
-1.8725772520655304,-1.5684800212250773,-1.1839330414661757,-1.1215044484222225,-0.667766505557854,0.18768034245030202,0.8381467004446593,0.6014167670256413,0.269333595094603,-1.1728661880951996,0
0.3151270907358449,-0.06556468168733408,1.12252363252126,-1.1215044484222225,-0.5451083179596901,-0.5412933132880401,0.8381467004446593,-1.6627404735414788,0.5571215957299472,-0.05317150143287675,0
0.9401854743933811,-1.5684800212250773,-1.1839330414661757,1.090263229965003,0.5588153704237849,1.159645216768088,0.8381467004446593,0.6014167670256413,1.3245562640908652,0.8425842478969815,1
-0.4661958888360746,-1.5684800212250773,-1.1839330414661757,-1.1215044484222225,0.19084080762929329,-1.0272757504469332,-1.1931085566160113,0.6014167670256413,-0.8818184074467741,-0.5010493760978059,0
-0.30993129292169125,-0.06556468168733408,-1.1839330414661757,-1.1215044484222225,0.5588153704237849,-1.513258187605826,-1.1931085566160113,0.6014167670256413,0.7489802628201767,1.4024315912281429,0
-0.4661958888360746,-0.06556468168733408,1.12252363252126,-0.015620609228609717,-1.0357410683523456,0.18768034245030202,0.8381467004446593,-1.6627404735414788,-0.5940304068114298,0.17076743589958782,0
0.6276562825646116,1.4373506578504092,1.12252363252126,1.090263229965003,1.2947644960127682,1.159645216768088,0.8381467004446593,0.6014167670256413,0.3652629286397177,1.5144010598943751,1
0.7839208784789949,-0.06556468168733408,-0.030704704472457878,2.1961470691586156,0.31349899522745717,0.673662779609194,0.8381467004446593,0.6014167670256413,0.4611922621848325,0.9545537165632137,0
0.15886249482146017,1.4373506578504092,1.12252363252126,1.090263229965003,1.2947644960127682,1.159645216768088,0.8381467004446593,0.6014167670256413,0.7489802628201767,1.2904621225619106,1
-0.9349896765792275,-0.06556468168733408,-0.030704704472457878,-1.1215044484222225,1.1721063084146044,0.916653998188642,-1.1931085566160113,-1.6627404735414788,0.8449095963652915,-0.6130188447640381,0
1.0964500703077644,-1.5684800212250773,-0.030704704472457878,-1.1215044484222225,0.8041317456201127,0.673662779609194,0.8381467004446593,0.6014167670256413,0.7489802628201767,0.618645310564517,0
-0.7787250806648427,-0.06556468168733408,-0.030704704472457878,-1.1215044484222225,-1.0357410683523456,-2.7282142805030603,-1.1931085566160113,-1.6627404735414788,-1.3614650751723478,-0.6130188447640381,0
0.7839208784789949,-0.06556468168733408,1.12252363252126,1.090263229965003,1.2947644960127682,1.159645216768088,0.8381467004446593,0.6014167670256413,0.8449095963652915,0.9545537165632137,1
-1.5600480602367621,-1.5684800212250773,-0.030704704472457878,-1.1215044484222225,-1.1583992559505094,-3.214196717661954,-1.1931085566160113,0.6014167670256413,-1.3614650751723478,-0.6130188447640381,0
-0.30993129292169125,-0.06556468168733408,-1.1839330414661757,-1.1215044484222225,0.43615718282562105,0.18768034245030202,-1.1931085566160113,0.6014167670256413,-1.3614650751723478,-0.5010493760978059,0
0.47139168665022824,-0.06556468168733408,1.12252363252126,1.090263229965003,1.1721063084146044,1.159645216768088,0.8381467004446593,0.6014167670256413,1.7082735982713242,0.618645310564517,1
1.4089792621365311,-1.5684800212250773,1.12252363252126,1.090263229965003,1.2947644960127682,1.159645216768088,0.8381467004446593,0.6014167670256413,0.5571215957299472,1.2904621225619106,1
-0.30993129292169125,1.4373506578504092,-1.1839330414661757,-1.1215044484222225,-1.2810574435486735,0.43067156102974796,0.8381467004446593,-1.6627404735414788,0.1734042615494882,-0.6130188447640381,0
-1.4037834643223788,-0.06556468168733408,-1.1839330414661757,-1.1215044484222225,0.31349899522745717,0.673662779609194,-1.1931085566160113,0.6014167670256413,-1.0736770745370037,0.058797967233355536,1
1.0964500703077644,-0.06556468168733408,1.12252363252126,1.090263229965003,0.6814735580219489,-0.29830209470859204,0.8381467004446593,0.6014167670256413,1.9001322653615538,1.5144010598943751,1
1.0964500703077644,1.4373506578504092,1.12252363252126,-1.1215044484222225,-0.5451083179596901,1.159645216768088,-1.1931085566160113,-1.6627404735414788,-0.4981010732663151,0.7306147792307492,1
-1.4037834643223788,-0.06556468168733408,-0.030704704472457878,-1.1215044484222225,-0.0544755675670345,-0.784284531867486,-1.1931085566160113,0.6014167670256413,-0.0184544055407413,-0.7249883134302705,0
0.9401854743933811,-0.06556468168733408,-0.030704704472457878,1.090263229965003,-0.0544755675670345,0.673662779609194,0.8381467004446593,0.6014167670256413,0.5571215957299472,-0.16514097009910902,1
0.9401854743933811,-0.06556468168733408,-0.030704704472457878,-1.1215044484222225,-0.1771337551651984,0.673662779609194,0.8381467004446593,0.6014167670256413,0.4611922621848325,-1.6207440627601286,0
0.7839208784789949,-1.5684800212250773,1.12252363252126,1.090263229965003,0.19084080762929329,0.916653998188642,0.8381467004446593,0.6014167670256413,0.3652629286397177,0.618645310564517,1
0.47139168665022824,1.4373506578504092,1.12252363252126,1.090263229965003,1.2947644960127682,0.18768034245030202,0.8381467004446593,0.6014167670256413,1.036768263455521,1.5144010598943751,1
-0.6224604847504593,-0.06556468168733408,-0.030704704472457878,-0.015620609228609717,0.5588153704237849,0.673662779609194,-1.1931085566160113,0.6014167670256413,-1.3614650751723478,-0.2771104387653413,0
-0.15366669700730792,-1.5684800212250773,-1.1839330414661757,-0.015620609228609717,-0.4224501303615262,0.43067156102974796,-1.1931085566160113,-1.6627404735414788,-0.4021717397212003,-0.7249883134302705,0
0.47139168665022824,-1.5684800212250773,-0.030704704472457878,-0.015620609228609717,-0.1771337551651984,-0.29830209470859204,0.8381467004446593,0.6014167670256413,0.7489802628201767,0.8425842478969815,0
1.4089792621365311,-0.06556468168733408,-0.030704704472457878,1.090263229965003,1.0494481208164406,-0.055310876129146085,0.8381467004446593,0.6014167670256413,0.1734042615494882,0.8425842478969815,1
0.3151270907358449,-0.06556468168733408,-0.030704704472457878,-1.1215044484222225,1.2947644960127682,-0.29830209470859204,0.8381467004446593,0.6014167670256413,-1.3614650751723478,-0.948927250762735,0
-0.6224604847504593,-1.5684800212250773,-1.1839330414661757,-1.1215044484222225,0.06818262003112939,-1.99924062476472,-1.1931085566160113,0.6014167670256413,-1.3614650751723478,-1.5087745940938964,0
1.5652438580509145,1.4373506578504092,1.12252363252126,1.090263229965003,1.2947644960127682,1.159645216768088,0.8381467004446593,0.6014167670256413,0.9408389299104063,1.4024315912281429,1
0.9401854743933811,-0.06556468168733408,-1.1839330414661757,-1.1215044484222225,0.06818262003112939,0.18768034245030202,-1.1931085566160113,-1.6627404735414788,0.1734042615494882,-1.396805125427664,0
-1.8725772520655304,-0.06556468168733408,-1.1839330414661757,-1.1215044484222225,0.06818262003112939,-0.784284531867486,-1.1931085566160113,0.6014167670256413,-1.3614650751723478,-0.7249883134302705,0
1.4089792621365311,-0.06556468168733408,1.12252363252126,1.090263229965003,-0.9130828807541818,-0.784284531867486,0.8381467004446593,0.6014167670256413,1.036768263455521,-1.1728661880951996,1
1.4089792621365311,-1.5684800212250773,1.12252363252126,1.090263229965003,0.19084080762929329,-1.0272757504469332,0.8381467004446593,0.6014167670256413,1.2286269305457505,-0.3890799074315736,1
-0.15366669700730792,-0.06556468168733408,-1.1839330414661757,-0.015620609228609717,-0.7904246931560178,0.916653998188642,-1.1931085566160113,-1.6627404735414788,-1.3614650751723478,-0.5010493760978059,0
0.15886249482146017,1.4373506578504092,1.12252363252126,1.090263229965003,1.2947644960127682,0.916653998188642,0.8381467004446593,0.6014167670256413,0.8449095963652915,0.8425842478969815,1
0.6276562825646116,-0.06556468168733408,1.12252363252126,1.090263229965003,1.1721063084146044,1.159645216768088,0.8381467004446593,0.6014167670256413,0.5571215957299472,0.8425842478969815,1
-1.8725772520655304,-0.06556468168733408,-0.030704704472457878,-0.015620609228609717,-0.9130828807541818,0.18768034245030202,-1.1931085566160113,-1.6627404735414788,-1.3614650751723478,-1.2848356567614319,0
1.0964500703077644,-0.06556468168733408,-0.030704704472457878,-0.015620609228609717,0.9267899332182766,-1.7562494061852731,-1.1931085566160113,0.6014167670256413,-1.3614650751723478,-1.9566524687588256,0
-0.4661958888360746,-0.06556468168733408,-0.030704704472457878,2.1961470691586156,0.43615718282562105,0.916653998188642,0.8381467004446593,0.6014167670256413,-0.9777477409918889,0.7306147792307492,1
-0.7787250806648427,-1.5684800212250773,-0.030704704472457878,-0.015620609228609717,-0.2997919427633623,-0.784284531867486,-1.1931085566160113,0.6014167670256413,-1.3614650751723478,-1.1728661880951996,0
0.0025978989070768233,-0.06556468168733408,-1.1839330414661757,-1.1215044484222225,0.19084080762929329,-1.0272757504469332,-1.1931085566160113,0.6014167670256413,0.653050929275062,-0.7249883134302705,0
-0.15366669700730792,-0.06556468168733408,-0.030704704472457878,-0.015620609228609717,-0.0544755675670345,-0.055310876129146085,-1.1931085566160113,0.6014167670256413,0.5571215957299472,-0.2771104387653413,0
0.9401854743933811,-0.06556468168733408,-1.1839330414661757,-1.1215044484222225,-0.1771337551651984,-1.513258187605826,-1.1931085566160113,0.6014167670256413,-1.3614650751723478,-0.948927250762735,0
0.15886249482146017,-0.06556468168733408,1.12252363252126,1.090263229965003,1.2947644960127682,1.159645216768088,0.8381467004446593,0.6014167670256413,1.036768263455521,1.5144010598943751,1
-0.30993129292169125,-0.06556468168733408,-0.030704704472457878,-1.1215044484222225,1.2947644960127682,-0.29830209470859204,-1.1931085566160113,0.6014167670256413,0.7489802628201767,-1.1728661880951996,1
-1.716312656151147,-0.06556468168733408,-1.1839330414661757,-1.1215044484222225,-0.7904246931560178,-0.29830209470859204,-1.1931085566160113,-1.6627404735414788,-0.4981010732663151,-0.5010493760978059,0
-0.4661958888360746,-0.06556468168733408,-0.030704704472457878,-0.015620609228609717,-0.1771337551651984,0.673662779609194,-1.1931085566160113,0.6014167670256413,-0.21031307263097082,-0.7249883134302705,0
0.15886249482146017,-1.5684800212250773,-0.030704704472457878,-1.1215044484222225,0.43615718282562105,1.159645216768088,-1.1931085566160113,-1.6627404735414788,-0.6899597403565446,-0.7249883134302705,0
0.0025978989070768233,-0.06556468168733408,-1.1839330414661757,-0.015620609228609717,0.31349899522745717,-0.784284531867486,-1.1931085566160113,-1.6627404735414788,-1.3614650751723478,-1.5087745940938964,0
0.0025978989070768233,-0.06556468168733408,-1.1839330414661757,-0.015620609228609717,-1.6490320063431652,-2.485223061923614,-1.1931085566160113,-1.6627404735414788,-1.3614650751723478,-1.396805125427664,0
-0.4661958888360746,-1.5684800212250773,1.12252363252126,1.090263229965003,-0.5451083179596901,-0.055310876129146085,0.8381467004446593,0.6014167670256413,1.804202931816439,1.0665231852294461,1
-0.7787250806648427,-0.06556468168733408,-0.030704704472457878,-0.015620609228609717,-0.667766505557854,-1.513258187605826,-1.1931085566160113,-1.6627404735414788,-1.3614650751723478,-0.2771104387653413,0
-1.4037834643223788,-0.06556468168733408,-1.1839330414661757,-0.015620609228609717,-0.5451083179596901,-1.2702669690263801,-1.1931085566160113,0.6014167670256413,-1.1696064080821185,-0.8369577820965027,0
-0.15366669700730792,-0.06556468168733408,-0.030704704472457878,-1.1215044484222225,-0.2997919427633623,0.673662779609194,0.8381467004446593,-1.6627404735414788,1.42048559763598,-0.8369577820965027,0
1.0964500703077644,-0.06556468168733408,1.12252363252126,1.090263229965003,1.2947644960127682,0.916653998188642,0.8381467004446593,0.6014167670256413,1.5164149311810948,1.5144010598943751,1
0.9401854743933811,1.4373506578504092,1.12252363252126,1.090263229965003,1.2947644960127682,0.673662779609194,0.8381467004446593,0.6014167670256413,0.8449095963652915,0.5066758418982846,1
1.4089792621365311,1.4373506578504092,1.12252363252126,1.090263229965003,1.2947644960127682,1.159645216768088,0.8381467004446593,0.6014167670256413,0.7489802628201767,0.8425842478969815,1
1.5652438580509145,1.4373506578504092,1.12252363252126,1.090263229965003,1.2947644960127682,1.159645216768088,0.8381467004446593,0.6014167670256413,1.036768263455521,1.0665231852294461,1
0.47139168665022824,1.4373506578504092,1.12252363252126,1.090263229965003,1.2947644960127682,1.159645216768088,0.8381467004446593,0.6014167670256413,0.8449095963652915,1.1784926538956784,1
-1.8725772520655304,-1.5684800212250773,1.12252363252126,1.090263229965003,-0.9130828807541818,-0.5412933132880401,0.8381467004446593,0.6014167670256413,1.7082735982713242,0.618645310564517,1
0.7839208784789949,-0.06556468168733408,-1.1839330414661757,-1.1215044484222225,-0.7904246931560178,0.43067156102974796,-1.1931085566160113,0.6014167670256413,0.653050929275062,1.0665231852294461,0
0.6276562825646116,-0.06556468168733408,1.12252363252126,-0.015620609228609717,1.2947644960127682,1.159645216768088,0.8381467004446593,0.6014167670256413,0.4611922621848325,0.618645310564517,1
-1.8725772520655304,-0.06556468168733408,-1.1839330414661757,-0.015620609228609717,-0.9130828807541818,-1.2702669690263801,-1.1931085566160113,0.6014167670256413,-1.3614650751723478,-0.948927250762735,0
0.47139168665022824,1.4373506578504092,1.12252363252126,1.090263229965003,0.6814735580219489,1.159645216768088,0.8381467004446593,0.6014167670256413,0.4611922621848325,1.4024315912281429,1
0.15886249482146017,-0.06556468168733408,-0.030704704472457878,-1.1215044484222225,-0.7904246931560178,0.673662779609194,-1.1931085566160113,0.6014167670256413,-1.3614650751723478,-1.1728661880951996,0
-0.6224604847504593,-0.06556468168733408,1.12252363252126,1.090263229965003,1.2947644960127682,0.43067156102974796,0.8381467004446593,0.6014167670256413,0.7489802628201767,1.1784926538956784,1
0.9401854743933811,-0.06556468168733408,1.12252363252126,1.090263229965003,1.1721063084146044,0.18768034245030202,0.8381467004446593,0.6014167670256413,-0.5940304068114298,0.7306147792307492,1
0.9401854743933811,1.4373506578504092,1.12252363252126,1.090263229965003,1.2947644960127682,0.916653998188642,0.8381467004446593,0.6014167670256413,0.7489802628201767,0.7306147792307492,1
0.6276562825646116,1.4373506578504092,1.12252363252126,2.1961470691586156,-0.4224501303615262,0.43067156102974796,0.8381467004446593,0.6014167670256413,-0.0184544055407413,-0.8369577820965027,0
-1.8725772520655304,-1.5684800212250773,-0.030704704472457878,-1.1215044484222225,0.19084080762929329,-1.513258187605826,-1.1931085566160113,0.6014167670256413,-0.8818184074467741,-0.7249883134302705,1
-0.15366669700730792,-1.5684800212250773,-1.1839330414661757,-1.1215044484222225,-0.5451083179596901,-0.29830209470859204,0.8381467004446593,-1.6627404735414788,-1.3614650751723478,-1.732713531426361,0
0.0025978989070768233,-0.06556468168733408,-0.030704704472457878,-0.015620609228609717,-0.4224501303615262,0.916653998188642,0.8381467004446593,0.6014167670256413,0.3652629286397177,1.5144010598943751,0
1.4089792621365311,-0.06556468168733408,1.12252363252126,1.090263229965003,0.5588153704237849,1.159645216768088,0.8381467004446593,0.6014167670256413,0.3652629286397177,1.2904621225619106,1
0.3151270907358449,-0.06556468168733408,-0.030704704472457878,-0.015620609228609717,0.19084080762929329,-0.784284531867486,0.8381467004446593,0.6014167670256413,-0.8818184074467741,-0.3890799074315736,0
-0.15366669700730792,1.4373506578504092,-0.030704704472457878,-1.1215044484222225,-0.667766505557854,-0.784284531867486,-1.1931085566160113,0.6014167670256413,-0.6899597403565446,0.9545537165632137,1
-1.8725772520655304,-1.5684800212250773,-0.030704704472457878,-0.015620609228609717,-0.5451083179596901,-1.99924062476472,-1.1931085566160113,0.6014167670256413,-0.7858890739016593,-0.7249883134302705,0
1.7215084539653005,1.4373506578504092,1.12252363252126,1.090263229965003,1.2947644960127682,1.159645216768088,0.8381467004446593,0.6014167670256413,1.2286269305457505,1.5144010598943751,1
1.2527146662221478,-0.06556468168733408,-0.030704704472457878,-0.015620609228609717,0.6814735580219489,-0.5412933132880401,0.8381467004446593,0.6014167670256413,0.3652629286397177,1.2904621225619106,1
-0.30993129292169125,-0.06556468168733408,-0.030704704472457878,-0.015620609228609717,-0.0544755675670345,0.673662779609194,-1.1931085566160113,0.6014167670256413,-0.4021717397212003,-0.3890799074315736,0
0.3151270907358449,1.4373506578504092,1.12252363252126,1.090263229965003,1.2947644960127682,0.916653998188642,0.8381467004446593,0.6014167670256413,1.804202931816439,-1.0608967194289673,1
-0.15366669700730792,-0.06556468168733408,1.12252363252126,-0.015620609228609717,0.19084080762929329,-1.0272757504469332,0.8381467004446593,0.6014167670256413,1.2286269305457505,1.0665231852294461,1
-1.8725772520655304,-0.06556468168733408,-0.030704704472457878,-1.1215044484222225,0.6814735580219489,-0.5412933132880401,-1.1931085566160113,0.6014167670256413,1.9960615989066686,-0.948927250762735,0
0.7839208784789949,-0.06556468168733408,-0.030704704472457878,-1.1215044484222225,0.19084080762929329,-0.784284531867486,0.8381467004446593,0.6014167670256413,-1.1696064080821185,-0.7249883134302705,0
0.6276562825646116,1.4373506578504092,1.12252363252126,1.090263229965003,0.8041317456201127,0.916653998188642,0.8381467004446593,0.6014167670256413,1.42048559763598,1.0665231852294461,1
0.9401854743933811,-0.06556468168733408,-1.1839330414661757,1.090263229965003,0.43615718282562105,-0.784284531867486,0.8381467004446593,0.6014167670256413,0.653050929275062,-0.8369577820965027,1
1.0964500703077644,-0.06556468168733408,-0.030704704472457878,-1.1215044484222225,-1.0357410683523456,0.43067156102974796,0.8381467004446593,0.6014167670256413,-0.11438373908585606,0.7306147792307492,1
-0.4661958888360746,-1.5684800212250773,-0.030704704472457878,-1.1215044484222225,0.06818262003112939,1.159645216768088,-1.1931085566160113,0.6014167670256413,-1.3614650751723478,-0.7249883134302705,0
0.9401854743933811,-0.06556468168733408,1.12252363252126,-1.1215044484222225,1.0494481208164406,1.159645216768088,0.8381467004446593,0.6014167670256413,0.3652629286397177,1.1784926538956784,1
-0.7787250806648427,-0.06556468168733408,-1.1839330414661757,-0.015620609228609717,-1.4037156311468373,-2.2422318433441673,-1.1931085566160113,-1.6627404735414788,-1.3614650751723478,-1.2848356567614319,0
0.15886249482146017,-0.06556468168733408,-0.030704704472457878,-1.1215044484222225,0.19084080762929329,-0.5412933132880401,-1.1931085566160113,0.6014167670256413,-1.3614650751723478,0.5066758418982846,1
-0.15366669700730792,-0.06556468168733408,-0.030704704472457878,-1.1215044484222225,0.9267899332182766,-0.29830209470859204,0.8381467004446593,0.6014167670256413,-1.265535741627233,-0.2771104387653413,0
1.2527146662221478,1.4373506578504092,1.12252363252126,1.090263229965003,1.2947644960127682,1.159645216768088,0.8381467004446593,0.6014167670256413,0.9408389299104063,0.618645310564517,1
1.2527146662221478,-1.5684800212250773,1.12252363252126,1.090263229965003,1.0494481208164406,0.43067156102974796,0.8381467004446593,0.6014167670256413,1.5164149311810948,1.5144010598943751,1
-0.30993129292169125,-1.5684800212250773,-1.1839330414661757,-1.1215044484222225,1.1721063084146044,0.43067156102974796,-1.1931085566160113,-1.6627404735414788,0.1734042615494882,-1.396805125427664,0
0.9401854743933811,1.4373506578504092,-0.030704704472457878,2.1961470691586156,0.9267899332182766,1.159645216768088,0.8381467004446593,0.6014167670256413,1.1326975970006357,1.0665231852294461,0
-1.247518868407994,-0.06556468168733408,-1.1839330414661757,-1.1215044484222225,-0.1771337551651984,-0.29830209470859204,0.8381467004446593,0.6014167670256413,-0.30624240617608556,-0.6130188447640381,1
0.0025978989070768233,-0.06556468168733408,-1.1839330414661757,-0.015620609228609717,0.06818262003112939,-1.0272757504469332,-1.1931085566160113,-1.6627404735414788,-0.9777477409918889,-0.8369577820965027,0
0.47139168665022824,1.4373506578504092,1.12252363252126,-1.1215044484222225,0.31349899522745717,1.159645216768088,-1.1931085566160113,0.6014167670256413,1.036768263455521,1.0665231852294461,1
0.9401854743933811,-0.06556468168733408,1.12252363252126,1.090263229965003,0.06818262003112939,-0.5412933132880401,0.8381467004446593,0.6014167670256413,0.653050929275062,0.9545537165632137,1
-0.15366669700730792,-0.06556468168733408,-1.1839330414661757,-0.015620609228609717,0.5588153704237849,0.43067156102974796,-1.1931085566160113,0.6014167670256413,-1.0736770745370037,0.2827369045658201,0
-1.8725772520655304,-1.5684800212250773,-1.1839330414661757,-1.1215044484222225,-0.4224501303615262,-0.055310876129146085,-1.1931085566160113,-1.6627404735414788,-0.9777477409918889,-0.948927250762735,0
0.9401854743933811,-0.06556468168733408,1.12252363252126,1.090263229965003,1.2947644960127682,1.159645216768088,0.8381467004446593,0.6014167670256413,1.3245562640908652,1.5144010598943751,1
0.9401854743933811,1.4373506578504092,1.12252363252126,1.090263229965003,1.1721063084146044,-0.5412933132880401,0.8381467004446593,0.6014167670256413,0.7489802628201767,0.2827369045658201,1
-1.8725772520655304,-0.06556468168733408,-1.1839330414661757,-0.015620609228609717,-0.9130828807541818,-2.485223061923614,-1.1931085566160113,0.6014167670256413,-1.3614650751723478,-1.396805125427664,0
-0.15366669700730792,-1.5684800212250773,1.12252363252126,1.090263229965003,-0.9130828807541818,0.673662779609194,0.8381467004446593,0.6014167670256413,1.9001322653615538,1.1784926538956784,0
0.3151270907358449,-0.06556468168733408,-0.030704704472457878,-0.015620609228609717,-1.1583992559505094,-0.055310876129146085,-1.1931085566160113,0.6014167670256413,-1.0736770745370037,-0.3890799074315736,0
-0.15366669700730792,-1.5684800212250773,-1.1839330414661757,-1.1215044484222225,-2.2623229443339845,-1.2702669690263801,-1.1931085566160113,0.6014167670256413,-1.3614650751723478,-1.5087745940938964,0
0.47139168665022824,-0.06556468168733408,1.12252363252126,-1.1215044484222225,0.31349899522745717,-1.2702669690263801,-1.1931085566160113,-1.6627404735414788,-1.3614650751723478,-0.948927250762735,0
-0.30993129292169125,-1.5684800212250773,-1.1839330414661757,-1.1215044484222225,-0.2997919427633623,-0.055310876129146085,-1.1931085566160113,0.6014167670256413,-0.7858890739016593,-0.6130188447640381,0
1.0964500703077644,-0.06556468168733408,-1.1839330414661757,-0.015620609228609717,0.43615718282562105,1.159645216768088,0.8381467004446593,-1.6627404735414788,-0.0184544055407413,0.9545537165632137,1
0.47139168665022824,-0.06556468168733408,1.12252363252126,-0.015620609228609717,1.2947644960127682,1.159645216768088,0.8381467004446593,0.6014167670256413,0.9408389299104063,1.4024315912281429,1
-1.5600480602367621,-0.06556468168733408,-0.030704704472457878,-0.015620609228609717,0.19084080762929329,-1.2702669690263801,-1.1931085566160113,-1.6627404735414788,-0.7858890739016593,-1.0608967194289673,0
-0.30993129292169125,-0.06556468168733408,-1.1839330414661757,-0.015620609228609717,-1.1583992559505094,-1.7562494061852731,-1.1931085566160113,0.6014167670256413,-1.3614650751723478,-1.1728661880951996,0
-1.8725772520655304,-0.06556468168733408,-1.1839330414661757,-1.1215044484222225,-1.8943483815394928,-0.5412933132880401,-1.1931085566160113,-1.6627404735414788,-0.5940304068114298,-0.7249883134302705,0
-1.247518868407994,-1.5684800212250773,-0.030704704472457878,-0.015620609228609717,-0.4224501303615262,-1.513258187605826,-1.1931085566160113,-1.6627404735414788,-1.3614650751723478,-1.1728661880951996,0
0.6276562825646116,1.4373506578504092,1.12252363252126,1.090263229965003,1.2947644960127682,0.916653998188642,0.8381467004446593,0.6014167670256413,1.6123442647262096,0.7306147792307492,1
0.0025978989070768233,-0.06556468168733408,-1.1839330414661757,-1.1215044484222225,-1.1583992559505094,-1.0272757504469332,0.8381467004446593,0.6014167670256413,0.1734042615494882,0.8425842478969815,0
-0.15366669700730792,-0.06556468168733408,-0.030704704472457878,-0.015620609228609717,-0.9130828807541818,-1.2702669690263801,-1.1931085566160113,0.6014167670256413,-1.3614650751723478,-0.8369577820965027,0
0.6276562825646116,1.4373506578504092,1.12252363252126,1.090263229965003,1.2947644960127682,1.159645216768088,0.8381467004446593,0.6014167670256413,0.07747492800437346,0.7306147792307492,1
0.9401854743933811,-0.06556468168733408,-0.030704704472457878,-0.015620609228609717,0.5588153704237849,0.18768034245030202,-1.1931085566160113,0.6014167670256413,-0.6899597403565446,0.8425842478969815,0
-1.8725772520655304,-0.06556468168733408,-0.030704704472457878,-0.015620609228609717,-1.771690193941329,0.673662779609194,-1.1931085566160113,0.6014167670256413,-0.6899597403565446,1.4024315912281429,0
1.0964500703077644,1.4373506578504092,1.12252363252126,-1.1215044484222225,0.6814735580219489,0.673662779609194,0.8381467004446593,0.6014167670256413,1.1326975970006357,-0.2771104387653413,0
-0.15366669700730792,-0.06556468168733408,-1.1839330414661757,-1.1215044484222225,0.5588153704237849,0.43067156102974796,-1.1931085566160113,0.6014167670256413,-0.5940304068114298,0.7306147792307492,1
-1.8725772520655304,-0.06556468168733408,-0.030704704472457878,-1.1215044484222225,0.5588153704237849,-0.29830209470859204,0.8381467004446593,-1.6627404735414788,0.4611922621848325,0.3947063732320524,0
1.5652438580509145,-1.5684800212250773,1.12252363252126,-1.1215044484222225,-0.9130828807541818,0.916653998188642,-1.1931085566160113,-1.6627404735414788,-1.3614650751723478,-0.948927250762735,0
-1.8725772520655304,-0.06556468168733408,-1.1839330414661757,-1.1215044484222225,-0.9130828807541818,1.159645216768088,-1.1931085566160113,-1.6627404735414788,-0.11438373908585606,-0.5010493760978059,0
0.47139168665022824,-0.06556468168733408,-1.1839330414661757,-1.1215044484222225,0.5588153704237849,-1.0272757504469332,0.8381467004446593,-1.6627404735414788,-1.3614650751723478,-0.948927250762735,0
0.7839208784789949,-0.06556468168733408,1.12252363252126,-1.1215044484222225,1.2947644960127682,1.159645216768088,0.8381467004446593,0.6014167670256413,1.2286269305457505,-0.2771104387653413,1
-0.4661958888360746,-0.06556468168733408,-0.22860759082848203,-1.1215044484222225,0.2365753560206374,0.6319636104391063,-1.1931085566160113,0.6014167670256413,0.653050929275062,-0.3890799074315736,1
1.5439295666039412,-0.06556468168733408,1.12252363252126,2.1961470691586156,0.9016943028530606,0.9000821521426726,0.8381467004446593,0.6014167670256413,-0.10784141975392383,1.0970681704751433,1
0.10935899777590269,1.4373506578504092,-0.030704704472457878,1.090263229965003,1.2109635376663663,0.99363186384437,0.8381467004446593,0.6014167670256413,1.1374577673975972,0.7250586710997796,1
0.9401854743933811,1.4373506578504092,-1.1839330414661757,-1.1099091302034438,-0.051903397386165506,-0.784284531867486,0.8381467004446593,0.6014167670256413,-0.6970005504008205,-0.8334357441374729,1
-0.7840591637925003,-0.06556468168733408,1.12252363252126,-1.1215044484222225,-0.792518158297971,-0.39632803128821503,0.8381467004446593,-1.6627404735414788,0.7304493045842039,-0.4164424940742377,1
-0.11954083337721472,1.4373506578504092,1.12252363252126,1.090263229965003,1.2947644960127682,1.159645216768088,0.8381467004446593,0.6014167670256413,1.1536471366934264,0.9931657853127431,1
1.2914808924820773,-1.5684800212250773,0.2583401868611278,-0.015620609228609717,1.1103063724919326,0.795469308492111,0.8381467004446593,0.6014167670256413,-1.2895794482383047,1.4304955937028643,1
0.9401854743933811,-0.06556468168733408,1.12252363252126,1.090263229965003,1.2942227633611805,1.159645216768088,0.8381467004446593,0.6014167670256413,1.7078499163855565,1.5134120102704536,1
-0.40157224102886285,-0.06556468168733408,1.12252363252126,-1.1215044484222225,0.24156643405562472,0.7156746421440139,0.8381467004446593,0.6014167670256413,0.5737072567160313,0.881302074435758,1
1.2527146662221478,1.4373506578504092,1.12252363252126,-1.1215044484222225,0.6856105919490657,0.4825480625935289,0.8381467004446593,0.6014167670256413,1.6500688943263155,1.0904276882411892,1
1.1469821794491972,-0.06556468168733408,1.12252363252126,-1.1215044484222225,1.2947644960127682,1.159645216768088,0.8381467004446593,0.6014167670256413,1.4938236103228437,0.7931917051790013,1
1.4434085102452145,-0.06556468168733408,1.12252363252126,2.1961470691586156,1.2136899093733402,1.1061077862084059,0.8381467004446593,0.6014167670256413,0.18479045706134087,1.153822800850915,1
1.13812790887736,1.4373506578504092,1.12252363252126,1.090263229965003,1.2947644960127682,1.159645216768088,0.8381467004446593,0.6014167670256413,1.446071222160762,0.9844174576908038,1
-0.22356935694877506,-0.06556468168733408,1.12252363252126,1.8905555538346692,1.2947644960127682,0.7408091218057231,0.8381467004446593,0.6014167670256413,1.4532939773645066,0.6613797917483941,1
0.36419906280537717,-0.06556468168733408,-1.1839330414661757,-1.1215044484222225,-0.4048755193554467,-0.11087233400635543,0.8381467004446593,0.6014167670256413,0.6448609577713459,1.152890136433516,1
0.11662385787435686,1.4373506578504092,-0.030704704472457878,1.090263229965003,1.20526106509018,0.9823350169943018,0.8381467004446593,0.6014167670256413,1.1508372507693465,0.7094420334270191,1
1.0441921257257745,-0.06556468168733408,1.12252363252126,1.090263229965003,-0.15662410378663513,0.26814950592019327,0.8381467004446593,0.6014167670256413,0.8449095963652915,-0.3149201124363965,1
1.2105814129815835,1.4373506578504092,1.12252363252126,1.090263229965003,1.2947644960127682,0.673662779609194,0.8381467004446593,0.6014167670256413,1.1143638610981768,1.4326216541206396,1
-0.2242708521657525,-0.06556468168733408,1.12252363252126,-1.1215044484222225,0.35547131011976507,0.916653998188642,0.8381467004446593,0.6014167670256413,-0.9672305167354102,1.3778800183500157,1
-0.4218811504206055,-0.06556468168733408,-0.030704704472457878,1.090263229965003,-1.4622981763157719,-0.7262572435273071,0.8381467004446593,0.6014167670256413,0.18772041910524648,-0.5378169713092192,1
0.9401854743933811,1.4373506578504092,1.12252363252126,1.090263229965003,1.2947644960127682,1.159645216768088,0.8381467004446593,0.6014167670256413,0.8752659664738617,1.4378637839275072,1
0.7839208784789949,-0.06556468168733408,1.12252363252126,1.090263229965003,1.2947644960127682,1.1154037044373748,0.8381467004446593,0.6014167670256413,-0.3237082998726748,1.0665231852294461,1
-0.45579998268182087,-1.5684800212250773,1.12252363252126,-1.1215044484222225,1.0194422622510984,-0.913862950605755,-1.1931085566160113,0.6014167670256413,0.8385276494940913,0.3275480514181839,1
0.9907361371676772,-1.5684800212250773,-1.1839330414661757,-1.1215044484222225,0.7527224494589718,0.7129658830269876,0.8381467004446593,0.6014167670256413,0.5507792719574205,0.9076243456962169,1
1.3772499367338118,1.4373506578504092,1.12252363252126,-1.1215044484222225,-0.7617796071960066,-0.19962398532372755,0.8381467004446593,0.6014167670256413,1.0966655531788845,1.2222563523612122,1
0.47139168665022824,1.4373506578504092,-1.1839330414661757,0.16402312324481494,0.6017734164424247,0.1938373769130457,-1.1931085566160113,-1.6627404735414788,-0.3374086153582335,-1.157514605553606,1
0.7097620925942761,-0.06556468168733408,-0.030704704472457878,-1.1215044484222225,0.016210420921281332,-0.29830209470859204,0.8381467004446593,0.6014167670256413,1.3700816299922607,0.8131682951994522,1
0.0025978989070768233,-0.06556468168733408,1.12252363252126,-0.015620609228609717,-0.6293859317205256,0.3503835570794096,0.8381467004446593,0.6014167670256413,-0.1152235287908669,1.1414962340450057,1
1.4089792621365311,-1.5684800212250773,1.12252363252126,1.090263229965003,1.2947644960127682,1.159645216768088,0.8381467004446593,0.6014167670256413,0.7162437145011953,1.011869249556867,1
-1.6322791745540144,-0.06556468168733408,-0.030704704472457878,-0.015620609228609717,0.4835900677158943,0.05700840121321993,0.8381467004446593,0.6014167670256413,0.6381252956868764,0.799792409520721,1
1.1155848786284475,-1.5684800212250773,1.12252363252126,-1.1215044484222225,0.8579510100335954,0.25586679684803904,0.8381467004446593,0.6014167670256413,0.33491827424721043,-0.9803473206474939,1
0.13382161800142456,-0.06556468168733408,-0.030704704472457878,1.4828178981493019,-0.7745018182998552,-0.5412933132880401,-1.1931085566160113,0.6014167670256413,0.541749242122432,0.875062297914587,1
0.280030687927992,1.4373506578504092,1.12252363252126,1.090263229965003,1.2947644960127682,1.159645216768088,0.8381467004446593,0.6014167670256413,1.1326975970006357,1.4275794857431896,1
0.013913301251834542,1.4373506578504092,-0.030704704472457878,1.090263229965003,0.6370640506914325,0.8990585640573184,0.8381467004446593,0.6014167670256413,1.3731811813066317,0.8182605119757367,1
0.7839208784789949,1.4373506578504092,1.12252363252126,1.090263229965003,1.2947644960127682,1.159645216768088,0.8381467004446593,0.6014167670256413,1.1326975970006357,1.5144010598943751,1
1.2527146662221478,-0.06556468168733408,1.12252363252126,1.090263229965003,1.2624247502203807,1.159645216768088,0.8381467004446593,0.6014167670256413,1.157990081111404,1.0370015998866273,1
0.25279746408079684,1.4373506578504092,1.12252363252126,1.090263229965003,1.2947644960127682,1.159645216768088,0.8381467004446593,0.6014167670256413,-0.11438373908585606,1.3351236477006825,1
-1.4484454684780665,-0.06556468168733408,1.12252363252126,-0.27889095509267275,0.7457309220841172,1.159645216768088,0.8381467004446593,0.6014167670256413,0.4886098372815723,0.7252685912283134,1
0.838907205017239,-0.06556468168733408,-0.030704704472457878,-0.015620609228609717,-0.405788304400837,0.5686710722326894,0.8381467004446593,0.6014167670256413,1.2700761013234954,0.49769581948790664,1
0.6276562825646116,1.4373506578504092,1.12252363252126,1.090263229965003,1.2947644960127682,1.159645216768088,0.8381467004446593,0.6014167670256413,1.118428588417326,1.2904621225619106,1
0.5242020905320799,1.4373506578504092,1.12252363252126,1.090263229965003,1.2947644960127682,1.159645216768088,0.8381467004446593,0.6014167670256413,0.5571215957299472,0.9167130730822051,1
0.9946180427160256,-0.06556468168733408,-0.030704704472457878,-0.015620609228609717,0.1749982448004611,-0.13995344042678914,0.8381467004446593,0.6014167670256413,0.2068198920816988,1.1055261706309776,1
0.7403227938758854,1.4373506578504092,1.12252363252126,-1.1215044484222225,1.0294554540077483,0.916653998188642,0.8381467004446593,0.6014167670256413,1.4048495994176589,1.5144010598943751,1
0.5233135147666241,-0.06556468168733408,-0.030704704472457878,-1.1215044484222225,-0.1771337551651984,0.5116039574099439,0.8381467004446593,0.6014167670256413,0.5571215957299472,0.7679081327665381,1
0.47139168665022824,1.4373506578504092,-0.030704704472457878,1.090263229965003,1.2947644960127682,1.159645216768088,0.8381467004446593,0.6014167670256413,1.4877379479229265,1.3631828565090418,1
1.3853399760554919,-0.06556468168733408,-0.030704704472457878,-1.1215044484222225,0.9546230322946992,1.159645216768088,0.8381467004446593,0.6014167670256413,0.49021612323239666,0.2554596301440617,1
0.4739042585847788,-1.5684800212250773,-0.030704704472457878,1.090263229965003,0.7784167785641947,0.8696185727492072,0.8381467004446593,0.6014167670256413,1.593775375521925,1.2904621225619106,1
1.1057124244419243,-0.06556468168733408,0.037651209368938024,1.090263229965003,-0.891271729654846,-0.7698815847072283,0.8381467004446593,0.6014167670256413,0.5628076659107809,0.4934021906923699,1
1.1395694224906041,-1.5684800212250773,1.12252363252126,-1.1215044484222225,0.6789283439581212,0.6166966100045137,0.8381467004446593,0.6014167670256413,-0.16533427284765012,0.3947063732320524,1
0.47139168665022824,-1.5684800212250773,1.12252363252126,-0.015620609228609717,0.8103465539039679,-0.061466779243738646,0.8381467004446593,0.6014167670256413,0.5437551692544593,-0.9560187951087745,1
0.7839208784789949,1.4373506578504092,1.12252363252126,1.090263229965003,1.2947644960127682,1.159645216768088,0.8381467004446593,0.6014167670256413,1.0431516770930178,1.5144010598943751,1
0.9910677355326681,1.4373506578504092,1.12252363252126,1.090263229965003,0.6814735580219489,0.43067156102974796,0.8381467004446593,0.6014167670256413,1.7707458604212822,0.5821862539818989,1
0.6726116224060967,-0.06556468168733408,1.12252363252126,-1.1215044484222225,1.2282270240411635,0.43067156102974796,0.8381467004446593,0.6014167670256413,-0.9777477409918889,0.9640627326021711,1
0.37727174581772266,-0.06556468168733408,1.12252363252126,-1.1215044484222225,0.217356993261836,0.916653998188642,0.8381467004446593,0.6014167670256413,-0.3040251367103388,1.1784926538956784,1
-1.5635472884732382,-0.06556468168733408,-0.0177926013300298,1.090263229965003,0.43341050184540963,1.1514832745671677,0.8154037825450369,-1.6627404735414788,-0.3946532406818558,0.6211526393941053,1
0.9401854743933811,1.4373506578504092,1.12252363252126,1.090263229965003,1.2080061201211536,1.159645216768088,0.8381467004446593,0.6014167670256413,-0.11438373908585606,1.4352030100849815,1
1.609524915079448,-1.5684800212250773,1.12252363252126,-1.1215044484222225,0.9966409390910026,0.881561578029745,0.8381467004446593,-1.6627404735414788,0.6117511363422594,0.5548812833395779,1
1.0964500703077644,1.4373506578504092,1.12252363252126,1.090263229965003,1.2947644960127682,1.159645216768088,0.8381467004446593,0.6014167670256413,0.11721389518387065,1.1784926538956784,1
0.6767011442687343,1.4373506578504092,1.12252363252126,-1.1215044484222225,1.0622805302999174,0.46880390521433446,0.8381467004446593,-1.6627404735414788,0.653050929275062,1.137493081433556,1
0.28191922665962726,1.4373506578504092,1.12252363252126,-0.015620609228609717,0.1264461160029926,0.008473470006737205,0.8381467004446593,0.6014167670256413,0.8347166020704303,-0.08256309586089802,1
0.47139168665022824,1.4373506578504092,1.12252363252126,1.090263229965003,1.2947644960127682,1.159645216768088,0.8381467004446593,0.6014167670256413,0.5571215957299472,1.5144010598943751,1
1.174789302042236,1.4373506578504092,1.12252363252126,1.090263229965003,0.9267899332182766,0.06629199373446173,0.8381467004446593,0.6014167670256413,-0.11429904931452613,1.1785915044593887,1
1.1574408455078546,1.4373506578504092,1.12252363252126,1.090263229965003,0.43615718282562105,1.159645216768088,0.8381467004446593,0.6014167670256413,0.7115386121179909,1.1593555596312257,1
0.7549985688741242,1.4373506578504092,1.12252363252126,2.1961470691586156,1.2447865277086456,0.5746542449312735,0.8381467004446593,0.6014167670256413,0.7489802628201767,1.3153609706124543,1
1.2184785008173586,-1.5684800212250773,1.12252363252126,1.090263229965003,1.2947644960127682,0.921977716912335,0.8381467004446593,-1.6627404735414788,1.414180421768336,-1.6060251615511416,1
1.857518989571357,1.4373506578504092,1.12252363252126,1.090263229965003,1.1187263163118668,1.159645216768088,-1.1931085566160113,0.6014167670256413,0.24224281846884474,1.0981437516656256,1
1.4089792621365311,1.4373506578504092,1.12252363252126,1.090263229965003,1.2432790900489055,1.0576503823490297,0.8381467004446593,0.6014167670256413,0.09287216209285201,0.5716464622795185,1
-1.3021003735046985,-0.06556468168733408,-1.1839330414661757,-1.1215044484222225,-0.6544640003250952,-0.0026051901906411976,-1.1931085566160113,0.6014167670256413,-0.9985551650448112,-0.8491010761725687,1
1.0645470576377547,-1.5684800212250773,1.12252363252126,-1.1215044484222225,-0.5951921605617421,0.6984673486789803,0.8381467004446593,0.6014167670256413,0.3946403579186328,1.0117029920694551,1
-1.2146501222186334,-0.06556468168733408,1.12252363252126,-1.1215044484222225,0.21664077090709133,0.7247736319618746,0.8381467004446593,0.6014167670256413,-0.7303153551131522,-0.041197815890903905,1
1.2413011008413621,-0.06556468168733408,-1.1839330414661757,1.090263229965003,0.6814735580219489,1.159645216768088,0.8381467004446593,0.6014167670256413,0.37927628481864695,1.0610710189052026,1
0.639749228441543,1.4373506578504092,1.12252363252126,1.090263229965003,0.5683075961919287,0.673662779609194,0.8381467004446593,0.6014167670256413,0.8486214679884926,1.0665231852294461,1
1.1915712170728723,1.4373506578504092,1.12252363252126,1.090263229965003,1.0494481208164406,0.916653998188642,0.8381467004446593,0.6014167670256413,0.15463657366338102,1.0884289773687486,1
0.7432401350356866,-0.06556468168733408,1.12252363252126,1.090263229965003,0.31349899522745717,0.47284389215041256,0.8381467004446593,0.6014167670256413,1.3245562640908652,0.7403312075354481,1
-1.6485161966515973,-0.06556468168733408,1.12252363252126,1.090263229965003,1.2947644960127682,1.159645216768088,0.8381467004446593,0.6014167670256413,0.653050929275062,0.9629953869814168,1
1.0964500703077644,1.4373506578504092,1.12252363252126,1.090263229965003,1.2947644960127682,1.159645216768088,0.8381467004446593,0.6014167670256413,0.33181446471727544,1.0860438396251955,1
0.6420318743532785,-0.06556468168733408,-0.030704704472457878,-0.015620609228609717,0.8041317456201127,0.16532631820003008,0.8381467004446593,0.6014167670256413,1.4962052035096596,-1.318725261992809,1
1.4089792621365311,1.4373506578504092,1.12252363252126,1.090263229965003,1.203877312556553,1.159645216768088,0.8381467004446593,0.6014167670256413,1.6620396224202416,1.2904621225619106,1
0.5438095033746321,-0.06556468168733408,1.12252363252126,-1.1215044484222225,1.2728262915393311,0.41289954107629323,-1.1931085566160113,0.6014167670256413,0.19056183884231281,0.7906941546026388,1
0.12613004260616376,-1.5684800212250773,1.12252363252126,-1.1215044484222225,0.8668812868728718,-1.6997225540645244,0.8381467004446593,0.6014167670256413,1.2955748221162486,0.8191302130195123,1
0.13524867999064086,-1.5684800212250773,-0.520184227248464,-1.1215044484222225,1.2427031052160156,0.7400792175024028,0.8381467004446593,0.6014167670256413,1.4087616657836253,1.1140478256931923,1
1.4089792621365311,-0.06556468168733408,1.12252363252126,1.090263229965003,1.2947644960127682,1.159645216768088,0.8381467004446593,0.6014167670256413,0.4395794233164941,1.0412965106031844,1
0.9401854743933811,1.4373506578504092,1.12252363252126,2.1961470691586156,1.2858376718646558,1.159645216768088,0.8381467004446593,0.6014167670256413,0.6600324794509729,0.3112581245275443,1
0.7839208784789949,-0.06556468168733408,1.12252363252126,1.090263229965003,0.3749859238015901,0.12708887659160203,0.8381467004446593,0.6014167670256413,0.8685833285673081,1.1505723270724744,1
1.6673887443243718,-0.06556468168733408,1.12252363252126,1.090263229965003,1.2947644960127682,0.673662779609194,0.8381467004446593,0.6014167670256413,1.3577798336853104,0.9739431217493559,1
0.6276562825646116,1.4373506578504092,1.12252363252126,1.090263229965003,1.1593978674056273,0.6862507675270205,0.8381467004446593,-1.6627404735414788,0.9110216229634995,1.5086005609011361,1
0.6731422922015547,-0.06556468168733408,0.9181379172546322,-0.21161549785977776,-0.11191792426328524,-0.7412193968723336,-1.1931085566160113,0.6014167670256413,-1.124681506589325,1.0594271095940377,1
1.1381440006094665,1.4373506578504092,1.12252363252126,1.090263229965003,1.2947644960127682,1.159645216768088,0.8381467004446593,0.6014167670256413,1.5164149311810948,1.5144010598943751,1
0.04187569205591338,-0.06556468168733408,1.12252363252126,-1.1215044484222225,1.1412756337355392,1.159645216768088,0.8381467004446593,0.6014167670256413,0.6771631889833021,1.3186061407480074,1
-0.026610924093311533,1.4373506578504092,1.12252363252126,1.090263229965003,0.5588153704237849,0.7230556649701891,0.8381467004446593,0.6014167670256413,0.23033443617642735,1.1784926538956784,1
-0.6802224835810623,-0.06556468168733408,-0.030704704472457878,-0.4244020139511658,0.390817532809882,-1.2967352220816253,0.8381467004446593,0.6014167670256413,0.3548136544209337,-0.6178180686569837,1
0.6276562825646116,-0.06556468168733408,1.12252363252126,1.090263229965003,1.2947644960127682,1.159645216768088,0.8381467004446593,0.6014167670256413,1.0866554612575854,0.9814240870999975,1
1.2473510837182302,1.4373506578504092,1.12252363252126,2.1961470691586156,1.2905544105157039,0.9083136352231727,0.8381467004446593,0.6014167670256413,0.9342536264127802,1.2866189136789452,1
1.5652438580509145,1.4373506578504092,-0.030704704472457878,1.090263229965003,1.2947644960127682,1.007241152140632,0.8381467004446593,0.6014167670256413,0.5815259963399081,1.136750423228712,1
1.4155991992028454,1.4373506578504092,1.12252363252126,1.090263229965003,1.2947644960127682,1.159645216768088,0.8381467004446593,0.6014167670256413,1.1326975970006357,1.3976881569807258,1
0.29018248905642174,1.4373506578504092,1.12252363252126,1.090263229965003,1.0102881356073468,0.7227099021637543,0.8381467004446593,-1.6627404735414788,1.163324099448656,0.6365190572042618,1
-0.15146653168376548,-0.06556468168733408,1.12252363252126,-1.1215044484222225,-0.5433813222226013,-0.2880383331076584,0.8381467004446593,-1.6627404735414788,0.6435963068534551,0.15184942001914714,1
0.9401854743933811,-0.06556468168733408,1.12252363252126,1.090263229965003,1.2613504237840327,1.159645216768088,0.8381467004446593,0.6014167670256413,0.9408389299104063,0.6491476030464794,1
0.5289438776213191,-0.06556468168733408,1.12252363252126,-1.1215044484222225,0.5136404067955224,1.0488169529206384,0.8381467004446593,0.6014167670256413,0.8449095963652915,1.300293070431,1
0.5914710624481079,-0.06556468168733408,-0.9810367204652741,1.090263229965003,-0.631429107021055,-0.14081349985727648,-1.1931085566160113,0.6014167670256413,0.11123009725925137,1.1390933562404941,1
1.415022452045513,1.4373506578504092,1.12252363252126,1.090263229965003,1.2947644960127682,1.159645216768088,0.8381467004446593,0.6014167670256413,0.7526901190231315,1.2861319493758578,1
0.024421314781638694,-0.06556468168733408,1.12252363252126,1.090263229965003,0.6986036099234132,1.159645216768088,0.8381467004446593,0.6014167670256413,1.050165448712197,1.3060994220132573,1
-1.1817546057284987,-0.06556468168733408,1.12252363252126,-0.015620609228609717,-0.8958759008839279,0.916653998188642,0.8381467004446593,0.6014167670256413,0.5773076201234265,-0.10029407264845833,1
1.8125702795654066,1.4373506578504092,0.20989260401229612,-1.1215044484222225,1.2179941925445046,1.159645216768088,0.8381467004446593,0.6014167670256413,0.3493883031357099,1.4257917116218115,1
1.3645842697808666,1.4373506578504092,1.12252363252126,1.090263229965003,1.2947644960127682,1.159645216768088,0.8381467004446593,0.6014167670256413,0.24207993597559993,1.3222728067186003,1
1.0964500703077644,1.4373506578504092,1.12252363252126,1.090263229965003,1.2947644960127682,1.159645216768088,0.8381467004446593,0.6014167670256413,0.19325006146031673,1.1784926538956784,1
1.2095168187403986,-1.5684800212250773,0.2880941988976976,0.29009036220724194,1.2060139869213617,1.159645216768088,0.8381467004446593,0.6014167670256413,-1.2920544850141111,-0.43187486258615615,1
-0.43183009698983665,-0.06556468168733408,1.12252363252126,1.090263229965003,0.46313223573872486,0.43067156102974796,0.8381467004446593,-1.6627404735414788,1.4458017928184073,0.4574270734129928,1
1.0972533706190282,-1.5684800212250773,1.12252363252126,-0.015620609228609717,1.2931881415016888,0.43129612643554904,0.8381467004446593,0.6014167670256413,0.5568750265597356,0.8422964504323501,1
-0.19878094010592,-0.06556468168733408,-1.1839330414661757,-1.1215044484222225,-0.8966604900931037,-0.09038716721630745,-1.1931085566160113,0.6014167670256413,-1.2783794744605912,0.13844138149505408,1
1.3829677300043124,1.4373506578504092,1.12252363252126,-1.1215044484222225,1.2266040162865235,1.0921307754089047,-1.1931085566160113,0.6014167670256413,0.17328430545152007,0.836418171630669,1
1.4007100034778972,1.4373506578504092,1.12252363252126,1.090263229965003,1.2947644960127682,1.159645216768088,0.8381467004446593,0.6014167670256413,0.18355709837593803,1.5144010598943751,1
1.1219609346366093,1.4373506578504092,1.12252363252126,1.090263229965003,1.2547155474415488,1.0803065031713455,0.8381467004446593,-1.6627404735414788,0.2066900974064442,1.215051644208265,1
1.2558978313552005,-0.06556468168733408,-0.030704704472457878,-0.0043569865969792475,-1.1496541885015177,0.43067156102974796,0.8381467004446593,0.6014167670256413,0.4621693194254409,-1.1683044726722118,1
1.1311034235168522,-0.06556468168733408,1.12252363252126,-0.015620609228609717,0.4089564117619397,0.916653998188642,0.8381467004446593,0.6014167670256413,0.653050929275062,1.3691693334341621,1
1.1784500668292672,-1.5684800212250773,1.12252363252126,-1.1215044484222225,-0.13887943891805743,0.673662779609194,0.8381467004446593,0.6014167670256413,0.8401609104143029,1.184035357291454,1
-1.6526231502967657,-0.06556468168733408,-0.030704704472457878,-0.015620609228609717,0.33617241901640704,0.07078623620372299,0.8381467004446593,0.6014167670256413,0.1734042615494882,0.9213869471325156,1
0.043439213542011024,-0.06556468168733408,1.12252363252126,-1.1215044484222225,0.19084080762929329,-0.055310876129146085,0.8381467004446593,0.6014167670256413,0.7947654153227448,0.8425842478969815,1
0.5340621057881692,-0.06556468168733408,-0.030704704472457878,1.090263229965003,1.1721063084146044,0.33321915073742225,0.8381467004446593,0.6014167670256413,1.0365156770699433,0.7755204950194363,1
1.1482951551262466,-0.06556468168733408,1.12252363252126,1.090263229965003,-0.09574328917388329,0.5112905922548379,0.8381467004446593,0.6014167670256413,0.7176007992542202,-0.35088575016630236,1
0.5010310750823614,1.4373506578504092,1.12252363252126,1.090263229965003,1.2947644960127682,1.159645216768088,0.8381467004446593,0.6014167670256413,1.036768263455521,1.5144010598943751,1
1.6190236480257185,1.4373506578504092,1.12252363252126,1.090263229965003,1.2947644960127682,1.076017721848612,0.8381467004446593,0.6014167670256413,1.8640020141929123,0.6571805556929754,1
1.5298006422371417,1.4373506578504092,1.12252363252126,1.090263229965003,1.2947644960127682,1.159645216768088,0.8381467004446593,0.6014167670256413,1.3680727631649585,0.7560111783272221,1
0.10878062828961982,-1.5684800212250773,1.12252363252126,1.090263229965003,-0.6501522017683237,0.916653998188642,0.8381467004446593,0.6014167670256413,0.5263768192117453,0.8425842478969815,1
1.0074398079170659,-0.06556468168733408,1.12252363252126,1.090263229965003,1.092920476750047,0.2922607329222583,0.8381467004446593,0.6014167670256413,-0.573387012332994,0.7788050423295926,1
1.2527146662221478,-0.06556468168733408,1.12252363252126,1.090263229965003,0.8114956251185862,0.923948081395987,0.8381467004446593,0.6014167670256413,0.3623833326403485,0.9545537165632137,1
0.0025978989070768233,-0.06556468168733408,-0.030704704472457878,-1.1215044484222225,-0.3629489008081552,0.916653998188642,0.8381467004446593,0.6014167670256413,0.45833316566081667,-0.6673349991809341,1
0.6453630952486,1.4373506578504092,1.12252363252126,1.090263229965003,1.2947644960127682,1.159645216768088,0.8381467004446593,0.6014167670256413,0.08834497012775916,0.7179271810169802,1
0.7839208784789949,1.4373506578504092,1.12252363252126,-0.015620609228609717,1.2947644960127682,1.159645216768088,0.8381467004446593,0.6014167670256413,1.2804132301659557,0.3129595916125184,1
1.0964500703077644,1.4373506578504092,1.12252363252126,1.090263229965003,1.2947644960127682,1.159645216768088,0.8381467004446593,0.6014167670256413,1.5010804133248656,1.5144010598943751,1
0.29874649311260554,-0.06556468168733408,1.12252363252126,-1.1215044484222225,1.1528196516595886,0.4434074637281151,0.8381467004446593,0.6014167670256413,-0.9777477409918889,1.0753261716076643,1
1.1471128306933718,1.4373506578504092,1.12252363252126,1.090263229965003,1.2947644960127682,1.159645216768088,0.8381467004446593,-1.6627404735414788,0.6504257407458153,0.5288342655211393,1
1.440279655741906,1.4373506578504092,1.12252363252126,1.090263229965003,1.2947644960127682,1.159645216768088,0.8381467004446593,0.6014167670256413,1.4012705868352706,1.1784926538956784,1
0.9581776945459015,-0.06556468168733408,1.12252363252126,1.090263229965003,0.43615718282562105,1.1058918811426295,0.8381467004446593,0.6014167670256413,-0.6143819460209469,-0.3395412248058687,1
0.6276562825646116,-0.06556468168733408,1.12252363252126,-0.015620609228609717,0.8084495380727736,0.10810889211406166,-1.1931085566160113,0.6014167670256413,0.6861530030978011,1.347432239396192,1
0.521637743678462,1.4373506578504092,1.12252363252126,1.090263229965003,1.2947644960127682,1.159645216768088,0.8381467004446593,0.6014167670256413,1.3896400261501063,0.990556908937685,1
-1.1738246728297517,1.4373506578504092,-1.0932895252392183,1.090263229965003,1.2465599511656191,1.121447094578806,0.8381467004446593,0.6014167670256413,1.1909267985644931,1.2048949873045913,1
1.0825786917670708,1.4373506578504092,1.12252363252126,1.090263229965003,1.2838763089520104,1.159645216768088,0.8381467004446593,0.6014167670256413,0.932323423944552,1.2904621225619106,1
1.218940556533333,-0.06556468168733408,1.12252363252126,1.090263229965003,1.2947644960127682,1.159645216768088,0.8381467004446593,0.6014167670256413,0.019143460567311345,1.4463161147156636,1
0.5851022513580759,1.4373506578504092,1.12252363252126,-0.3297359048476757,1.1554051474374585,1.159645216768088,0.8381467004446593,-1.6627404735414788,-1.3614650751723478,0.7458605623075916,1
-1.5860689591361914,-1.5684800212250773,-1.0879162892732746,-0.10769550119561647,-0.8518084197029834,0.43067156102974796,-1.1931085566160113,0.6014167670256413,-1.3614650751723478,-0.3144003470383983,1
0.15886249482146017,-0.06556468168733408,-0.22920092687788096,-0.015620609228609717,0.3175140054912212,-0.4994691251212403,0.8381467004446593,0.6014167670256413,-0.8189122137530673,0.5488858420642377,1
0.5755585312485053,-0.06556468168733408,1.12252363252126,1.090263229965003,1.2947644960127682,0.9976659254487719,-1.1931085566160113,0.6014167670256413,0.6851036096536811,1.5144010598943751,1
0.8075582759437461,-1.5684800212250773,1.12252363252126,1.090263229965003,0.2093947245648497,0.9534101167476624,0.8381467004446593,0.6014167670256413,0.3652629286397177,0.6017082249803276,1
1.1081325945822693,1.4373506578504092,1.12252363252126,1.090263229965003,1.2947644960127682,1.159645216768088,0.8381467004446593,0.6014167670256413,1.5164149311810948,1.5144010598943751,1
0.4269160255607624,-1.5684800212250773,1.12252363252126,1.090263229965003,0.02430886840198143,-0.2113862794599229,0.8381467004446593,0.6014167670256413,0.7006473955802723,1.098391671572286,1
0.8754419677523346,-0.06556468168733408,-1.1839330414661757,1.090263229965003,-0.8500265678116741,0.673662779609194,0.8381467004446593,0.6014167670256413,0.8236860530634189,-0.8969509504317283,1
1.11074933649126,-1.5684800212250773,1.12252363252126,1.090263229965003,1.2386442320531619,1.159645216768088,0.8381467004446593,0.6014167670256413,1.036768263455521,1.310954048164307,1
0.5702009984523606,1.4373506578504092,1.12252363252126,1.090263229965003,0.597595015398875,0.9934781660089441,0.8381467004446593,0.6014167670256413,0.16846205826665633,1.1784926538956784,1
1.4089792621365311,-0.06556468168733408,1.12252363252126,1.090263229965003,0.8831738193646447,1.0732397931879296,0.8381467004446593,0.6014167670256413,1.2286269305457505,1.3949551462760452,1
0.27790521573554217,-0.25638539646620395,-1.1839330414661757,-1.1215044484222225,0.7885581983848031,-0.8768401605070476,0.8381467004446593,0.6014167670256413,-0.9183579985610074,0.09968527484162576,1
0.9831755522190964,1.4373506578504092,1.12252363252126,1.090263229965003,1.2947644960127682,0.916653998188642,0.8381467004446593,0.6014167670256413,0.6266597336831123,1.483597049914388,1
-0.2812252538034898,-0.06556468168733408,-1.1839330414661757,-0.015620609228609717,-0.1871294835941163,0.5645851078271835,0.8381467004446593,0.6014167670256413,0.3926901257054446,1.2904621225619106,1
-1.8428362454687752,1.4373506578504092,-0.030704704472457878,1.090263229965003,-0.046693941483495774,0.43067156102974796,0.8381467004446593,0.6014167670256413,1.2576112977107687,1.3669140055294378,1
1.408706200204303,-0.06556468168733408,1.12252363252126,1.0883307719044744,1.2932641371464995,1.1592206058620058,0.8381467004446593,0.6014167670256413,-1.3614650751723478,1.178296994736381,1
0.06454842341227274,0.08339163344351008,1.12252363252126,-1.1215044484222225,-0.3373522022532874,0.2620888544488411,0.8381467004446593,-1.6627404735414788,-0.03746982132887608,-1.2172560722647505,1
0.5317076892394148,-0.06556468168733408,1.12252363252126,-1.1215044484222225,1.2947644960127682,1.112749568770452,0.8381467004446593,0.6014167670256413,0.6900783435567733,0.9545537165632137,1
0.8403306023724071,1.4373506578504092,1.12252363252126,1.090263229965003,1.0596245229445944,0.7613798179337306,0.8381467004446593,-1.6627404735414788,1.7082735982713242,1.3308818143993035,1
0.32204130290900435,1.4373506578504092,1.12252363252126,1.090263229965003,1.2947644960127682,1.159645216768088,0.8381467004446593,0.6014167670256413,1.3245562640908652,1.5094467664490547,1
1.0888012329719223,1.4373506578504092,1.12252363252126,1.090263229965003,1.2947644960127682,0.18768034245030202,0.8381467004446593,0.6014167670256413,0.47997445308940145,1.5089203798503943,1
0.7839208784789949,1.4373506578504092,0.9861433362455482,1.090263229965003,0.20534631311217716,1.1309091778422238,0.8381467004446593,-1.6627404735414788,0.9800454510222121,0.36101975885946025,1
0.8735177890753021,-0.06556468168733408,1.12252363252126,1.090263229965003,1.0674461657299432,0.8129858448201936,0.8381467004446593,0.6014167670256413,-0.1821610105880584,1.1784926538956784,1
0.09622652691149469,-0.06556468168733408,-1.1839330414661757,-0.899867217485306,-1.55070116873613,-1.5619576069473784,0.8381467004446593,0.6014167670256413,-0.8245404057874327,-0.679874176444664,1
-0.019264031005246707,-0.06556468168733408,1.12252363252126,-1.1215044484222225,0.6330146765288882,0.5436683530429004,0.8381467004446593,0.6014167670256413,1.59457646242581,-0.7848892718158944,1
1.5652438580509145,1.4373506578504092,1.12252363252126,1.090263229965003,0.8748891203530172,1.0194717717946653,0.8381467004446593,0.6014167670256413,1.0773591973842445,1.0665231852294461,1
-1.2248172042195111,-0.06556468168733408,1.12252363252126,-1.1215044484222225,0.6458347113781819,0.15237928777017973,0.8381467004446593,0.6014167670256413,-0.956843240808501,1.3067287200093347,1
-0.30525166723737895,1.4373506578504092,1.12252363252126,-1.0883867585995595,0.8151514088083768,1.1378147834404442,0.8381467004446593,-1.6627404735414788,-1.31262786224726,1.0665231852294461,1
0.979214830220089,1.4373506578504092,1.12252363252126,-1.1215044484222225,1.1951119386849256,0.7648130932252293,0.8381467004446593,0.6014167670256413,1.7442583918319012,0.8005825153075752,1
-1.7312048336781887,-0.06556468168733408,-1.074029188816564,-0.015620609228609717,-0.4224501303615262,0.3843569323907699,-1.1931085566160113,-1.6627404735414788,-0.3656030811112266,-1.2955064628722393,1
0.3320735653673744,-0.06556468168733408,1.12252363252126,1.090263229965003,0.6400973894422872,0.890302254869909,0.8381467004446593,0.6014167670256413,1.7510366260935188,0.830441460535871,1
0.18533051393773858,-0.9826538918184833,-1.1839330414661757,1.090263229965003,0.5317798295447121,0.2823966590087395,0.8381467004446593,0.6014167670256413,-1.003787550746424,-1.1596151240168822,1
0.776625488148226,1.4373506578504092,1.12252363252126,1.090263229965003,0.18893199531311222,0.43067156102974796,0.8381467004446593,0.6014167670256413,0.46567083219160216,1.5091736379420826,1
1.1939339596226146,-1.5684800212250773,1.12252363252126,-1.1215044484222225,0.9571695737143386,0.9768373908238517,0.8381467004446593,0.6014167670256413,1.8763727534757688,0.884702838146186,1
0.9401854743933811,1.4373506578504092,-0.030704704472457878,-0.20811696513072894,1.0921492677134272,0.673662779609194,0.8381467004446593,0.6014167670256413,1.0534662623565798,0.7306147792307492,1
1.0964500703077644,1.4373506578504092,1.12252363252126,1.090263229965003,1.2671707302083424,1.159645216768088,0.8381467004446593,0.6014167670256413,0.07747492800437346,1.1658980633668181,1
0.9585052846855604,-0.06556468168733408,1.12252363252126,1.090263229965003,0.03223278260262985,-0.5412933132880401,0.8381467004446593,0.6014167670256413,0.653050929275062,0.9151732142975816,1
0.6572155771082063,1.4373506578504092,1.12252363252126,1.090263229965003,0.43615718282562105,-0.055310876129146085,0.8381467004446593,0.6014167670256413,1.360848597732254,0.5490365376762119,1
0.39405372201940503,-1.5684800212250773,-1.1839330414661757,-1.1215044484222225,-0.1973689520090293,-1.1500065468998337,-1.1931085566160113,0.6014167670256413,0.4686174674532498,-0.43582871433364445,1
0.6276562825646116,-1.5684800212250773,1.12252363252126,1.090263229965003,1.2947644960127682,1.159645216768088,0.8381467004446593,0.6014167670256413,1.0975600685150995,1.2904621225619106,1
0.9401854743933811,-0.06556468168733408,1.12252363252126,1.090263229965003,1.2201791727749218,1.159645216768088,0.8381467004446593,0.6014167670256413,0.9408389299104063,0.7744984627017838,1
1.1781563200656595,-0.06556468168733408,1.12252363252126,1.090263229965003,1.061152872691116,-0.27511447081743323,0.8381467004446593,0.6014167670256413,1.6808112070041306,1.5144010598943751,1
0.32984938993984264,1.4373506578504092,1.12252363252126,1.090263229965003,1.2947644960127682,1.159645216768088,0.8381467004446593,0.6014167670256413,0.48830589613295483,0.6397434743523029,1
0.2234135952176901,-0.06556468168733408,-0.5930004647903072,-0.015620609228609717,-0.24912326163480536,1.0351326442804216,-1.1931085566160113,0.6014167670256413,-1.1275970032034022,-1.6207440627601286,1
-0.2725085640814855,-0.06556468168733408,-1.3427560444321602,-1.1215044484222225,-0.6846590333147501,0.2546100107408962,0.8381467004446593,0.6014167670256413,0.16019284076019513,0.7922966740771247,1
0.3536265617998773,-0.06556468168733408,1.12252363252126,1.090263229965003,0.43615718282562105,0.916653998188642,0.8381467004446593,0.6014167670256413,1.9369754607542433,1.2904621225619106,1
1.0964500703077644,1.4373506578504092,1.12252363252126,1.090263229965003,1.2751534290533337,0.43067156102974796,0.8381467004446593,0.6014167670256413,0.3652629286397177,0.8515353044486219,1
0.7839208784789949,-0.06556468168733408,1.12252363252126,1.090263229965003,1.1358835425288754,0.9498118184868225,0.8381467004446593,0.6014167670256413,-0.3476619648134424,1.1148684181381436,1
0.48593888903373317,-0.06556468168733408,-0.030704704472457878,-1.1215044484222225,1.2947644960127682,-0.2756812162338154,0.8381467004446593,0.6014167670256413,0.8800549144109364,0.4559029167786693,1
0.9423373142857575,-0.06556468168733408,1.12252363252126,2.1961470691586156,0.8108879984912349,1.159645216768088,0.8381467004446593,0.6014167670256413,1.1260926278595589,1.2904621225619106,1
1.0964500703077644,-0.06556468168733408,1.12252363252126,1.090263229965003,1.2947644960127682,0.72296464036256,0.8381467004446593,0.6014167670256413,1.2870178634229166,1.5144010598943751,1
-0.4800382225653548,-0.06556468168733408,-0.030704704472457878,-0.6175435954526959,0.8941937672583441,-1.1380089553635513,0.8381467004446593,0.6014167670256413,1.6463349672673373,1.4123501447155704,1
0.5754422644383935,1.4373506578504092,1.12252363252126,1.090263229965003,0.8451165687856145,0.9978467201688048,0.8381467004446593,0.6014167670256413,0.6209972453855586,0.6560586211887921,1
0.05878006288114479,1.4373506578504092,-0.030704704472457878,1.090263229965003,1.2530750551375986,-0.4587047128976578,0.8381467004446593,0.6014167670256413,1.2286269305457505,0.7708714158149069,1
0.879236200578207,1.4373506578504092,1.12252363252126,1.090263229965003,1.2947644960127682,1.0114300300160666,0.8381467004446593,-1.6627404735414788,1.3993886108925901,0.5313004098882727,1
-0.0695192587452631,-0.06556468168733408,1.12252363252126,-1.1215044484222225,0.024148878381354016,0.873037616960408,0.8381467004446593,0.6014167670256413,0.7661993640178857,1.0866214548698876,1
0.5179806443733583,1.4373506578504092,1.12252363252126,1.090263229965003,1.0824609212848808,0.7063626782936043,0.8381467004446593,0.6014167670256413,1.762692982844234,-1.157798193858462,1
1.5652438580509145,1.4373506578504092,1.12252363252126,1.090263229965003,1.2947644960127682,1.159645216768088,0.8381467004446593,0.6014167670256413,0.9408389299104063,1.1344778506864446,1
1.3982315380921793,1.4373506578504092,1.12252363252126,1.090263229965003,1.2947644960127682,1.159645216768088,0.8381467004446593,0.6014167670256413,0.7621761118052708,0.8425842478969815,1
0.8198983773414967,-0.06556468168733408,1.12252363252126,-0.6680056363966588,0.5243943803433064,-0.5412933132880401,-1.1931085566160113,0.6014167670256413,1.0416022202164352,1.2703251216895763,1
0.21130738923604087,-1.5684800212250773,1.12252363252126,1.090263229965003,1.2947644960127682,0.9574298653244437,0.8381467004446593,0.6014167670256413,1.18099072193654,0.8425842478969815,1
0.4396138230463387,-0.06556468168733408,1.12252363252126,-1.1215044484222225,0.5262438701939463,0.9811795605403205,0.8381467004446593,0.6014167670256413,0.10294866417149541,1.1487595097345649,1
-0.1821537915754719,-0.06556468168733408,-0.030704704472457878,-1.1215044484222225,0.7146892108163126,0.9824556548612131,-1.1931085566160113,0.6014167670256413,-0.3067512282555513,-1.14254502431793,1
-1.7512448132632106,-0.06556468168733408,-1.1839330414661757,0.1561132150023753,-0.03542785307576017,-0.5412933132880401,-1.1931085566160113,-1.6627404735414788,-0.6667133650485849,-0.9760606019021334,1
0.9031752998573103,-1.5684800212250773,-0.030704704472457878,1.090263229965003,0.7331197637403608,1.159645216768088,0.8381467004446593,0.6014167670256413,1.4810716939078552,1.210904570440787,1
0.9362492698491015,-1.5684800212250773,1.12252363252126,-1.1215044484222225,0.684563238781635,-0.5474141056095201,0.8381467004446593,0.6014167670256413,0.16373866899679668,0.7277943404179429,1
-0.09370771575557679,0.5315189441581838,-0.48886341691982227,1.090263229965003,-0.10487159438691351,-0.7343661684532037,-1.1931085566160113,-1.6627404735414788,-1.0184647110659406,-0.4335635417231718,1
0.34280847740276404,-0.06556468168733408,1.12252363252126,1.090263229965003,1.2947644960127682,1.159645216768088,0.8381467004446593,0.6014167670256413,1.9960615989066686,0.8723363821430936,1
1.4089792621365311,1.4373506578504092,1.12252363252126,1.090263229965003,1.2947644960127682,1.159645216768088,0.8381467004446593,0.6014167670256413,1.5164149311810948,0.8201237288013642,1
1.0964500703077644,1.4373506578504092,1.12252363252126,1.090263229965003,1.2947644960127682,0.9829348420034272,0.8381467004446593,0.6014167670256413,0.4350255668979353,1.0665231852294461,1
0.8109106394383166,-1.5684800212250773,-1.1839330414661757,2.0051406528046174,0.5588153704237849,1.159645216768088,0.8381467004446593,0.6014167670256413,1.7213591575686817,-0.3616095009348421,1
0.68596709873151,1.4373506578504092,1.12252363252126,-0.015620609228609717,0.7958996534940179,1.159645216768088,0.8381467004446593,0.6014167670256413,0.13760781194021787,1.1367107578398428,1
1.0964500703077644,-1.5684800212250773,1.12252363252126,1.090263229965003,1.2947644960127682,1.159645216768088,0.8381467004446593,0.6014167670256413,1.804202931816439,1.0145510806360991,1
0.9401854743933811,1.4373506578504092,1.12252363252126,1.090263229965003,1.2947644960127682,1.159645216768088,0.8381467004446593,0.6014167670256413,1.1326975970006357,1.4879060098268166,1
0.7839208784789949,1.4373506578504092,1.12252363252126,1.090263229965003,1.2947644960127682,0.6388466700115625,0.8381467004446593,0.6014167670256413,0.5433767114091894,0.9224674435245234,1
0.3794565092797641,-1.5684800212250773,0.6477743271327046,1.090263229965003,1.2947644960127682,1.159645216768088,0.8381467004446593,0.6014167670256413,-0.11438373908585606,1.046742619261516,1
1.01024694741411,1.4373506578504092,1.12252363252126,-0.015620609228609717,0.44604170430568196,0.3859896509342174,0.8381467004446593,0.6014167670256413,1.253997239249635,0.38314027312414345,1
1.0314510786609157,-1.5684800212250773,-0.030704704472457878,-0.47561817941087947,0.46760769695978666,0.2887536795954385,-1.1931085566160113,0.6014167670256413,0.5087471326256368,-0.818136764823906,1
0.07130090709942433,-0.06556468168733408,1.12252363252126,1.090263229965003,0.33808304117666943,-1.0466527539026165,0.8381467004446593,0.6014167670256413,0.8525593502883839,1.0037820096263703,1
1.2413455581180561,1.4373506578504092,1.12252363252126,1.090263229965003,1.2947644960127682,0.20535928895900632,0.8381467004446593,0.6014167670256413,1.413506211441391,1.2904621225619106,1
1.698534229432994,1.4373506578504092,1.12252363252126,1.090263229965003,1.2947644960127682,1.159645216768088,0.8381467004446593,0.6014167670256413,0.7348766071891375,1.1784926538956784,1
1.4160798527360208,1.4373506578504092,-0.030704704472457878,1.090263229965003,0.9435105263004195,1.148603808749159,0.8381467004446593,0.6014167670256413,1.0193323261595528,0.9647293977786429,1
0.9299107167243859,1.4373506578504092,1.12252363252126,1.090263229965003,1.2947644960127682,0.9006767650093137,0.8381467004446593,0.6014167670256413,1.426793172616459,0.9692782182987444,1
0.12969862034129415,1.4373506578504092,1.12252363252126,1.090263229965003,1.2947644960127682,1.159645216768088,0.8381467004446593,0.6014167670256413,1.4741958643686033,1.332256151602014,1
0.6209377599821091,-0.06556468168733408,1.12252363252126,1.090263229965003,1.2868540496462866,1.159645216768088,0.8381467004446593,0.6014167670256413,1.134759815220879,1.5144010598943751,1
1.4089792621365311,1.4373506578504092,1.12252363252126,1.090263229965003,1.2947644960127682,1.0107538705779988,0.8381467004446593,0.6014167670256413,1.5164149311810948,0.8425842478969815,1
-0.4247956167980014,-0.06556468168733408,-1.1839330414661757,-0.015620609228609717,0.11692765697836532,-0.26611341341073824,0.8381467004446593,0.6014167670256413,0.46816829388407205,-1.0460642923023509,1
-1.0595078018116983,1.4373506578504092,1.12252363252126,-1.1215044484222225,-0.10334513867738432,0.57876870775941,0.8381467004446593,0.6014167670256413,0.15391540831881806,1.4251791332000265,1
0.17452093169258914,-0.06556468168733408,0.08485412065455158,-1.1215044484222225,0.43615718282562105,1.1109475238057025,0.8381467004446593,0.6014167670256413,0.7874305184168734,-0.7249883134302705,1
1.0964500703077644,-0.06556468168733408,-1.1839330414661757,1.090263229965003,0.1914964354913128,0.6762604343804951,0.8381467004446593,0.6014167670256413,0.07388562332263227,-0.5028448608866469,1
-0.4661958888360746,-0.06556468168733408,-1.1839330414661757,-1.1215044484222225,-0.40903984447357983,0.31581754202685963,0.8381467004446593,0.6014167670256413,0.12281759331687622,0.5534793143751513,1
-0.31172060411063973,-0.06556468168733408,-1.1839330414661757,-1.1215044484222225,-0.10438154276957638,1.063561679851239,0.8381467004446593,-1.6627404735414788,0.21463194141545713,0.3529956470323089,1
0.6661119957143742,-0.06556468168733408,1.12252363252126,-0.015620609228609717,0.31349899522745717,0.6886124240646825,0.8381467004446593,0.6014167670256413,0.8567133927142739,0.02435425860437801,1
0.7354660809665413,1.4373506578504092,-0.030704704472457878,0.052962267381240435,-0.6221256287473198,-0.2681632389436627,-1.1931085566160113,0.6014167670256413,0.623304994789813,-0.5852430947930243,1
1.2540461578648274,1.4373506578504092,1.12252363252126,1.090263229965003,1.2937193561924685,1.159645216768088,0.8381467004446593,-1.6627404735414788,0.8457269862875303,0.727752587493229,1
0.695950827927143,-0.06556468168733408,-0.030704704472457878,-0.015620609228609717,0.19084080762929329,0.013085773978988247,0.8381467004446593,0.6014167670256413,1.2556289148147683,1.2274282679565514,1
0.2695244752077999,-0.06556468168733408,0.6259321788118528,-1.1215044484222225,0.3850895450596212,0.7073851854094686,-1.1931085566160113,0.6014167670256413,0.05084871547809264,0.7616931028152631,1
1.0344110921812144,-0.06556468168733408,0.5854988804165161,-1.1215044484222225,1.032605086676698,0.3342010405885515,0.8381467004446593,-1.6627404735414788,1.7280326670078896,-0.33861161109743243,1
0.7927565352646189,1.4373506578504092,1.12252363252126,1.090263229965003,0.06818262003112939,-0.7568056650553926,0.8381467004446593,0.6014167670256413,0.8340613468060292,0.9798780400880518,1
-0.30993129292169125,-0.06556468168733408,-0.030704704472457878,1.090263229965003,-0.9549059461788771,-0.4612243622234003,-1.1931085566160113,0.6014167670256413,0.3325536666526703,0.9914491976418398,1
0.5109077246329684,-0.06556468168733408,1.12252363252126,0.8837059757285697,1.2718543697029665,0.871268038891204,-1.1931085566160113,0.6014167670256413,0.07223884663092772,1.4307463208112041,1
0.3487043385308919,1.4373506578504092,-1.1839330414661757,1.090263229965003,0.17191815665809318,0.8530611157673145,0.8381467004446593,0.6014167670256413,-0.7446635744926595,0.8253105606161697,1
0.9401854743933811,1.4373506578504092,1.12252363252126,1.090263229965003,1.2947644960127682,1.159645216768088,0.8381467004446593,0.6014167670256413,1.1326975970006357,1.3073890211427144,1
0.6276562825646116,1.4373506578504092,1.12252363252126,1.090263229965003,1.2947644960127682,1.159645216768088,0.8381467004446593,0.6014167670256413,1.5801574104090403,1.5144010598943751,1
0.6653700056032485,1.4373506578504092,1.12252363252126,1.090263229965003,0.09778559496239814,1.159645216768088,0.8381467004446593,0.6014167670256413,1.2782520798905785,1.039499882187884,1
1.9598562199537177,1.4373506578504092,1.12252363252126,1.090263229965003,1.2947644960127682,1.159645216768088,0.8381467004446593,0.6014167670256413,0.4140360628856075,0.7325020783514169,1
0.4446516599384705,-1.5684800212250773,-1.1839330414661757,-1.1215044484222225,-0.4480316926405552,1.0089128911484488,0.8381467004446593,0.6014167670256413,-1.1531909626869066,-0.844741890634556,1
0.8284285908622409,0.3624998026387408,-0.35917037409378744,-1.1215044484222225,1.0843839634692465,0.15231740726232143,-1.1931085566160113,-1.6627404735414788,0.5984052155539369,0.603048970022581,1
0.9401854743933811,-0.06556468168733408,1.12252363252126,1.090263229965003,0.9713409182618805,1.159645216768088,0.8381467004446593,0.6014167670256413,0.8363107352330392,1.2191613627814786,1
-0.30993129292169125,-0.06556468168733408,-0.030704704472457878,-1.1215044484222225,0.967988097287066,0.6328550998026609,0.8381467004446593,0.6014167670256413,1.2601151941584017,0.7682228397372267,1
-1.532020231986134,-0.06556468168733408,0.17613988226122967,-0.21397342311260703,-0.8437676065324203,-0.7592094734042764,0.8381467004446593,0.6014167670256413,-1.282741756009869,-0.9574557497414838,1
-0.2142767588512948,-0.06556468168733408,-1.1839330414661757,0.9507340506020285,0.6814735580219489,-1.8175657291465015,-1.1931085566160113,-1.6627404735414788,-1.1099872385307563,-0.3618734537747639,1
1.4388516095170871,1.4373506578504092,1.12252363252126,1.090263229965003,0.33965612988031024,0.916653998188642,0.8381467004446593,0.6014167670256413,1.5940059177777108,0.5519582452125225,1
0.6319091543949092,1.4373506578504092,1.12252363252126,1.090263229965003,0.6898191712387359,0.4372847705188149,-1.1931085566160113,0.6014167670256413,-1.3405786980402292,0.055750624382868076,1
0.7981810915115437,1.4373506578504092,1.12252363252126,1.090263229965003,1.2947644960127682,0.43067156102974796,0.8381467004446593,0.6014167670256413,0.45681515832320907,0.7357237691045546,1
1.2321156287856,-0.06556468168733408,1.12252363252126,-0.015620609228609717,-0.7998999548064134,-0.44519889383913075,0.8381467004446593,0.6014167670256413,0.34520690170238577,1.3286316603061776,1
-0.07211138377767451,-0.06556468168733408,-1.1839330414661757,1.090263229965003,0.39706235925730526,0.46939583620873204,0.8381467004446593,0.6014167670256413,0.12754095095347565,0.8961162628597961,1
1.2512319888660561,-1.5684800212250773,1.12252363252126,-1.1215044484222225,1.2930187789209324,0.429518780467367,0.8381467004446593,0.6014167670256413,-1.3541834641433097,-1.3946803370865355,1
0.9734319248784338,1.4373506578504092,1.12252363252126,1.3255482098213154,1.2164751815962842,0.9683521801698658,-1.1931085566160113,0.6014167670256413,0.19381393796473442,-0.23660797209146972,1
-0.2588285964973683,1.4373506578504092,1.12252363252126,1.090263229965003,0.08591819410610307,0.18768034245030202,0.8381467004446593,0.6014167670256413,0.09316065509328333,0.5087942902634461,1
0.6594998976067483,-0.7404562917657221,1.12252363252126,1.090263229965003,0.6990608807027768,0.6984211670666544,-1.1931085566160113,-1.6627404735414788,-0.8054375631213986,-1.4859574445289787,1
1.4852909882672307,1.4373506578504092,1.12252363252126,1.090263229965003,1.232006364245597,1.159645216768088,0.8381467004446593,0.6014167670256413,0.9899212282294088,1.1784926538956784,1
0.017304649407033496,-0.20701067456757305,-1.1839330414661757,-1.1215044484222225,-0.9015389775992315,-0.472686386599035,-1.1931085566160113,-1.6627404735414788,-0.7441297370529724,-1.0292828974435468,1
1.3190527974612472,1.4373506578504092,1.12252363252126,-0.015620609228609717,0.5958461797483593,0.43067156102974796,0.8381467004446593,0.6014167670256413,0.6385702780902413,0.7781485488840008,1
0.6276562825646116,1.4373506578504092,1.12252363252126,0.23825135272815148,0.0018404280773409373,0.24346256406591962,0.8381467004446593,0.6014167670256413,0.8747729456184365,-0.2165494592769237,1
0.9688896100189988,1.4373506578504092,1.12252363252126,1.090263229965003,1.1946373061227429,0.7182976686134831,0.8381467004446593,0.6014167670256413,0.7137378768601124,1.4938334655796346,1
0.6484108720199689,-1.5684800212250773,-1.1839330414661757,0.14421334133790797,0.05045477014461772,1.159645216768088,0.8381467004446593,0.6014167670256413,-1.3476003600799298,1.1784926538956784,1
0.6276562825646116,1.4373506578504092,1.12252363252126,1.090263229965003,1.2947644960127682,1.159645216768088,0.8381467004446593,0.6014167670256413,1.9364832881678478,0.9545537165632137,1
0.6503185114620924,-0.06556468168733408,-0.030704704472457878,1.090263229965003,-0.5104619276920854,0.49930757102921774,0.8381467004446593,0.6014167670256413,0.10529917702330394,0.9220770354110259,1
-0.2405133993693069,-1.5684800212250773,-1.1839330414661757,-1.1215044484222225,0.6404318987502571,0.7816075027680734,0.8381467004446593,0.6014167670256413,-0.6899597403565446,-0.6130188447640381,1
0.02617010747154336,-0.06556468168733408,1.12252363252126,1.090263229965003,1.2947644960127682,0.4489989359868587,-1.1931085566160113,0.6014167670256413,0.269333595094603,1.5144010598943751,1
0.7839208784789949,1.4373506578504092,1.12252363252126,1.090263229965003,1.2947644960127682,1.159645216768088,0.8381467004446593,0.6014167670256413,0.31398868515462597,0.8947060183970555,1
1.536226433224539,1.4373506578504092,1.12252363252126,1.090263229965003,0.7042504686659917,-0.2473863906849279,0.8381467004446593,0.6014167670256413,1.3423697823001655,0.819122476892969,1
-1.7758955709333268,-0.06556468168733408,1.12252363252126,1.5119312486489327,0.7044167274040579,0.24536886997911833,0.8381467004446593,0.6014167670256413,-0.11921476823312555,1.471707657267197,1
-1.7454060958949749,-0.06556468168733408,1.12252363252126,1.296157371571335,0.9437405311831774,0.3401910483499117,0.8381467004446593,0.6014167670256413,0.030522797257244716,1.4935545145158284,1
0.6195292604180098,1.4373506578504092,1.12252363252126,1.090263229965003,1.2947644960127682,1.159645216768088,0.8381467004446593,0.6014167670256413,1.036768263455521,1.5144010598943751,1
0.9401854743933811,-0.06556468168733408,-0.030704704472457878,-1.1215044484222225,-0.350764772934561,0.23501761550308534,0.8381467004446593,0.6014167670256413,1.256659011801674,1.0883360282729717,1
0.8655934529332469,1.4373506578504092,1.12252363252126,1.090263229965003,1.2947644960127682,1.159645216768088,0.8381467004446593,0.6014167670256413,0.2736802785252421,1.4558795841068837,1
0.45525039428028635,-0.06556468168733408,1.12252363252126,1.090263229965003,1.2271004366509368,1.159645216768088,0.8381467004446593,0.6014167670256413,0.887919771013306,1.0665231852294461,1
0.876350318010683,1.4373506578504092,1.12252363252126,1.090263229965003,1.2947644960127682,1.159645216768088,0.8381467004446593,0.6014167670256413,-0.17112528365863428,1.4229204721057944,1
0.47139168665022824,-1.5684800212250773,1.12252363252126,1.090263229965003,0.22389941406315156,0.4961621020135919,0.8381467004446593,0.6014167670256413,1.4259234971537256,1.469134355693123,1
1.0964500703077644,-0.06556468168733408,1.12252363252126,1.090263229965003,1.2947644960127682,0.80128141552703,0.8381467004446593,0.6014167670256413,1.1782449835638602,1.5144010598943751,1
0.8530218045009671,-0.06556468168733408,-0.030704704472457878,1.090263229965003,1.0494481208164406,0.18768034245030202,0.8381467004446593,0.6014167670256413,1.005436413969711,1.2280060700713031,1
0.641397401181642,1.4373506578504092,1.12252363252126,1.090263229965003,0.004387063226653165,1.011896017311381,0.8381467004446593,0.6014167670256413,1.0743684017376718,0.9205125700235504,1
1.541278860138404,-0.06556468168733408,1.12252363252126,1.090263229965003,1.0306370574879764,1.159645216768088,0.8381467004446593,0.6014167670256413,1.3098443822042172,1.3248057698500189,1
-1.0334844228317093,-0.06556468168733408,-1.1839330414661757,-0.5174579081978936,-1.1810721621705134,-0.27584408673123273,0.8381467004446593,-1.6627404735414788,-0.9688816521240944,-0.8670710956924031,1
-0.05498008161279355,-0.06556468168733408,-1.1839330414661757,-0.9856780790992226,-0.8506849689598357,-1.057120309004805,-1.1931085566160113,0.6014167670256413,-1.0248764994571866,-0.8782145738090466,1
0.9653725222567962,1.4373506578504092,1.12252363252126,2.1961470691586156,1.2947644960127682,1.0813135714336153,0.8381467004446593,0.6014167670256413,0.5602784096380437,0.3007843730281115,1
0.6255307235154524,-0.06556468168733408,-0.32293343026915355,1.090263229965003,0.007687743410536019,1.159645216768088,0.8381467004446593,0.6014167670256413,0.5827350044551683,-0.6429150158277648,1
0.2534535183183124,1.4373506578504092,1.12252363252126,1.235751094405848,0.019772623056617644,-0.11924575286046807,0.5709188244143106,0.6014167670256413,0.8196690541309659,-1.1787405529419317,1
-0.1742082227335734,-0.06556468168733408,-0.030704704472457878,-1.1215044484222225,-1.0438029914685236,0.43067156102974796,-1.1931085566160113,0.6014167670256413,-1.3583125138685703,-1.1618271054368483,1
-1.7307506825632162,-0.06556468168733408,-0.13725693462562982,-1.1215044484222225,-0.9337443282940797,-0.8291867518645619,-1.1931085566160113,-1.6627404735414788,-1.3082848812847163,-0.7560244826243623,1
0.8477783152022011,-1.5684800212250773,1.12252363252126,0.6383444388191633,1.1945161012013903,-0.010916099359628118,0.8381467004446593,0.6014167670256413,-0.13191013931250242,1.4228885426994717,1
-0.004570278844629178,1.4373506578504092,-0.030704704472457878,1.090263229965003,1.289137913188547,0.9055074922466598,0.8381467004446593,0.6014167670256413,0.0686739771500824,1.2545082371263152,1
-1.8725772520655304,1.4373506578504092,-0.6782633505404791,1.090263229965003,0.8579151342367658,0.916653998188642,0.8381467004446593,-0.669948625372567,-0.19185538307096267,0.8425842478969815,1
0.7839208784789949,1.4373506578504092,1.12252363252126,1.090263229965003,1.2947644960127682,1.159645216768088,0.8381467004446593,0.6014167670256413,1.4104110483909698,1.5026419671921927,1
0.34430649227053617,-1.5684800212250773,-1.1839330414661757,1.090263229965003,1.115103945496724,0.916653998188642,0.8381467004446593,0.6014167670256413,0.2916239892064221,1.0665231852294461,1
0.0025978989070768233,-0.06556468168733408,-1.1839330414661757,-1.1215044484222225,-0.7050685833176119,-0.689087398752328,-1.1931085566160113,0.6014167670256413,-1.1112594924882802,-0.7590398016243541,1
1.0964500703077644,-0.06556468168733408,1.12252363252126,1.090263229965003,1.2947644960127682,1.159645216768088,0.8381467004446593,0.6014167670256413,1.6068674869378912,0.8953727132876441,1
1.0564068198322771,-0.06556468168733408,1.12252363252126,1.090263229965003,-0.012566884838895356,0.4721830250607165,0.8381467004446593,0.6014167670256413,1.6041502091915014,1.3928674254976325,1
1.2527146662221478,-0.06556468168733408,1.12252363252126,1.090263229965003,1.2947644960127682,1.159645216768088,0.8381467004446593,0.6014167670256413,0.7774686483827464,1.2268997656251346,1
0.47139168665022824,1.4373506578504092,1.12252363252126,1.090263229965003,1.2947644960127682,1.159645216768088,0.8381467004446593,0.6014167670256413,0.7489802628201767,1.2904621225619106,1
0.770541073957664,1.4373506578504092,1.12252363252126,-1.1215044484222225,1.2527551703967894,0.38906040802392833,0.8381467004446593,0.6014167670256413,0.45297852878485995,0.5258501096758981,1
0.7839208784789949,-0.06556468168733408,1.12252363252126,-1.1215044484222225,0.3829567502757807,0.5038574730774845,0.8381467004446593,0.6014167670256413,0.9535535651340792,1.3053027442744558,1
0.9401854743933811,1.4373506578504092,-1.1839330414661757,-1.1114148370427506,-0.05223740583337852,-0.784284531867486,0.8381467004446593,0.6014167670256413,-0.696086267960451,-0.833893097402226,1
-0.2800937892802238,-1.5684800212250773,-1.1839330414661757,0.19553926921921352,-0.2529506976598175,0.37326944090946224,0.8381467004446593,0.6014167670256413,-1.3431481184603864,1.087902880415759,1
0.9401854743933811,1.4373506578504092,1.12252363252126,1.090263229965003,1.2947644960127682,1.159645216768088,0.8381467004446593,0.6014167670256413,1.1326975970006357,1.4922986135806722,1
0.01737039477387972,1.4373506578504092,1.12252363252126,2.1961470691586156,0.3444203532607453,0.4383286308672454,0.8381467004446593,0.6014167670256413,1.2346727260334533,0.7306147792307492,1
1.0964500703077644,-0.06556468168733408,1.12252363252126,1.090263229965003,1.2947644960127682,1.159645216768088,0.8381467004446593,0.6014167670256413,1.764370772359011,1.0200307770633936,1
0.9623480079938421,1.4373506578504092,1.12252363252126,1.7216272246355677,0.5766538675827695,0.5349358166181668,0.8381467004446593,-1.6627404735414788,1.4344368484853234,1.2265372431913961,1
0.9351473517558656,1.4373506578504092,1.12252363252126,1.090263229965003,0.3095443758973467,1.159645216768088,0.8381467004446593,0.6014167670256413,0.9470246400401686,0.7378347884912857,1
1.6402655973238456,-0.06556468168733408,1.12252363252126,1.090263229965003,1.2947644960127682,1.159645216768088,0.8381467004446593,0.6014167670256413,1.2823202235587208,1.1829503188081167,1
-0.0595680840095766,1.4373506578504092,1.12252363252126,-1.1215044484222225,-0.02941039840271728,-1.0742885699808185,0.8381467004446593,0.6014167670256413,0.269333595094603,1.2013735860887433,1
0.7839208784789949,1.4373506578504092,1.12252363252126,1.090263229965003,0.9428920652812024,1.159645216768088,0.8381467004446593,0.6014167670256413,0.7741667885254533,1.2904621225619106,1
-0.5336466236660824,-0.06556468168733408,-0.030704704472457878,-0.015620609228609717,0.2773230303165144,-0.19341630049195133,0.8381467004446593,0.6014167670256413,-1.143377172316589,-0.1498334854974024,1
1.0964500703077644,1.4373506578504092,1.12252363252126,1.090263229965003,1.2947644960127682,1.159645216768088,0.8381467004446593,0.6014167670256413,0.8083860570475839,1.1784926538956784,1
-0.11298967309757865,-0.2611756031598169,-1.1839330414661757,-1.1215044484222225,-0.2678629571831084,-0.5412933132880401,-1.1931085566160113,0.6014167670256413,-1.15712079107007,-0.866104401824694,1
1.0754981331029352,1.4373506578504092,1.12252363252126,1.090263229965003,1.2947644960127682,1.159645216768088,0.8381467004446593,0.6014167670256413,1.42048559763598,1.5144010598943751,1
0.629494273048451,1.4373506578504092,1.12252363252126,1.090263229965003,1.2947644960127682,1.159645216768088,0.8381467004446593,0.6014167670256413,1.6134725894189863,1.5144010598943751,1
1.3874787641863593,-1.5684800212250773,1.12252363252126,-0.015620609228609717,0.6645969770178228,0.673662779609194,0.8381467004446593,0.6014167670256413,0.47703100104064966,0.7306147792307492,1
-1.2907968334711946,-0.06556468168733408,-1.1839330414661757,-1.1215044484222225,-0.4224501303615262,-0.44779866932100415,-1.1931085566160113,-1.6627404735414788,-1.3614650751723478,-0.9799375427916299,1
0.8384165805217126,-0.06556468168733408,1.12252363252126,-0.015620609228609717,0.9781551107636752,1.1313983043880171,0.8381467004446593,0.6014167670256413,-0.6832421073878936,0.7696630023206394,1
1.2039570393184968,-1.5684800212250773,-0.030704704472457878,1.4353207352474018,0.8728323911790766,-0.22248405603493496,0.8381467004446593,0.6014167670256413,1.019104060780044,1.3746543553799542,1
0.736424972729365,-0.06556468168733408,1.12252363252126,-1.1215044484222225,0.10546401242518605,0.673662779609194,0.8381467004446593,0.6014167670256413,1.1326975970006357,-0.42311251283069595,1
1.0964500703077644,1.4373506578504092,1.12252363252126,1.090263229965003,1.0259948353849677,0.43067156102974796,0.8381467004446593,0.6014167670256413,1.9899474316017371,0.5066758418982846,1
0.3403187993254781,1.4373506578504092,-0.030704704472457878,1.090263229965003,1.0889960337653017,1.159645216768088,0.8381467004446593,0.6014167670256413,1.2718821270314358,1.1604418458475059,1
1.185607717099471,-1.5684800212250773,-1.1839330414661757,-1.1215044484222225,0.7909630289532557,0.8644783942168942,0.8381467004446593,0.6014167670256413,0.34142713950145576,0.942532552407139,1
0.7839208784789949,-1.5684800212250773,-1.1839330414661757,1.090263229965003,0.8429495149585841,0.26458003629701105,0.8381467004446593,-1.6627404735414788,0.8801212099560428,-0.5251561310197607,1
-0.02883512292637297,1.4373506578504092,-0.030704704472457878,-1.1215044484222225,-1.0110680612245067,-0.03087172459181023,0.8381467004446593,0.6014167670256413,1.0083764348936457,0.6517844749999802,1
0.2876944412596692,-1.5684800212250773,1.12252363252126,-0.015620609228609717,0.9820313014471855,0.7404406091697989,0.8381467004446593,0.6014167670256413,-0.4548975355156982,0.8314697938058905,1
-1.071110419269771,1.4373506578504092,1.12252363252126,1.090263229965003,0.6205280034995098,1.159645216768088,0.8381467004446593,-1.6627404735414788,1.2403931265219905,0.8075500243419608,1
1.2348729987752445,1.4373506578504092,1.12252363252126,1.090263229965003,1.2947644960127682,1.159645216768088,0.8381467004446593,-1.6627404735414788,0.524263111231269,1.1784926538956784,1
-0.5427267439480221,-1.5684800212250773,-1.1839330414661757,-1.1215044484222225,0.9267899332182766,0.2639263784172612,-1.1931085566160113,0.6014167670256413,0.5571215957299472,-0.7095577622009469,1
0.9401854743933811,-1.5684800212250773,1.12252363252126,1.090263229965003,-0.23871730264163826,-1.4220104596807324,0.8381467004446593,0.6014167670256413,0.42596503021534526,1.1085698059777314,1
-0.8748324876897454,1.4373506578504092,-0.030704704472457878,1.090263229965003,0.01018596898413493,0.18768034245030202,0.8381467004446593,0.6014167670256413,1.332984751729046,0.852422044612865,1
-1.247518868407994,1.4373506578504092,1.12252363252126,1.937565238843784,0.8041317456201127,1.159645216768088,0.8381467004446593,0.6014167670256413,0.4998462280958276,0.9211275879503247,1
1.3824518241782842,-0.06556468168733408,1.12252363252126,-1.1215044484222225,1.2199331784977963,0.6201657916216509,0.8381467004446593,0.6014167670256413,0.22709395833474028,1.022864059523727,1
1.3656099208756485,1.4373506578504092,1.12252363252126,-1.1215044484222225,0.2135356680795377,0.9391337523097518,0.8381467004446593,0.6014167670256413,0.8111029802826489,0.40506496207078957,1
0.4247761281938767,1.4373506578504092,1.12252363252126,1.090263229965003,1.2947644960127682,1.159645216768088,0.8381467004446593,0.6014167670256413,0.5958172426631411,1.5144010598943751,1
1.0842097200328287,-1.5684800212250773,1.12252363252126,1.090263229965003,1.030232262336086,0.9261708615950385,0.8381467004446593,0.6014167670256413,0.024875294277123317,-0.48350803209018406,1
-0.17446147985963698,-0.06556468168733408,-0.030704704472457878,-1.1215044484222225,-0.8477923301662149,-0.3629738086795662,-1.1931085566160113,0.6014167670256413,-0.9777477409918889,-1.1055974548715752,1
1.2829519243216192,-0.06556468168733408,1.0109485739827004,1.090263229965003,0.03258101186086487,0.6501533335024208,0.8381467004446593,0.6014167670256413,0.47047344325064205,-0.7249883134302705,1
-0.25351552639563785,1.4373506578504092,-0.030704704472457878,-0.4148747340149129,-0.39854845353482243,0.18768034245030202,0.8381467004446593,0.6014167670256413,1.1406675540007627,1.330886144173187,1
0.08479457035660823,-0.06556468168733408,0.5359111432146116,-0.015620609228609717,0.5609422274740561,1.159645216768088,-1.1931085566160113,-1.6627404735414788,1.179830570498682,-0.09847788789691858,1
0.9496270873687769,-0.06556468168733408,-1.1839330414661757,1.090263229965003,0.2772761301011186,1.0454904546767412,0.8381467004446593,-1.6627404735414788,1.2402191614669111,0.7238495079162759,1
0.37475744235029085,1.4373506578504092,1.12252363252126,-1.1215044484222225,0.5378358112591373,0.7408060452711347,0.8381467004446593,0.6014167670256413,0.9938532632237447,-0.5511401001358647,1
0.10175247749269017,-0.06556468168733408,-1.1839330414661757,1.090263229965003,0.24625716884071147,0.28697445334141414,0.8381467004446593,0.6014167670256413,-0.48057142789449814,-0.6130188447640381,1
0.7450292325483289,1.4373506578504092,1.12252363252126,1.090263229965003,1.2947644960127682,1.159645216768088,0.8381467004446593,0.6014167670256413,1.0606434710978554,1.1784926538956784,1
0.26777296849313853,1.4373506578504092,1.12252363252126,-0.015620609228609717,0.1338487498832347,0.0011409997392389237,0.8381467004446593,0.6014167670256413,0.8303744761073237,-0.0791843202629054,1
0.9312712955069522,-0.06556468168733408,1.12252363252126,1.090263229965003,0.9267899332182766,1.145783681609892,0.8381467004446593,0.6014167670256413,0.3652629286397177,1.1848799988196435,1
0.8916397294549818,-0.06556468168733408,-0.030704704472457878,1.090263229965003,-0.0544755675670345,0.8246399046630546,0.8381467004446593,0.6014167670256413,0.5273198294940226,-0.26949553425906225,1
0.6672873174458449,-1.5684800212250773,-1.1839330414661757,-1.1215044484222225,0.7333201378857057,0.4512136281627527,0.8381467004446593,0.6014167670256413,0.9813874489315548,0.8047214089740745,1
1.391399695795925,-0.06556468168733408,-0.030704704472457878,-0.015620609228609717,-0.15643542231363688,-0.12365137613502353,0.8381467004446593,0.6014167670256413,0.088266854820544,-0.8495542035125151,1
0.9869224231451336,-0.06556468168733408,1.12252363252126,1.090263229965003,1.2947644960127682,1.0869693296714629,0.8381467004446593,0.6014167670256413,1.6508908709881172,1.5144010598943751,1
0.36281189036810385,-0.06556468168733408,-0.030704704472457878,1.090263229965003,1.0546327207397714,0.9063830796475626,0.8381467004446593,0.6014167670256413,1.6627811321170143,-0.8805913408013362,1
1.2527146662221478,1.4373506578504092,1.12252363252126,1.090263229965003,1.2947644960127682,1.159645216768088,0.8381467004446593,0.6014167670256413,1.5164149311810948,1.4392703867736576,1
0.611524124265306,-0.06556468168733408,-0.030704704472457878,1.090263229965003,0.47017604036807903,0.480842526250975,0.8381467004446593,0.6014167670256413,-0.6305394787710769,1.0780824842673578,1
0.6923207156217447,1.4373506578504092,1.12252363252126,1.090263229965003,1.2947644960127682,1.159645216768088,0.8381467004446593,0.6014167670256413,1.5726473907737617,1.5144010598943751,1
-0.2920794387099237,-0.06556468168733408,-0.030704704472457878,-1.1215044484222225,-0.84301979096506,0.10440152071649002,-1.1931085566160113,0.6014167670256413,0.6503485273107514,-0.5746442669698367,1
0.6383849709390622,1.4373506578504092,1.12252363252126,1.090263229965003,0.5672367371678976,0.673662779609194,0.8381467004446593,0.6014167670256413,0.8482027157041664,1.0665231852294461,1
1.4469679100555486,-0.06556468168733408,1.12252363252126,1.090263229965003,0.40295531786635647,1.159645216768088,0.8381467004446593,0.6014167670256413,1.6176360050815821,0.7033944821573709,1
-0.6064384425605389,-0.06556468168733408,-1.1839330414661757,1.090263229965003,0.33865164922611,0.8439616760692369,0.8381467004446593,0.6014167670256413,0.807185447894428,0.2932724684925119,1
-1.4927049625603654,0.21951052026856233,0.18804135022604807,-1.1215044484222225,1.0959800932851569,1.0674633501150388,0.8381467004446593,0.6014167670256413,0.9457881749088191,-1.1091505853865236,1
0.15886249482146017,1.4373506578504092,1.12252363252126,-1.1215044484222225,1.231705130961633,0.7848751604840278,0.8381467004446593,0.6014167670256413,0.7955917075101975,0.8969894908277334,1
-0.018262812735371392,-1.5684800212250773,-0.030704704472457878,-0.6423781098419259,0.45253157055623944,0.3253951398189741,0.8381467004446593,0.6014167670256413,0.1477918807868845,1.3874841056192844,1
0.3151270907358449,1.4373506578504092,1.12252363252126,1.090263229965003,1.2947644960127682,1.159645216768088,0.8381467004446593,0.6014167670256413,0.07747492800437346,1.2364026431251895,1
1.4758256248818562,-0.06556468168733408,1.12252363252126,1.090263229965003,0.8828372289756956,0.18768034245030202,0.8381467004446593,0.6014167670256413,0.5981579353470629,0.5228494372245946,1
0.4664834525503855,1.4216152524086938,-1.1839330414661757,-1.1215044484222225,-0.6664822839774177,-0.5412933132880401,-1.1931085566160113,0.6014167670256413,1.0427944989354925,-0.8346131590293132,1
0.7839208784789949,1.4373506578504092,1.12252363252126,1.090263229965003,1.2947644960127682,1.159645216768088,0.8381467004446593,0.6014167670256413,1.9001322653615538,0.9731837809235511,1
-1.716312656151147,-0.06556468168733408,1.12252363252126,1.090263229965003,0.9964481789618712,0.3146760894815047,0.8381467004446593,0.6014167670256413,-0.4677018526095583,1.5144010598943751,1
0.34063928971307633,1.4373506578504092,1.12252363252126,1.090263229965003,0.7014990799252305,0.916653998188642,0.8381467004446593,0.6014167670256413,1.5164149311810948,1.0848036367115779,1
1.0964500703077644,-1.5684800212250773,1.12252363252126,1.090263229965003,1.2947644960127682,1.159645216768088,0.8381467004446593,0.6014167670256413,1.3245562640908652,0.9789569078130563,1
0.9401854743933811,1.4373506578504092,1.12252363252126,1.090263229965003,1.2947644960127682,1.159645216768088,0.8381467004446593,0.6014167670256413,0.8449095963652915,0.9641173024632695,1
-0.03533923654582022,-0.06556468168733408,1.12252363252126,-1.1215044484222225,0.06818262003112939,1.1006530265078989,0.8381467004446593,0.6014167670256413,0.676340172109063,1.2360953496595306,1
0.9819789914762358,-1.5684800212250773,1.12252363252126,-1.1215044484222225,1.0252060273195511,0.8036404957420016,0.8381467004446593,0.6014167670256413,0.7556774830841221,0.7605614083701115,1
0.26140926895296523,-0.06556468168733408,-0.2877794397903075,-1.1215044484222225,1.1041334248448949,-0.055310876129146085,-1.1931085566160113,-1.6627404735414788,0.7385882239780881,0.7555747291363235,1
1.2527146662221478,1.4373506578504092,1.12252363252126,1.090263229965003,1.2947644960127682,1.159645216768088,0.8381467004446593,0.6014167670256413,0.5571215957299472,1.5144010598943751,1
0.0025978989070768233,-0.06556468168733408,1.12252363252126,-1.1215044484222225,0.8575795563812479,1.0890569208346803,0.8381467004446593,0.6014167670256413,0.9547725366978531,1.0502597703704144,1
1.6262581490807537,-1.5684800212250773,1.12252363252126,1.090263229965003,1.1970282038636801,0.33192883764434017,0.8381467004446593,0.6014167670256413,0.8074535095212387,1.356931303864853,1
1.2527146662221478,-0.06556468168733408,1.12252363252126,1.090263229965003,1.1731276999377689,0.916653998188642,0.8381467004446593,0.6014167670256413,0.5579204124255501,1.457950133012729,1
0.7265161024174531,1.4373506578504092,1.12252363252126,1.090263229965003,1.1203736846193666,0.673662779609194,0.8381467004446593,-1.6627404735414788,1.0217577209082864,1.4907887984037709,1
1.7215084539653005,-0.06556468168733408,1.12252363252126,1.090263229965003,1.2947644960127682,1.159645216768088,0.8381467004446593,0.6014167670256413,1.4663516258777114,0.7744404904653032,1
-0.30993129292169125,1.4373506578504092,1.12252363252126,0.9801942019023705,-0.005642708221884868,-0.5171083073146306,0.8381467004446593,0.6014167670256413,0.5666694778236997,-0.44532756268488793,1
0.4396463278213291,-0.06556468168733408,1.12252363252126,-1.1215044484222225,1.086342210876128,0.5037603623362945,0.8381467004446593,0.6014167670256413,0.9026183484752445,0.9545537165632137,1
0.9010134097007367,1.4373506578504092,1.12252363252126,1.090263229965003,1.2947644960127682,1.159645216768088,0.8381467004446593,0.6014167670256413,1.3245562640908652,1.1784926538956784,1
0.5500312062606827,0.9855003887897792,-1.1839330414661757,1.090263229965003,0.19084080762929329,1.159645216768088,0.8381467004446593,-1.6627404735414788,1.2863090820719956,0.775257189329632,1
-0.14406042887454848,-1.5684800212250773,1.12252363252126,1.090263229965003,0.4323870152075131,1.137238617378879,-1.1931085566160113,0.6014167670256413,0.6058733638418179,-0.4166129191773629,1
0.9441378572649348,1.4373506578504092,1.12252363252126,1.090263229965003,0.14363896044660263,-0.784284531867486,0.8381467004446593,0.6014167670256413,0.8252384636847093,0.9545537165632137,1
-1.0141742098518511,-1.5684800212250773,-1.1839330414661757,-1.1215044484222225,-1.326021838127112,-1.6331175725157858,-1.1931085566160113,0.6014167670256413,0.3531102726598475,-0.3764031647610606,1
0.8132177394417806,0.07532040326626203,1.12252363252126,2.1961470691586156,1.0379499953230003,1.159645216768088,-1.1931085566160113,0.6014167670256413,1.138701623707095,-0.6025226925921513,1
1.5821354790848006,1.4373506578504092,1.12252363252126,1.090263229965003,1.0759659076444517,1.159645216768088,0.8381467004446593,0.6014167670256413,0.2900728027032812,1.5144010598943751,1
1.3736379870005275,1.4373506578504092,1.12252363252126,1.090263229965003,1.2947644960127682,1.159645216768088,0.8381467004446593,0.6014167670256413,0.5788172648646812,1.0158764757069187,1
1.0964500703077644,1.4373506578504092,1.12252363252126,1.090263229965003,1.2947644960127682,1.159645216768088,0.8381467004446593,0.6014167670256413,0.024634912705866666,1.4138126811167018,1
-0.2630081249076867,-0.06556468168733408,-0.030704704472457878,-1.1215044484222225,-0.4040342162791216,0.35770610325210717,0.8381467004446593,0.6014167670256413,0.03915695817308578,0.9041203907040758,1
0.47139168665022824,1.4373506578504092,-0.030704704472457878,1.090263229965003,0.7826379574493898,0.5158318243886472,0.8381467004446593,0.6014167670256413,0.6362409240487319,1.1588718842738026,1
0.15886249482146017,1.4373506578504092,1.12252363252126,1.090263229965003,0.9129624343029875,0.34849292598405013,0.8381467004446593,-1.6627404735414788,1.4096712950483283,0.7306147792307492,1
1.0964500703077644,1.4373506578504092,1.12252363252126,1.090263229965003,1.2947644960127682,1.159645216768088,0.8381467004446593,0.6014167670256413,1.6862027109016187,0.8425842478969815,1
0.48541345774902067,-0.06556468168733408,1.12252363252126,-1.1215044484222225,0.923121187866138,-0.048042931597840954,0.8381467004446593,0.6014167670256413,1.1154819359769923,0.28943498931327205,1
1.425607717904989,1.4373506578504092,1.12252363252126,1.090263229965003,1.2947644960127682,0.673662779609194,0.8381467004446593,0.6014167670256413,0.6428428800978411,1.1904075687632425,1
0.45399783905931584,1.1589831267437958,1.12252363252126,1.090263229965003,0.8676997231337633,0.27769321784932793,-1.1931085566160113,-1.6627404735414788,0.3652629286397177,0.8011066426959792,1
0.991847104773161,-0.06556468168733408,1.12252363252126,1.090263229965003,0.9277944235025223,0.9989776970867699,0.8381467004446593,0.6014167670256413,0.6855511060980535,-0.7620058174285821,1
0.3755190913167511,1.4373506578504092,-1.1839330414661757,2.0892985903522145,-1.0517401633389978,-0.7373297954867475,0.8381467004446593,0.6014167670256413,-0.29372972724736557,0.7955244938449259,1
0.7839208784789949,-0.17556223838212537,-0.11510885954583872,-1.1215044484222225,0.41820261068244335,1.0885076359905839,0.8381467004446593,-1.6627404735414788,-0.4162137712684567,-0.33991000017057893,1
0.044641936444284824,-0.06556468168733408,1.12252363252126,1.090263229965003,1.2947644960127682,0.717248390947387,-1.1931085566160113,0.6014167670256413,1.167111504402497,0.5970542513405025,1
1.147452875906471,-1.5684800212250773,1.12252363252126,1.090263229965003,0.9642681261112235,1.159645216768088,0.8381467004446593,0.6014167670256413,0.5258114635699047,1.2904621225619106,1
1.065193758347878,-1.5684800212250773,0.8150044221893399,-0.015620609228609717,0.7550631443343423,1.030053417367915,0.8381467004446593,0.6014167670256413,-1.3358846138247165,1.4845433452675518,1
0.7839208784789949,1.4373506578504092,1.12252363252126,1.090263229965003,1.2947644960127682,1.159645216768088,0.8381467004446593,0.6014167670256413,1.6508020451733056,0.9545537165632137,1
1.0165169589149676,-0.06556468168733408,1.12252363252126,-1.1215044484222225,-0.4851927529956027,0.7923581266348303,0.8381467004446593,0.6014167670256413,0.4656142704255564,-0.2822718413817652,1
0.46944336962484046,-0.06556468168733408,1.12252363252126,1.090263229965003,1.0494481208164406,-1.0090979696614206,-1.167782735516982,-1.6627404735414788,1.8065950380089697,-0.3918719924953659,1
-0.15763118863717446,-0.06556468168733408,-0.030704704472457878,-1.1215044484222225,1.2916526116142448,1.1411508806732296,0.8381467004446593,0.6014167670256413,0.7538477894364636,1.2819399998367267,1
0.15886249482146017,1.4373506578504092,1.12252363252126,1.090263229965003,1.2361251295253357,1.0434780745778889,0.8381467004446593,-1.6627404735414788,1.2592009751423534,0.5423621059631689,1
0.17373407688861273,1.4373506578504092,1.12252363252126,1.090263229965003,1.2947644960127682,1.159645216768088,0.8381467004446593,0.6014167670256413,1.9595435137162125,0.40536242192012284,1
0.25963082466826404,1.4373506578504092,1.12252363252126,1.090263229965003,1.2947644960127682,1.159645216768088,0.8381467004446593,0.6014167670256413,0.5911902200843864,1.4421967561280118,1
0.9401854743933811,-0.06556468168733408,1.12252363252126,-0.015620609228609717,0.4416723975210697,0.1242010675998701,0.8381467004446593,0.6014167670256413,0.09390885356894774,0.8183678353025675,1
1.3570642223203813,1.4373506578504092,1.12252363252126,1.090263229965003,1.2947644960127682,0.7543905907535587,0.8381467004446593,0.6014167670256413,1.8679432197734112,1.2904621225619106,1
0.07545210242244636,-1.5684800212250773,-0.030704704472457878,-1.1215044484222225,1.2490156070347476,0.21033797847751054,0.8381467004446593,0.6014167670256413,0.9229491317810368,-0.5816971762441122,1
-0.14391238298564288,1.4373506578504092,-0.5713255909597386,1.090263229965003,0.6738170157824244,-0.22989428965446856,-1.1931085566160113,0.6014167670256413,1.432461756890898,1.192471320679647,1
0.4182085033721435,1.4373506578504092,1.12252363252126,-0.38618585596378263,-0.0544755675670345,-1.0272757504469332,0.8381467004446593,0.6014167670256413,1.2286269305457505,0.8437611445025388,1
0.48900758882711304,-0.06556468168733408,1.12252363252126,1.090263229965003,1.2947644960127682,0.9440467003633741,0.8381467004446593,0.6014167670256413,0.4503780291480007,1.0539007278181538,1
-0.5228982239666401,-0.06556468168733408,-1.1839330414661757,-1.1215044484222225,-2.1551277909513518,-0.25690668633975566,-1.1931085566160113,0.6014167670256413,-1.3287804871459536,-1.713638677991833,1
0.9401854743933811,1.4373506578504092,1.12252363252126,1.090263229965003,1.2947644960127682,1.159645216768088,0.8381467004446593,0.6014167670256413,1.1326975970006357,1.4545908909417722,1
0.7839208784789949,1.4373506578504092,1.12252363252126,1.090263229965003,1.2947644960127682,0.673662779609194,0.8381467004446593,0.6014167670256413,0.7779698534306292,1.1524484566654212,1
1.0964500703077644,1.4373506578504092,1.12252363252126,-1.1215044484222225,1.0936638003149945,0.7254621227126944,0.8381467004446593,0.6014167670256413,1.646924758288012,0.8664531965712006,1
0.47139168665022824,1.4373506578504092,1.12252363252126,1.090263229965003,1.2947644960127682,1.0698693389374248,0.8381467004446593,0.6014167670256413,0.9053967432376915,0.47744316840111234,1
1.1400796275049416,1.4373506578504092,1.12252363252126,1.090263229965003,1.2947644960127682,1.159645216768088,0.8381467004446593,0.6014167670256413,1.4014908498286858,-0.6221102475437855,1
0.3151270907358449,-1.5684800212250773,1.12252363252126,-0.015620609228609717,1.0397106106340879,0.4403167771847886,0.8381467004446593,0.6014167670256413,0.9294155645345611,1.4606385658018004,1
0.6276562825646116,-0.06556468168733408,1.12252363252126,1.090263229965003,1.1905059220103857,0.637212342695215,0.8381467004446593,0.6014167670256413,0.5715116882650938,0.6522377677551117,1
1.6072582632216479,1.4373506578504092,1.12252363252126,1.6943263823715204,0.2454581662507513,1.026916953364554,-1.1931085566160113,0.6014167670256413,-0.04506131823610804,1.1276838856743736,1
0.8263957128920557,-0.06556468168733408,1.12252363252126,1.090263229965003,0.9934702478110016,0.5415661685682072,0.8381467004446593,0.6014167670256413,-0.4543215249472331,1.0567533792228088,1
1.522119115279378,1.4373506578504092,1.12252363252126,-1.1215044484222225,0.7956691716793529,1.159645216768088,0.8381467004446593,0.6014167670256413,0.11056725938924937,0.6418206874288763,1
0.7839208784789949,1.4373506578504092,1.12252363252126,1.090263229965003,1.2947644960127682,1.159645216768088,0.8381467004446593,0.6014167670256413,1.1786548178241014,1.5144010598943751,1
0.9763509066346684,-0.06556468168733408,1.12252363252126,-1.1215044484222225,1.2947644960127682,1.159645216768088,0.8381467004446593,0.6014167670256413,1.177100819521731,1.277505175377405,1
0.6276562825646116,-0.06556468168733408,1.12252363252126,1.090263229965003,1.2855803397525634,1.159645216768088,0.8381467004446593,0.6014167670256413,1.1326975970006357,0.9629375441473267,1
0.7125716973057794,-1.5684800212250773,0.6775482032230964,2.1961470691586156,1.2947644960127682,-0.055310876129146085,0.8381467004446593,0.6014167670256413,0.5571215957299472,1.2728206699826774,1
0.8320274113538149,1.4373506578504092,1.12252363252126,1.090263229965003,0.2851143928826004,0.3558659726206558,0.8381467004446593,0.6014167670256413,1.3909534594645416,1.4109906316937477,1
0.6276562825646116,-0.06556468168733408,1.12252363252126,-0.19907363250383903,1.0494481208164406,0.02644288839640585,-1.1931085566160113,0.6014167670256413,0.8126344211898717,1.4024315912281429,1
0.8168228976621268,-0.06556468168733408,-2.3371613784598937,-1.1215044484222225,0.5846414509745839,0.903832257720929,0.8381467004446593,0.6014167670256413,0.7237692957268619,0.8661597838936307,1
0.31989517440150783,-0.06556468168733408,1.12252363252126,1.090263229965003,0.19533199385602165,1.159645216768088,-1.1931085566160113,0.6014167670256413,0.46294851062610454,0.6213785197932686,1
-0.301751549306268,-0.06556468168733408,-0.030704704472457878,-0.015620609228609717,-1.9181128430080787,0.5286279530678122,0.8381467004446593,0.6014167670256413,-0.7236100068677637,-0.573741990412013,1
1.213706776492797,-0.06556468168733408,1.12252363252126,1.090263229965003,0.037563803092885234,0.9776735819761438,0.8381467004446593,0.6014167670256413,1.4683787348221944,1.4024315912281429,1
0.7602637330660912,-0.06556468168733408,-0.030704704472457878,-1.1215044484222225,-0.6739563115151012,1.1228583901785114,0.8381467004446593,-1.6627404735414788,0.79649994904541,-0.9037239554751457,1
0.6904891997951523,1.4373506578504092,1.12252363252126,-0.015620609228609717,0.7110655652347387,1.159645216768088,0.8381467004446593,0.6014167670256413,0.1734042615494882,1.1604837931786733,1
1.2635080103340222,-0.06556468168733408,-0.030704704472457878,-1.1215044484222225,-0.7481578638645352,0.673662779609194,0.8381467004446593,0.6014167670256413,0.06091010247053208,0.784666054167214,1
0.0025978989070768233,-0.06556468168733408,-0.030704704472457878,1.090263229965003,-0.1771337551651984,-0.068375514981563,0.8381467004446593,0.6014167670256413,0.8892616710511441,0.7005140891899062,1
1.2527146662221478,1.4373506578504092,1.12252363252126,1.090263229965003,1.2947644960127682,0.916653998188642,0.8381467004446593,0.6014167670256413,0.7601589135356606,1.264366505407863,1
1.4453276477424066,-1.5684800212250773,1.12252363252126,1.090263229965003,1.0494481208164406,1.103123530201244,0.8381467004446593,0.6014167670256413,1.5164149311810948,0.928508729217551,1
0.8465739029721442,1.4373506578504092,1.12252363252126,1.090263229965003,1.2947644960127682,1.159645216768088,0.8381467004446593,0.6014167670256413,-0.11438373908585606,1.3802486263029607,1
-1.8725772520655304,-0.06556468168733408,-0.030704704472457878,-0.015620609228609717,-0.7927621890507457,-0.5459239945903354,0.8381467004446593,0.6014167670256413,-0.04380783221318707,0.08839068521097984,1
0.6696875831365752,-0.06556468168733408,-0.030704704472457878,1.090263229965003,0.8041317456201127,1.159645216768088,0.8381467004446593,0.6014167670256413,0.6960552816931447,1.1985706605392816,1
0.9041904553933569,-0.06556468168733408,-0.030704704472457878,-1.1215044484222225,0.5870692673943017,-0.26098729336827087,0.8381467004446593,0.6014167670256413,1.2654552575617637,0.7392120415184309,1
-0.2209235593142314,-0.06556468168733408,-1.1839330414661757,-1.1215044484222225,-1.2469112258876178,-0.713522782268327,0.8381467004446593,0.6014167670256413,-1.2788883924671535,0.009169772693810696,1
1.368422531032431,-0.06556468168733408,1.12252363252126,1.090263229965003,1.2947644960127682,1.159645216768088,0.8381467004446593,0.6014167670256413,0.2107503426898034,0.5357362673004237,1
0.9401854743933811,-0.06556468168733408,1.12252363252126,1.090263229965003,1.2310728373011535,1.159645216768088,0.8381467004446593,0.6014167670256413,1.5662273284798756,1.2904621225619106,1
-0.4812476833110405,-0.06556468168733408,-0.030704704472457878,-1.1215044484222225,-0.3116066844173889,0.01008251777030389,0.8381467004446593,0.6014167670256413,2.589838469269079e-05,-1.0694594018751662,1
1.4089792621365311,1.4373506578504092,1.12252363252126,1.090263229965003,1.2947644960127682,1.159645216768088,0.8381467004446593,0.6014167670256413,1.3740303040223636,0.7306147792307492,1
0.9401854743933811,1.4373506578504092,1.12252363252126,1.090263229965003,1.2947644960127682,1.045414598969757,0.8381467004446593,0.6014167670256413,0.8900061521169879,-0.5804678817967353,1
-0.4157157841654736,-1.5684800212250773,1.12252363252126,1.090263229965003,1.2947644960127682,0.9951504872759585,0.8381467004446593,0.6014167670256413,1.2935670130068155,1.2612047856150836,1
0.17988276916665158,1.4373506578504092,1.12252363252126,1.090263229965003,1.2287659570881873,1.126958720840304,0.8381467004446593,0.6014167670256413,-0.10147959469492521,0.9394918982679229,1
0.13161949808650597,-1.5684800212250773,1.12252363252126,2.003348504364726,0.7242417434154338,1.159645216768088,0.8381467004446593,0.6014167670256413,1.036768263455521,0.828217945560249,1
-0.13088777079089292,-0.06556468168733408,1.12252363252126,-1.1215044484222225,0.3424650115556902,-0.3556850362212139,0.8381467004446593,0.6014167670256413,0.7716341980872417,0.7733785883196618,1
0.06298335300807834,-1.5684800212250773,-1.1839330414661757,1.090263229965003,0.23208867462048577,1.0248890121383967,0.8381467004446593,0.6014167670256413,0.791709842988324,0.947947868550846,1
1.0688640189523124,-1.5684800212250773,-1.1839330414661757,-1.1215044484222225,0.19084080762929329,-0.42082530392664885,0.8381467004446593,0.6014167670256413,0.5418095088546881,-1.0608967194289673,1
0.6528313529726477,-0.06556468168733408,1.12252363252126,-0.9433405888998627,0.1710799111137592,-1.231119771284777,0.8381467004446593,0.6014167670256413,0.6839603967979222,0.9906314888919787,1
1.13840621653502,-1.5684800212250773,1.12252363252126,-0.015620609228609717,1.2124319493356834,0.4632924341040432,0.8381467004446593,0.6014167670256413,0.5442433582694697,0.8275526683736119,1
1.3921784805503372,-0.06556468168733408,1.12252363252126,1.090263229965003,0.7210363279674372,1.159645216768088,0.8381467004446593,0.6014167670256413,1.2389407688862255,1.0785615780360562,1
0.15886249482146017,-0.06556468168733408,-1.1839330414661757,-1.1215044484222225,-0.4862904970978934,-0.7227075703556629,0.8381467004446593,0.6014167670256413,1.1786982306830183,-0.9205528111312647,1
1.1630192032543176,-1.5684800212250773,1.12252363252126,1.090263229965003,1.2425117822779237,-0.08981584432066725,0.8381467004446593,0.6014167670256413,0.653050929275062,1.4667017688170718,1
0.6276562825646116,1.4373506578504092,1.12252363252126,1.090263229965003,1.2947644960127682,1.159645216768088,0.8381467004446593,0.6014167670256413,1.9001322653615538,1.0490081366269302,1
-0.15366669700730792,-0.06556468168733408,1.12252363252126,1.090263229965003,0.8694117071222969,0.9197847346732467,0.8381467004446593,0.6014167670256413,1.13516953377456,-0.05605676537586718,1
-0.509022979492337,-0.06556468168733408,-1.1839330414661757,2.1961470691586156,0.21325191228700874,-0.4086983600875567,0.8381467004446593,0.6014167670256413,1.2286269305457505,1.0869813342522292,1
1.073426349817637,1.4373506578504092,-0.030704704472457878,1.090263229965003,-0.357855934143795,0.5380771163071669,0.8381467004446593,0.6014167670256413,0.3592450255963109,0.6846347622356261,1
1.448499265260537,0.3145292133251385,-0.030704704472457878,-1.1215044484222225,0.8055567370350695,-0.11394145317286258,-1.1931085566160113,0.6014167670256413,0.3432309121380015,-0.7236874990720039,1
0.8398985851944516,-0.06556468168733408,1.12252363252126,-1.1215044484222225,1.2727949513073848,0.9601766243103134,0.8381467004446593,0.6014167670256413,0.8620916844357709,0.9746087841919615,1
0.8258871326191255,-0.06556468168733408,1.12252363252126,1.090263229965003,1.2947644960127682,1.159645216768088,0.8381467004446593,0.6014167670256413,1.7526775716734009,1.107472718689049,1
0.9147414622771897,-1.5684800212250773,0.3930314111053437,0.3907194946936894,0.9142414953215737,0.9810784025866355,-1.1931085566160113,0.6014167670256413,-0.9366941059951592,0.607190372648036,1
1.1497328632473478,1.4373506578504092,1.12252363252126,-0.015620609228609717,0.8877792381809786,0.3533896729604509,0.8381467004446593,0.6014167670256413,-1.0714770246563854,0.6950035666312565,1
-0.20567311510887268,-0.06556468168733408,-0.030704704472457878,1.090263229965003,-0.1975928346162692,0.43067156102974796,-1.1931085566160113,0.6014167670256413,0.5491212090655141,-0.5010493760978059,1
0.707242951055737,1.4373506578504092,1.12252363252126,1.090263229965003,1.2947644960127682,1.159645216768088,0.8381467004446593,0.6014167670256413,0.9879107725903947,1.2904621225619106,1
1.4089792621365311,1.4373506578504092,1.12252363252126,1.090263229965003,1.2947644960127682,0.916653998188642,0.8381467004446593,0.6014167670256413,1.310968512734545,1.5144010598943751,1
0.26772721852029224,-0.5214452644132719,-0.030704704472457878,-1.1215044484222225,0.40999132274174566,-0.5412933132880401,-1.1931085566160113,0.6014167670256413,-1.0154804225678933,0.33050831727223706,1
1.7215084539653005,-0.06556468168733408,1.12252363252126,1.090263229965003,1.2947644960127682,0.9293549255373477,0.8381467004446593,0.6014167670256413,1.4254997356080812,0.9545537165632137,1
-0.4363204646911163,1.4373506578504092,1.12252363252126,-1.1215044484222225,-0.03643142814463296,1.159645216768088,0.8381467004446593,0.6014167670256413,0.8540797142375884,-0.43189364074224745,1
0.9608075177843484,-0.06556468168733408,1.12252363252126,-0.015620609228609717,-0.5312006682498456,-0.389988250026803,0.8381467004446593,0.6014167670256413,0.1498675998581847,1.193269124712932,1
1.8084339756667351,1.4373506578504092,1.12252363252126,-1.1215044484222225,1.213124072701323,1.159645216768088,0.8381467004446593,0.6014167670256413,0.27982073962248316,1.1658913018780312,1
0.9913310121459462,1.4373506578504092,1.12252363252126,1.090263229965003,1.2947644960127682,1.159645216768088,0.8381467004446593,0.6014167670256413,1.0681660175129932,0.7306147792307492,1
1.1793653275890832,-0.06556468168733408,1.12252363252126,1.090263229965003,0.1257573821556547,0.7306918368699001,0.8381467004446593,0.6014167670256413,0.2810784461314505,-0.7249883134302705,1
1.5936693481244428,1.4373506578504092,1.12252363252126,1.090263229965003,0.8041317456201127,1.159645216768088,0.8381467004446593,0.6014167670256413,1.1152474618469195,1.0970750866517047,1
1.4099991340709126,1.4373506578504092,-1.1839330414661757,1.090263229965003,1.2919626153428372,1.159645216768088,0.8381467004446593,0.6014167670256413,1.133636731368156,0.6197414755460864,1
0.9295129258125442,-0.06556468168733408,1.12252363252126,-1.1215044484222225,0.5184295276906044,1.0298517087450318,0.8381467004446593,0.6014167670256413,1.3114527140948273,1.5144010598943751,1
0.5361220877769335,-0.06556468168733408,-0.26955897727647304,1.090263229965003,-0.6423617949186828,-0.4406376340097196,-1.1931085566160113,0.6014167670256413,0.07747492800437346,1.0897140704657933,1
0.7528778683830637,1.4373506578504092,1.12252363252126,1.090263229965003,1.2947644960127682,0.43067156102974796,0.8381467004446593,0.6014167670256413,0.5374202843369149,0.7306147792307492,1
0.7839208784789949,1.4373506578504092,1.12252363252126,1.090263229965003,1.2947644960127682,1.159645216768088,0.8381467004446593,0.6014167670256413,1.6251621037792985,1.5144010598943751,1
0.27796942462347124,-0.06556468168733408,1.12252363252126,1.090263229965003,-0.7637127835911469,-0.5412933132880401,0.8381467004446593,0.6014167670256413,0.3965994712601363,0.6818464355986473,1
1.2466897292351953,1.4373506578504092,1.12252363252126,1.090263229965003,1.2947644960127682,1.159645216768088,0.8381467004446593,0.6014167670256413,1.9886642970875628,0.95023662228329,1
0.648495613633241,1.4373506578504092,1.12252363252126,1.090263229965003,1.2947644960127682,1.159645216768088,0.8381467004446593,0.6014167670256413,1.5995511996736822,1.5144010598943751,1
1.7725368273410105,-1.5684800212250773,1.12252363252126,1.9478949786956243,1.0093939565463945,1.1050978259494615,0.8381467004446593,0.6014167670256413,0.3221939249247137,1.5144010598943751,1
1.1851398209812545,1.4373506578504092,1.12252363252126,-1.1215044484222225,0.33117970743223496,0.15265408054215857,0.8381467004446593,0.6014167670256413,1.6667900502517536,1.019113612318242,1
1.219227341447355,-1.5684800212250773,-1.1839330414661757,-0.8845148023058271,0.7778462358387567,0.9687267393388567,0.8381467004446593,0.6014167670256413,0.3310062355744994,0.9065638575660873,1
0.7839208784789949,-0.06556468168733408,-0.030704704472457878,1.090263229965003,-1.0056944986675236,0.18768034245030202,0.8381467004446593,0.6014167670256413,0.3574299214250544,1.3475751073891007,1
1.2721328735824544,-0.06556468168733408,-0.030704704472457878,-0.015620609228609717,-0.06971767731866058,0.15748505834580329,0.8381467004446593,0.6014167670256413,0.02146913955207022,-0.8696429793322816,1
0.8933772417957686,-1.5684800212250773,-1.1839330414661757,0.1500102160649084,-0.2997919427633623,0.8802606315021926,0.8381467004446593,0.6014167670256413,0.8977362437462237,0.9432038329506224,1
0.8547528683387308,-0.06556468168733408,1.12252363252126,-1.1215044484222225,1.280864796836944,0.9441899084018777,0.8381467004446593,0.6014167670256413,-0.04915912239173009,-1.6080556156061874,1
0.69959176670585,-0.06556468168733408,1.12252363252126,-1.1215044484222225,1.1623780657874065,-0.6724249590173506,-1.1931085566160113,0.6014167670256413,0.9118950853525382,0.732353301418823,1
0.4758764458115976,1.4373506578504092,1.12252363252126,1.090263229965003,1.1738664397717073,1.159645216768088,0.8381467004446593,-1.6627404735414788,1.6109676894535347,0.946519969420168,1
0.2152957764067796,0.7763532786960311,1.12252363252126,1.090263229965003,0.6178776209949435,0.4014203375293911,-1.1931085566160113,-1.6627404735414788,0.3652629286397177,0.7440936365010639,1
-0.6718944220792533,-0.06556468168733408,1.12252363252126,-1.1215044484222225,0.5308635175950397,0.6352279294103536,0.8381467004446593,0.6014167670256413,-0.9777477409918889,1.3592048886691657,1
0.4548184481686895,-0.06556468168733408,-1.1839330414661757,-1.1215044484222225,1.2297195834757186,0.43067156102974796,0.8381467004446593,0.6014167670256413,0.09346126442958733,0.02995594577924566,1
1.6282666748810328,1.4373506578504092,1.12252363252126,1.090263229965003,1.195826352737516,0.916653998188642,0.8381467004446593,0.6014167670256413,0.0968194787686473,1.4250107022322243,1
0.8526674094201584,-0.06556468168733408,-0.030704704472457878,-0.015620609228609717,0.5882843915969638,0.3237708057514694,0.8381467004446593,0.6014167670256413,0.5455979314042066,1.0530726740671394,1
0.44486544462240446,-0.06556468168733408,1.12252363252126,2.008420974188382,0.9892543849749452,0.756159314885883,0.8381467004446593,-1.6627404735414788,1.340840469123333,1.5144010598943751,1
0.7458296028771005,-0.06556468168733408,-1.0433767684367754,1.090263229965003,-0.5600579833054808,-0.11454275409605996,-1.1931085566160113,0.6014167670256413,0.07747492800437346,1.1648457370588667,1
1.175739197326736,-0.06556468168733408,-0.030704704472457878,1.090263229965003,1.2947644960127682,1.159645216768088,0.8381467004446593,0.6014167670256413,1.2730407661056207,1.2353062998234343,1
0.6569898627052089,-0.06556468168733408,-0.030704704472457878,1.8967169941304711,0.9369758980117975,-0.8298982061738972,0.8381467004446593,0.6014167670256413,0.7829204803201276,1.453767157462021,1
1.4279111343938435,1.4373506578504092,1.12252363252126,2.1961470691586156,1.2947644960127682,0.7804388720343454,0.8381467004446593,0.6014167670256413,0.8332875019441068,1.3532295566649404,1
1.0414182071184628,-0.06556468168733408,1.12252363252126,1.090263229965003,0.9993196689470645,-0.38387656164921913,0.8381467004446593,0.6014167670256413,0.653050929275062,1.0728509248008677,1
-1.4282121082280397,-0.06556468168733408,-1.1839330414661757,1.090263229965003,0.3326739924135828,0.43067156102974796,0.8381467004446593,0.6014167670256413,0.9108459104990869,-0.7573566914621626,1
0.6276562825646116,-0.06556468168733408,-0.030704704472457878,-1.1215044484222225,1.087135754754524,0.673662779609194,0.8381467004446593,0.6014167670256413,1.2581019266904572,1.2904621225619106,1
0.6859491750840165,1.4373506578504092,1.12252363252126,-1.1215044484222225,1.06088721312082,0.7189854610039342,0.8381467004446593,0.6014167670256413,0.8806950428196331,-0.8056309922810173,1
-1.8725772520655304,0.8186776902007525,1.12252363252126,1.090263229965003,0.3928090833705594,-2.085115100133588,-0.3569452113631686,0.6014167670256413,1.166599567774853,0.6316881653879137,1
1.5317687954216892,1.4373506578504092,1.12252363252126,1.090263229965003,1.2947644960127682,1.159645216768088,0.8381467004446593,0.6014167670256413,1.2857298131713861,-0.7010021702208579,1
0.3568074904189372,-0.06556468168733408,1.12252363252126,1.090263229965003,1.2620479215796427,1.159645216768088,0.8381467004446593,0.6014167670256413,1.9193000086034417,0.7828530953732322,1
1.0964500703077644,-0.06556468168733408,1.12252363252126,1.090263229965003,1.2947644960127682,1.159645216768088,0.8381467004446593,0.6014167670256413,0.7772014958057176,0.49569582725027683,1
0.87699318410704,1.4373506578504092,1.12252363252126,1.090263229965003,1.2217084063904389,0.673662779609194,0.8381467004446593,0.6014167670256413,1.218401887836584,0.4066411230830608,1
1.6052071504145558,-0.06556468168733408,1.12252363252126,1.090263229965003,1.217751027313868,0.45895287837062954,0.8381467004446593,0.6014167670256413,0.7489802628201767,0.33743596484650007,1
0.16228342467535017,-1.5684800212250773,1.12252363252126,-0.015620609228609717,-0.17534360748513356,0.4324447413397375,0.8381467004446593,0.6014167670256413,1.0843829175683883,0.8417671728671938,1
-0.28768487075895166,1.093975441250995,-1.1839330414661757,-1.1215044484222225,-0.3558400522292826,-0.055310876129146085,-1.1931085566160113,-1.6627404735414788,-0.10898724924235997,-0.02758952782176552,1
0.8328659064553016,-0.06556468168733408,-0.030704704472457878,1.090263229965003,0.965208798274596,0.18768034245030202,0.8381467004446593,0.6014167670256413,0.9437332732999906,1.2904621225619106,1
1.1187875836799446,1.4373506578504092,1.12252363252126,1.090263229965003,1.2947644960127682,0.916653998188642,0.8381467004446593,0.6014167670256413,0.6804764988138252,1.0665231852294461,1
1.0964500703077644,1.4373506578504092,1.12252363252126,1.090263229965003,1.2947644960127682,0.916653998188642,0.8381467004446593,0.6014167670256413,0.6856297516939381,1.0665231852294461,1
0.853696105189189,-1.2766363571376846,-1.1839330414661757,0.875517140684575,-0.4224501303615262,-2.0534908126135925,-1.1931085566160113,0.6014167670256413,0.5813278960309005,1.1350070640666166,1
0.9204883078540247,-0.06556468168733408,1.12252363252126,1.1367288161636706,0.4567719504416147,0.9064443097817153,0.8381467004446593,-1.6627404735414788,0.7731640652712815,1.4071361784673628,1
0.9686853325635938,1.4373506578504092,1.12252363252126,1.090263229965003,1.2947644960127682,0.916653998188642,0.8381467004446593,0.6014167670256413,1.0017766854285093,0.9545537165632137,1
1.161837109812428,1.4373506578504092,1.12252363252126,1.090263229965003,1.2947644960127682,1.0579684657704034,-1.1931085566160113,0.6014167670256413,0.3183177786373021,1.037935824087477,1
1.2527146662221478,1.4373506578504092,1.12252363252126,1.090263229965003,1.2947644960127682,1.159645216768088,0.8381467004446593,0.6014167670256413,1.0184580469518285,1.04515135726696,1
1.0964500703077644,1.4373506578504092,1.12252363252126,1.090263229965003,1.2947644960127682,1.0853571203504715,0.8381467004446593,0.6014167670256413,0.8449095963652915,0.9545537165632137,1
1.1014776379954796,1.4373506578504092,-1.1839330414661757,1.090263229965003,0.6854198923595112,0.658027058775822,0.8381467004446593,0.6014167670256413,0.08056130348701776,1.1207066987569698,1
0.9208347045388081,-1.5684800212250773,-1.1839330414661757,-0.6216307773192477,-1.628905057507212,-1.3334602597887075,0.8381467004446593,-1.6627404735414788,-0.6872872454038245,-1.3860589270001065,1
0.5516340967793706,1.4373506578504092,-0.030704704472457878,1.090263229965003,0.9372875004346981,1.159645216768088,0.8381467004446593,-1.6627404735414788,1.2368369379381263,0.897057007381688,1
0.9348433068195899,-1.5684800212250773,1.12252363252126,1.090263229965003,1.2947644960127682,1.1513381539877106,0.8381467004446593,-1.6627404735414788,1.9698255562744207,1.074178913787322,1
0.6276562825646116,1.4373506578504092,1.12252363252126,1.090263229965003,0.5766468178199197,-0.5059684383924734,0.8381467004446593,0.6014167670256413,1.7036250191633946,1.1676409380850388,1
-1.1306202761965765,-1.5684800212250773,-0.17596470632640582,-0.15491712439253624,-1.7707487231796706,-0.57190035243985,0.8381467004446593,0.6014167670256413,0.7852298797995952,-1.0608967194289673,1
0.7839208784789949,1.4373506578504092,1.12252363252126,1.090263229965003,1.2947644960127682,1.1564418554344194,0.8381467004446593,0.6014167670256413,1.036768263455521,1.2904621225619106,1
-1.8514444549523026,-0.06556468168733408,-1.1839330414661757,-0.1651773189089043,-1.2312935688023727,-0.3311635633764465,0.8381467004446593,-1.6627404735414788,-0.07820372443665301,-0.6887310702477888,1
0.47139168665022824,1.4373506578504092,1.12252363252126,1.090263229965003,1.2947644960127682,1.159645216768088,0.8381467004446593,0.6014167670256413,1.3245562640908652,1.303129085582141,1
0.5214311760526534,-0.06556468168733408,-0.030704704472457878,-1.1215044484222225,1.2869089058932994,0.9322162647863177,0.8381467004446593,0.6014167670256413,0.37140668096086726,0.6329873821206073,1
-0.04664656546878018,-0.06556468168733408,1.12252363252126,1.090263229965003,1.2174566872382928,0.09783926433565449,0.8381467004446593,0.6014167670256413,0.6228202258919981,0.9898392300773491,1
0.7942184821077658,-1.5684800212250773,1.12252363252126,1.090263229965003,1.2947644960127682,1.0461559867850818,0.8381467004446593,0.6014167670256413,1.2797523972661118,1.1711140330372436,1
1.3719449055257875,1.4373506578504092,1.12252363252126,1.090263229965003,0.2135311884050795,0.3604454538850295,0.8381467004446593,0.6014167670256413,1.0644924902619235,-0.6395553561717321,1
1.0546803924517936,1.4373506578504092,1.12252363252126,1.090263229965003,1.2291911912933853,1.0946934286646957,0.8381467004446593,0.6014167670256413,0.07747492800437346,1.1784926538956784,1
-1.343391595603456,-1.5684800212250773,1.12252363252126,0.4117723728103311,-0.4781507549296614,0.24285302559717814,0.8381467004446593,0.6014167670256413,1.3616302518604584,-0.43992665039587886,1
0.6012886877109369,-0.06556468168733408,-0.030704704472457878,0.4906704729592846,0.9725963103529586,0.8961532124315962,0.8381467004446593,0.6014167670256413,1.1847089670374542,-1.396805125427664,1
-0.8407955101976231,-0.06556468168733408,-0.030704704472457878,-1.1215044484222225,-0.6181905764077432,-0.10526324004462714,0.8381467004446593,0.6014167670256413,0.27000182833902986,-0.4120977748217487,1
0.31672486320371934,-0.06556468168733408,0.742044692196556,-1.1215044484222225,0.31099068713684963,0.7563162083727468,-1.1931085566160113,0.6014167670256413,0.01221422942555822,0.806787577212511,1
-0.15366669700730792,-0.06556468168733408,-1.1839330414661757,0.91231346110743,-0.11368702004878309,0.1094800294551099,0.8381467004446593,0.6014167670256413,-0.37129941457091736,-0.6850876836858191,1
-0.08952634920623363,1.4373506578504092,1.12252363252126,1.090263229965003,1.2947644960127682,1.159645216768088,0.8381467004446593,0.6014167670256413,1.1326975970006357,1.112482160270014,1
-0.24417320458516964,-0.06556468168733408,-1.1839330414661757,-0.015620609228609717,-1.142304210058056,0.2899340738399813,0.8381467004446593,-1.6627404735414788,-0.8136696114656419,-0.37438742116526247,1
-0.2100778229881235,-0.06556468168733408,-0.08274377050508175,-1.1215044484222225,1.0328433843932037,0.8727943889044403,-1.1931085566160113,0.6014167670256413,1.3375426071142251,1.2753043613797252,1
0.7248633350058378,1.4373506578504092,1.12252363252126,1.090263229965003,1.2947644960127682,0.916653998188642,0.8381467004446593,0.6014167670256413,0.808654738039637,1.0665231852294461,1
0.5618792430271355,1.4373506578504092,1.12252363252126,-1.1215044484222225,0.8945552148188457,0.6352379619887587,0.8381467004446593,-1.6627404735414788,0.41077157501142847,1.3198878328423709,1
0.7839208784789949,-0.06556468168733408,-1.1839330414661757,1.090263229965003,0.17531209360915245,0.26150112770997597,0.8381467004446593,0.6014167670256413,-0.672961188124883,0.652661659592979,1
0.679254170128065,-1.5684800212250773,-1.029445566803287,-1.1215044484222225,0.10868381824172488,0.28533428968538777,0.8381467004446593,-1.6627404735414788,-0.5426272977823479,0.3427350156031694,1
0.7561757215677841,1.4373506578504092,1.12252363252126,1.090263229965003,0.7032518158636699,1.159645216768088,0.8381467004446593,0.6014167670256413,0.3993278989680619,1.1983731038416892,1
0.20913458351560926,1.4373506578504092,1.12252363252126,1.090263229965003,-0.4619106572320967,-0.9448666534309754,0.8381467004446593,0.6014167670256413,0.5571215957299472,-0.6870145016189441,1
0.41024384206037257,1.4373506578504092,-0.030704704472457878,-0.8971241753115539,-0.3744527977025325,0.08907606945883283,-1.1931085566160113,0.6014167670256413,0.04132628612527353,-0.7022700684673046,1
1.2614874865228123,1.4373506578504092,1.12252363252126,1.090263229965003,1.2947644960127682,1.159645216768088,0.8381467004446593,0.6014167670256413,1.2286269305457505,1.4024315912281429,1
0.6203936078856199,1.4373506578504092,1.12252363252126,1.090263229965003,1.0551488779714921,1.0014155538904552,0.8381467004446593,-1.6627404735414788,1.9291363857548725,-0.5192912724828238,1
0.26781239515683214,-0.06556468168733408,1.12252363252126,-1.1215044484222225,1.1064608102484905,1.159645216768088,0.8381467004446593,0.6014167670256413,0.16665265690981879,0.5508397875913016,1
0.6366966556040748,1.4373506578504092,1.12252363252126,-0.015620609228609717,1.0565442628807595,-0.29830209470859204,0.8381467004446593,0.6014167670256413,0.4833914546660284,1.0632843013355926,1
1.4077665215347261,1.4373506578504092,1.12252363252126,1.090263229965003,1.2947644960127682,0.43067156102974796,0.8381467004446593,0.6014167670256413,0.943072399309156,1.0673921595484177,1
0.06475270439577327,1.4373506578504092,1.12252363252126,0.09434671016956005,1.1843032423188409,0.916653998188642,0.8381467004446593,0.6014167670256413,-0.7381937767658345,1.0776572500265602,1
-0.19163116421719995,-1.5684800212250773,-0.030704704472457878,-1.1215044484222225,-0.12445219206674857,-0.48225862218561333,0.8381467004446593,0.6014167670256413,0.17069901415209401,-0.5250947608542016,1
1.0804275246047976,-1.5684800212250773,1.12252363252126,0.5940170521386497,0.27576882854827967,-1.404220095907746,0.8381467004446593,0.6014167670256413,0.10084937774811817,1.0665231852294461,1
0.5849884468833333,-0.06556468168733408,1.12252363252126,1.090263229965003,1.2947644960127682,0.9498282092940863,0.8381467004446593,0.6014167670256413,1.3942922233993738,0.7153282235576126,1
0.714835915145339,1.4373506578504092,-0.030704704472457878,1.090263229965003,-0.6961729314926173,0.2835996274328021,0.8381467004446593,0.6014167670256413,-0.025019466888646535,1.308730355691116,1
0.7839208784789949,-0.06556468168733408,-0.030704704472457878,-0.015620609228609717,-0.10963192681081063,-0.5714699770875161,0.8381467004446593,0.6014167670256413,0.4827607888630694,0.8677592009882575,1
0.8145865393874512,-0.06556468168733408,-0.9522038866670466,-1.1215044484222225,0.7548379895970669,-0.34712863486438833,-1.1931085566160113,0.6014167670256413,-1.3036370908874604,-0.2990835398259277,1
0.8718953531963883,1.4373506578504092,1.12252363252126,1.090263229965003,1.2947644960127682,0.3244805222375269,0.8381467004446593,0.6014167670256413,1.7501962473256998,1.3393945665415385,1
0.8623515908270163,-0.06556468168733408,1.12252363252126,1.090263229965003,1.2947644960127682,1.159645216768088,0.8381467004446593,0.6014167670256413,1.5164149311810948,1.2904621225619106,1
1.4515842212016254,1.4373506578504092,1.12252363252126,1.090263229965003,1.2613221987922152,1.159645216768088,0.8381467004446593,0.6014167670256413,0.7489802628201767,0.8731123057795162,1
0.993070407554723,1.4373506578504092,1.12252363252126,-1.1215044484222225,0.7867766997097034,-0.7192390893754795,0.8381467004446593,0.6014167670256413,0.45440568714882823,0.14871607634323747,1
1.0122245057535058,-0.06556468168733408,-0.030704704472457878,1.090263229965003,0.3983183713432232,0.7856833682335713,0.8381467004446593,0.6014167670256413,1.435116436521073,1.4282409308851007,1
1.5567597720189525,-0.06556468168733408,1.12252363252126,-1.1215044484222225,0.8019119154019753,0.43506914149548737,0.8381467004446593,0.6014167670256413,0.7576607609417884,0.7285883901659738,1
-1.4234638912250848,-1.5684800212250773,-1.1839330414661757,-1.1215044484222225,-0.9244375075073936,-0.9966727153367121,-1.1931085566160113,0.6014167670256413,0.2902955222500065,-0.8896282417536913,1
-0.0652862887804605,-0.06556468168733408,-1.1839330414661757,-1.1215044484222225,-0.6037560310219805,-2.0626443954949565,-1.1931085566160113,0.6014167670256413,-0.6315097129204252,-0.9002856734320849,1
0.9300622164790225,-0.16292774410437616,-0.030704704472457878,1.090263229965003,-1.0357410683523456,0.41492990974776667,0.8381467004446593,0.6014167670256413,-1.2717503123644316,-0.7934356085724512,1
0.9401854743933811,1.4373506578504092,1.12252363252126,1.090263229965003,1.2832984327469577,1.159645216768088,0.8381467004446593,0.6014167670256413,0.8449095963652915,1.3919647073070125,1
0.4271163209267623,1.4373506578504092,1.12252363252126,1.090263229965003,0.15404522051454758,1.0907970876877802,0.8381467004446593,0.6014167670256413,1.5164149311810948,1.1467676867266865,1
0.22424676926217857,1.4373506578504092,1.12252363252126,1.090263229965003,1.1520934648035517,0.5323440123570327,0.8381467004446593,0.6014167670256413,0.3339593721867176,1.2721932445562198,1
1.302443295502283,1.4373506578504092,-1.1839330414661757,-1.1215044484222225,0.9713802321363412,0.18768034245030202,0.8381467004446593,0.6014167670256413,0.9016199006422068,0.6211813910415075,1
0.6385493707237885,-0.06556468168733408,-0.030704704472457878,1.090263229965003,0.5302884261640699,0.5436978022249159,0.8381467004446593,0.6014167670256413,-0.22593645336035195,-1.0765073353356664,1
0.6276562825646116,1.4373506578504092,1.12252363252126,1.090263229965003,1.2947644960127682,0.916653998188642,0.8381467004446593,0.6014167670256413,0.5671161955283975,1.313793672727175,1
1.7942369808915115,1.4373506578504092,-1.1839330414661757,1.2618297154409606,0.4551863370778547,1.159645216768088,0.8381467004446593,0.6014167670256413,1.3758382539627405,0.9892955358010886,1
0.49900979333431494,-0.06556468168733408,-0.030704704472457878,-1.1215044484222225,0.024825557723569286,-0.29830209470859204,0.8381467004446593,0.6014167670256413,1.2230484894003004,1.0269443578835666,1
1.0469685520279892,-0.06556468168733408,1.12252363252126,1.090263229965003,1.2947644960127682,1.159645216768088,0.8381467004446593,0.6014167670256413,1.6123442647262096,1.143037282330769,1
1.313837093676796,1.4373506578504092,1.12252363252126,1.090263229965003,1.2947644960127682,0.43067156102974796,0.8381467004446593,0.6014167670256413,1.116059518277973,1.1346961324530542,1
-1.8383849989443026,-0.06556468168733408,-1.1839330414661757,-1.1215044484222225,-1.1315604203639424,0.8103161907884785,0.8381467004446593,0.6014167670256413,-1.1725524151024922,-0.8509271019233189,1
0.11882189861553624,-0.06556468168733408,1.12252363252126,-1.1215044484222225,-1.3167052679803606,-1.0978956451965562,0.8381467004446593,0.6014167670256413,0.4890719505042791,-0.24456904842783314,1
0.03348068391079512,1.4373506578504092,1.12252363252126,1.090263229965003,1.2947644960127682,0.916653998188642,0.8381467004446593,0.6014167670256413,0.9597975748042691,1.470143702588765,1
0.47139168665022824,-1.5684800212250773,-1.1839330414661757,2.1212720671458425,1.2864597973474976,1.1431932465561994,0.8381467004446593,0.6014167670256413,1.074242649844877,0.8577462638241995,1
-1.8725772520655304,-1.5684800212250773,1.12252363252126,1.090263229965003,0.9892898686594263,0.9175817935293047,0.8381467004446593,0.6014167670256413,1.1808454037014926,1.1789201786100794,1
1.2224318820428228,-1.5684800212250773,1.12252363252126,1.090263229965003,0.9981003551560291,0.9637436833899158,0.8381467004446593,0.6014167670256413,-1.1294480050004498,-0.024521363268707796,1
0.5601353793352672,-1.5684800212250773,-1.1839330414661757,-0.5435302646451999,0.06818262003112939,0.8116590922134416,0.8381467004446593,0.6014167670256413,-1.224085308090106,0.9646916685630019,1
0.8565947990700284,1.4373506578504092,1.12252363252126,1.090263229965003,1.2947644960127682,0.13117642222439085,0.8381467004446593,0.6014167670256413,1.7818960211319865,1.3503579898672289,1
0.6821238546859791,1.4373506578504092,1.12252363252126,1.090263229965003,1.2947644960127682,1.159645216768088,0.8381467004446593,0.6014167670256413,0.11091204703219235,0.6915867122890176,1
-0.7324301662737287,-1.5684800212250773,1.12252363252126,1.5612979245720315,-0.4928638959971791,0.1516860802948114,0.8381467004446593,0.6014167670256413,1.7633432657929011,0.9234480196217238,1
0.9401854743933811,-0.06556468168733408,1.12252363252126,1.090263229965003,1.2947644960127682,1.159645216768088,0.8381467004446593,0.6014167670256413,1.6242275318886799,1.4163018336350177,1
-1.2047903045950596,-1.1575269603918934,1.12252363252126,-1.1215044484222225,0.49269468238379605,-0.29830209470859204,-1.1931085566160113,0.6014167670256413,1.036019062908293,1.1478760285557532,1
0.9628713324695876,-1.5684800212250773,1.12252363252126,1.090263229965003,0.21705360040715638,1.159645216768088,0.8381467004446593,-1.6627404735414788,0.6669775595102431,1.0186660867826511,1
0.7905563323504483,-1.5684800212250773,1.12252363252126,-0.015620609228609717,1.2947644960127682,1.159645216768088,0.8381467004446593,0.6014167670256413,1.2252323960814486,1.0673156106665693,1
1.7996949407800127,-0.06556468168733408,1.12252363252126,1.090263229965003,1.2947644960127682,1.159645216768088,0.8381467004446593,0.6014167670256413,-0.09041803870898413,1.2624115128592033,1
1.0964500703077644,1.4373506578504092,1.12252363252126,1.090263229965003,1.2947644960127682,1.159645216768088,0.8381467004446593,0.6014167670256413,1.2774341553764401,1.2904621225619106,1
1.3952863232001307,1.4373506578504092,1.12252363252126,1.090263229965003,1.2947644960127682,1.159645216768088,0.8381467004446593,0.6014167670256413,1.4288915612437734,1.4122430977195297,1
1.0011001552962013,1.4373506578504092,1.12252363252126,1.090263229965003,0.6305368404785334,0.2854953917652236,0.8381467004446593,0.6014167670256413,0.7103643303337315,-0.3890799074315736,1
-0.18909429046897797,-1.5684800212250773,-1.1839330414661757,1.090263229965003,0.4500614340718658,0.916653998188642,-1.1931085566160113,0.6014167670256413,0.716357274132317,-0.5580175670630224,1
0.15886249482146017,-0.06556468168733408,-0.030704704472457878,-1.1215044484222225,-0.5891860952605628,-1.513258187605826,0.8381467004446593,0.6014167670256413,1.428195326025346,-1.1728661880951996,1
0.31503374768162595,1.4373506578504092,1.12252363252126,1.090263229965003,1.2947644960127682,1.159645216768088,0.8381467004446593,0.6014167670256413,1.6124588695339064,0.5067427257123912,1
-0.29423103517563887,-0.06556468168733408,1.12252363252126,-1.1215044484222225,0.411509691195336,-0.492465557526717,0.8381467004446593,0.6014167670256413,0.8641860710299754,0.7418646052547551,1
1.1993131394585252,-1.5684800212250773,-1.1839330414661757,1.090263229965003,0.07413789498167056,0.5255085165859236,0.8381467004446593,0.6014167670256413,0.4775836041991572,1.3778631701028632,1
1.4089792621365311,1.4373506578504092,1.12252363252126,1.090263229965003,1.2947644960127682,1.159645216768088,0.8381467004446593,0.6014167670256413,1.1326975970006357,0.762464101233281,1
0.33987416873110865,-1.5684800212250773,1.12252363252126,2.1961470691586156,0.8590774782025632,1.0189087723961663,0.8381467004446593,0.6014167670256413,0.8978666048582018,0.8278910408406722,1
0.7444810082801153,1.4373506578504092,1.12252363252126,1.090263229965003,1.2947644960127682,0.6123338390122356,0.8381467004446593,0.6014167670256413,1.0600623252461057,0.5631961468924275,1
0.7023346122501295,1.4373506578504092,1.12252363252126,1.090263229965003,1.2947644960127682,1.159645216768088,0.8381467004446593,0.6014167670256413,1.0868532881533577,1.1784926538956784,1
1.1524132451298912,-1.5684800212250773,1.12252363252126,1.090263229965003,0.9926814573580331,1.159645216768088,0.8381467004446593,0.6014167670256413,1.1326975970006357,0.9345038552589225,1
0.6436861705691439,1.4373506578504092,1.12252363252126,1.090263229965003,1.2947644960127682,0.8917275457371379,0.8381467004446593,0.6014167670256413,1.2187863363658626,0.8081261923378691,1
0.6542587022778004,1.4373506578504092,1.12252363252126,1.090263229965003,1.2947644960127682,0.17217547779673564,-1.1931085566160113,0.6014167670256413,-0.008244526643323896,1.1856372390669072,1
-1.5271684166569897,-0.06556468168733408,1.12252363252126,-1.1215044484222225,0.5168426644237256,0.5138213219853226,0.8381467004446593,0.6014167670256413,-1.1494219109005774,1.0900826882635133,1
1.0661365466437065,1.4373506578504092,1.12252363252126,1.090263229965003,0.8169505905681486,-0.5412933132880401,0.8381467004446593,0.6014167670256413,1.5736841883680104,1.0213988416272073,1
1.4047784975594793,1.4373506578504092,1.12252363252126,-0.015620609228609717,0.31514766736119515,0.43393765242290805,0.8381467004446593,0.6014167670256413,0.751559071819736,0.8440892509174421,1
0.9441015698983184,-1.5684800212250773,1.12252363252126,-1.1215044484222225,0.9360116223850301,0.6858418251985041,0.8381467004446593,0.6014167670256413,0.6554549826672551,0.7390328690168891,1
0.20973243300814084,-0.06556468168733408,1.12252363252126,1.090263229965003,-0.47419827341762805,0.7204880764502191,-1.1931085566160113,0.6014167670256413,1.2378698973189366,1.0665231852294461,1
0.0025978989070768233,-1.5684800212250773,-0.030704704472457878,1.090263229965003,0.4495148452025806,0.4420124660342786,0.8381467004446593,0.6014167670256413,-0.5985076281087393,0.851293994110412,1
-1.7160941869537152,-0.06556468168733408,-0.030704704472457878,-1.1215044484222225,-1.3218291827413524,0.21471711332392387,-1.1931085566160113,0.6014167670256413,0.2479861618311204,-0.5259662672255428,1
1.8155068469803453,1.4373506578504092,1.12252363252126,1.090263229965003,1.2947644960127682,1.159645216768088,0.8381467004446593,0.6014167670256413,-0.17135289957431257,1.2231087335246342,1
1.3203092107874275,1.4373506578504092,1.12252363252126,2.1961470691586156,1.2947644960127682,1.159645216768088,0.8381467004446593,0.6014167670256413,0.4663674826064967,0.22826230967449385,1
1.3455366737790573,-1.5684800212250773,-1.1839330414661757,1.090263229965003,1.2372789112425047,0.7723159119109166,0.8381467004446593,0.6014167670256413,0.023628994969292716,1.4024315912281429,1
0.13614230722641493,-0.06556468168733408,-0.030704704472457878,-0.015620609228609717,0.9736206501068388,-0.07297580540429086,0.8381467004446593,0.6014167670256413,0.39491475568861456,1.1866325889786324,1
0.7839208784789949,-0.4742547851756531,-0.3443038780204424,-1.1215044484222225,0.3694479197494964,0.8953372982700805,0.8381467004446593,-1.6627404735414788,-0.4543441651702305,-0.20639171788600924,1
0.47139168665022824,-1.5684800212250773,1.12252363252126,1.9918003126324606,-0.822423077585928,0.52047207283984,0.8381467004446593,0.6014167670256413,0.2797599969581213,0.751304653647022,1
0.5225654773936456,-0.06556468168733408,-0.030704704472457878,-1.1215044484222225,0.379060246177485,0.8203106525218837,0.8381467004446593,0.6014167670256413,0.48105174435548753,-0.7771096906016467,1
0.6276562825646116,1.4373506578504092,1.12252363252126,1.090263229965003,1.2947644960127682,1.159645216768088,0.8381467004446593,0.6014167670256413,0.48687779459834163,1.5144010598943751,1
0.3296235283454354,1.4373506578504092,1.12252363252126,1.090263229965003,1.2947644960127682,1.159645216768088,0.8381467004446593,0.6014167670256413,0.5660208194506439,1.412818834782584,1
0.6276562825646116,-0.06556468168733408,1.12252363252126,1.090263229965003,1.2875450011186906,1.159645216768088,0.8381467004446593,0.6014167670256413,0.4668385329090511,0.8425842478969815,1
0.7982555237305508,-0.06556468168733408,1.12252363252126,1.090263229965003,1.2947644960127682,1.159645216768088,0.8381467004446593,0.6014167670256413,1.7693511587772384,-0.22615986335724145,1
1.3037826659969425,1.4373506578504092,1.12252363252126,-1.1215044484222225,0.8466193960599847,0.9960646633049491,0.8381467004446593,0.6014167670256413,1.8355530860545892,0.9168650548854927,1
0.02295876788811496,-0.06556468168733408,1.12252363252126,-0.015620609228609717,-0.6155068221798676,0.7095965747055144,0.8381467004446593,0.6014167670256413,0.6405515874995228,-0.5818713533215369,1
0.7839208784789949,-0.06556468168733408,1.12252363252126,1.090263229965003,0.5024990567277733,0.5554773489809132,0.8381467004446593,0.6014167670256413,1.4723706929091698,0.5580846214119783,1
0.9158119987968215,1.4373506578504092,1.12252363252126,1.090263229965003,1.2947644960127682,1.159645216768088,0.8381467004446593,0.6014167670256413,1.9810989564957344,1.2555330959820017,1
0.8176414676127258,1.4373506578504092,1.12252363252126,1.090263229965003,0.6550049499301207,1.0023388161043447,0.8381467004446593,-1.6627404735414788,0.7414058684920978,0.8909083922922325,1
1.0667112068826572,1.4373506578504092,1.12252363252126,1.090263229965003,1.2947644960127682,0.3844276718074331,0.8381467004446593,0.6014167670256413,1.342812666522052,1.2904621225619106,1
0.022837485400882485,-0.06556468168733408,0.019084489164383323,-1.1215044484222225,0.7723580609599399,0.45165324600194096,-1.1931085566160113,0.6014167670256413,0.252767078264877,0.5260124099585877,1
0.00013798832856925592,-0.06556468168733408,1.12252363252126,-0.015620609228609717,1.170175428476972,1.1558200594087362,0.8381467004446593,0.6014167670256413,1.7989175277011566,0.9571976444359692,1
-0.32043230596433603,-0.06556468168733408,-0.030704704472457878,-1.1215044484222225,-0.8553842923981321,0.15502222254003178,-1.1931085566160113,0.6014167670256413,0.7618732047797412,-0.597970102034286,1
-0.5697709205114386,-0.06556468168733408,1.12252363252126,-1.1215044484222225,1.2435979134269453,-0.5010285575160557,-1.1931085566160113,0.6014167670256413,0.269333595094603,1.0665231852294461,1
0.47139168665022824,-1.5684800212250773,1.12252363252126,1.587940262911801,-0.6432478695345591,0.6979490232015286,0.8381467004446593,0.6014167670256413,0.48995580980289355,0.7921950198682284,1
1.4327191059916569,1.4373506578504092,1.12252363252126,1.090263229965003,1.2947644960127682,1.159645216768088,0.8381467004446593,0.6014167670256413,1.4872676072314646,0.8255737556154533,1
0.6276562825646116,1.4373506578504092,1.12252363252126,1.090263229965003,1.2947644960127682,1.159645216768088,0.8381467004446593,0.6014167670256413,1.9067877421516857,1.0587548606474657,1
0.6812070465513473,1.1080583386626346,1.12252363252126,1.090263229965003,0.9536646333420984,0.8101740923638734,0.8381467004446593,-1.6627404735414788,1.9960615989066686,-0.8753289214782652,1
0.9055598568430687,1.4373506578504092,1.12252363252126,-0.015620609228609717,0.5183995564541698,1.159645216768088,0.8381467004446593,0.6014167670256413,0.9408389299104063,1.2904621225619106,1
-1.5395560441921297,-1.5684800212250773,-1.1839330414661757,-1.1215044484222225,-1.5927345618231357,-1.4495280775230155,-1.1931085566160113,0.6014167670256413,-1.3614650751723478,-0.9269022987735347,1
0.5552652304262767,-0.06556468168733408,1.12252363252126,1.090263229965003,0.8401839711457125,1.029221978609363,-1.1931085566160113,0.6014167670256413,-0.21950828749481177,1.462530144434037,1
-0.15778316104051338,-0.06556468168733408,1.12252363252126,-1.1215044484222225,0.9203275862653859,0.20048253357765233,0.8381467004446593,0.6014167670256413,0.1961477809027633,-0.3949791104837378,1
0.6276562825646116,-0.06556468168733408,1.12252363252126,1.090263229965003,0.31349899522745717,1.0385702454742933,0.8381467004446593,0.6014167670256413,0.9411710532097506,-0.836570125182971,1
1.0813679471483058,-0.06556468168733408,1.12252363252126,1.090263229965003,-0.38693448689065846,0.43067156102974796,0.8381467004446593,0.6014167670256413,1.233256315771067,0.9437468072524924,1
1.3004980137002382,1.4373506578504092,1.12252363252126,1.090263229965003,0.8041317456201127,1.159645216768088,0.8381467004446593,0.6014167670256413,1.2952225263282866,0.7819726315668004,1
0.9596131088245848,1.4373506578504092,1.12252363252126,1.090263229965003,1.2947644960127682,0.9317589697816339,0.8381467004446593,-1.6627404735414788,1.294740168953669,0.6256056264696486,1
1.0964500703077644,1.4373506578504092,1.12252363252126,1.090263229965003,0.9998191582261945,1.0149711373277348,0.8381467004446593,0.6014167670256413,0.8837237464766128,1.2237968335880363,1
1.4016284881859362,1.4373506578504092,1.12252363252126,1.090263229965003,1.2947644960127682,1.159645216768088,0.8381467004446593,0.6014167670256413,0.5616341652086263,1.055988972425611,1
0.8154916173280882,1.4373506578504092,1.12252363252126,1.3136892061454462,0.6319113448321316,1.0614603111020897,0.8381467004446593,-1.6627404735414788,0.8449095963652915,0.9104491183812096,1
1.4089792621365311,1.4373506578504092,1.12252363252126,1.090263229965003,1.2947644960127682,1.159645216768088,0.8381467004446593,0.6014167670256413,1.2033456028103733,0.760123342764924,1
-0.30993129292169125,1.4373506578504092,-0.030704704472457878,-1.1215044484222225,-0.3683521881233234,0.16418444401652332,0.8381467004446593,0.6014167670256413,1.0532849868952268,1.0063126387022434,1
0.6021515822737803,1.4373506578504092,1.12252363252126,-1.1215044484222225,1.2947644960127682,1.159645216768088,0.8381467004446593,0.6014167670256413,0.653050929275062,1.149920537148895,1
0.7839208784789949,1.4373506578504092,1.12252363252126,1.090263229965003,1.2947644960127682,1.159645216768088,0.8381467004446593,0.6014167670256413,0.597169844542211,1.1784926538956784,1
0.8447375177772919,-0.06556468168733408,1.12252363252126,1.090263229965003,0.6983800910275668,0.7478734962252883,0.8381467004446593,-1.6627404735414788,0.0694374692583436,1.4024315912281429,1
0.7883330317267871,-1.5684800212250773,1.12252363252126,-1.1215044484222225,0.8041317456201127,-0.7499800725634838,0.8381467004446593,0.6014167670256413,-0.2048959156853053,0.6123223625936286,1
0.16945724524885844,-0.06556468168733408,-0.05676769151644627,-0.015620609228609717,0.17975249614175667,-0.5412933132880401,0.8381467004446593,0.6014167670256413,-0.7837210687485408,0.38711483550038933,1
1.2830964878500721,-1.5684800212250773,1.12252363252126,1.090263229965003,1.195954187423959,1.0617714516230154,0.8381467004446593,0.6014167670256413,0.24934559076051172,0.03390737666833543,1
0.7000906535007603,1.4373506578504092,1.12252363252126,2.1961470691586156,1.0434847533850373,1.159645216768088,0.8381467004446593,0.6014167670256413,0.7021815635924302,0.5694652084356446,1
0.8530004172548895,-0.06556468168733408,-1.1839330414661757,1.090263229965003,0.9410016620803803,1.159645216768088,0.8381467004446593,0.6014167670256413,1.2784440646028832,-0.49240051886466607,1
0.909208271251235,-1.5684800212250773,0.6619105566074206,1.090263229965003,0.5838519886302886,-0.3960702328616132,0.8381467004446593,-1.6627404735414788,1.0557848707370945,0.8422549796836364,1
0.6993387672409247,-1.5684800212250773,1.12252363252126,1.090263229965003,1.2002395000741757,1.159645216768088,0.8381467004446593,0.6014167670256413,0.7789018137807053,0.9545537165632137,1
-0.1964577808308397,-0.06556468168733408,1.12252363252126,-1.1215044484222225,0.12026481383603244,1.056468119610868,0.8381467004446593,0.6014167670256413,0.653050929275062,1.1953748612628692,1
0.8425285742953945,1.4373506578504092,1.12252363252126,-1.1215044484222225,0.5281641240790653,0.7040762054003044,0.8381467004446593,0.6014167670256413,0.677022860474705,0.9545537165632137,1
1.0964500703077644,1.4373506578504092,1.12252363252126,1.090263229965003,1.2947644960127682,1.159645216768088,0.8381467004446593,0.6014167670256413,0.4342760500656371,1.5144010598943751,1
0.8834741011960664,-0.06556468168733408,1.12252363252126,1.090263229965003,1.2947644960127682,1.159645216768088,0.8381467004446593,0.6014167670256413,1.6997592309881218,-0.0025976303981642967,1
0.9401854743933811,-0.06556468168733408,1.12252363252126,0.6618848035727364,0.40852547002564743,0.8225282029169568,0.8381467004446593,0.6014167670256413,-0.34340187581702003,-0.9418524319356737,1
0.7413199520720403,1.4373506578504092,1.12252363252126,1.090263229965003,1.2947644960127682,1.159645216768088,0.8381467004446593,0.6014167670256413,0.7228279635440008,1.1479674855645905,1
0.746749559921633,-0.06556468168733408,1.12252363252126,-1.1215044484222225,0.597718331035354,0.6929298949776403,0.8381467004446593,0.6014167670256413,1.6199506364602876,0.766127645632225,1
-1.5600480602367621,-0.06556468168733408,-0.030704704472457878,-0.7447212738115523,1.12760212442435,0.9994429851455713,0.8381467004446593,0.6014167670256413,-1.2307296125480995,0.9951797027479927,1
-0.009190916682029765,-0.06556468168733408,-1.1404324771912082,-1.1215044484222225,-0.9130828807541818,0.42150576551207725,-1.1931085566160113,0.6014167670256413,0.2874261965589945,-1.2594942655782426,1
0.7839208784789949,-0.06556468168733408,-0.030704704472457878,1.1227276868682288,1.1613040035866073,-0.08384399204550474,0.8381467004446593,0.6014167670256413,0.653050929275062,0.9709886614514698,1
1.5358330770152746,-0.06556468168733408,1.12252363252126,2.1961470691586156,1.2485931534054568,0.4764052826152756,0.8381467004446593,0.6014167670256413,0.9408389299104063,1.360283726494614,1
-1.397043103630106,-1.5684800212250773,-1.1839330414661757,-1.1215044484222225,-0.9503608932745999,-1.0377570014858928,-1.1931085566160113,0.6014167670256413,0.2943503891424279,-0.8564981352185264,1
1.2671961194792507,1.4373506578504092,1.12252363252126,1.090263229965003,1.2777139081949398,0.44193088036934014,0.8381467004446593,0.6014167670256413,0.566011620700669,0.8373959945462318,1
0.0031125062192640628,-1.5684800212250773,-0.030704704472457878,-0.015620609228609717,-1.4029077603701166,-0.7840177939943579,0.8381467004446593,0.6014167670256413,-1.1696064080821185,0.955045363925648,1
1.4089792621365311,1.4373506578504092,1.12252363252126,1.090263229965003,1.2947644960127682,1.159645216768088,0.8381467004446593,0.6014167670256413,1.9605829653819216,1.493695590576684,1
0.7791952427808957,1.4373506578504092,1.12252363252126,1.090263229965003,0.06076394779016164,-0.8283746715484979,0.8381467004446593,0.6014167670256413,0.8594147080459962,0.947781524626452,1
-0.3561760539648693,-0.06556468168733408,1.12252363252126,1.090263229965003,0.4145674659319988,0.5589820730182296,0.8381467004446593,-1.6627404735414788,1.3191754188250275,0.4672591641115104,1
0.7873336793850733,-0.06556468168733408,1.12252363252126,1.090263229965003,0.9348264555922048,0.9219608986166272,0.8381467004446593,0.6014167670256413,0.3694530999901319,0.39959717401621186,1
0.28274067920322393,-0.06556468168733408,1.12252363252126,1.090263229965003,0.1306238668779184,-1.2932441566721806,0.8381467004446593,0.6014167670256413,0.9499099832204341,1.1552865702009414,1
-1.0092113932310642,1.4373506578504092,1.12252363252126,1.090263229965003,1.2947644960127682,0.6311372604385023,0.8381467004446593,0.6014167670256413,1.4156842610798457,0.9741493209399259,1
-0.7130469292935573,-1.5684800212250773,-0.39505545610134657,-1.1215044484222225,-0.9582358572658238,-0.7075139303407886,-1.1931085566160113,0.6014167670256413,-1.3614650751723478,-0.30664342458918203,1
1.2354485857714828,-0.06556468168733408,1.12252363252126,-1.1215044484222225,1.2812116747699898,1.159645216768088,0.8381467004446593,0.6014167670256413,0.9408389299104063,1.4649138720205814,1
1.835190210777594,1.4373506578504092,1.12252363252126,1.090263229965003,1.2947644960127682,1.159645216768088,0.8381467004446593,0.6014167670256413,0.24319239944104332,1.0665231852294461,1
-1.6366963726953276,1.4373506578504092,1.12252363252126,1.090263229965003,0.6658500750204907,1.159645216768088,0.8381467004446593,0.6014167670256413,0.9408389299104063,1.1357066045178696,1
1.0235185765056283,-1.5684800212250773,1.12252363252126,1.090263229965003,1.2457059398557744,-0.08770658916921761,0.8381467004446593,0.6014167670256413,0.7361909152058028,1.1784926538956784,1
1.7040955607654165,1.4373506578504092,1.12252363252126,1.090263229965003,1.2947644960127682,1.159645216768088,0.8381467004446593,0.6014167670256413,0.7703594783741889,1.1784926538956784,1
0.6276562825646116,-0.06556468168733408,1.12252363252126,1.090263229965003,1.2246344585742546,1.159645216768088,0.8381467004446593,0.6014167670256413,0.4749584636008305,0.8905349732302502,1
0.7831949740528643,-0.06556468168733408,0.3554904592968602,1.090263229965003,0.6809037672721127,1.0782718838005454,0.8381467004446593,0.6014167670256413,-1.170052033832525,-0.23961390325577842,1
1.250671505726223,-1.5684800212250773,1.12252363252126,-0.015620609228609717,0.9921284182991115,0.5505786145248808,0.8381467004446593,0.6014167670256413,0.5097840672530252,0.7873315142892693,1
1.2527146662221478,1.4373506578504092,1.12252363252126,1.090263229965003,1.2947644960127682,1.159645216768088,0.8381467004446593,0.6014167670256413,1.0495680505045089,1.0814631968187278,1
0.4154158639140531,-0.06556468168733408,1.12252363252126,1.090263229965003,0.5295236300225785,-0.04080382235276095,0.8381467004446593,0.6014167670256413,0.6358694194829695,0.3545975879166718,1
1.2011919952354884,1.4373506578504092,1.12252363252126,-0.015620609228609717,1.2947644960127682,0.916653998188642,0.8381467004446593,0.6014167670256413,0.5992939590968647,1.477483125535129,1
0.41079666842310575,1.4373506578504092,1.12252363252126,1.090263229965003,1.2947644960127682,1.159645216768088,0.8381467004446593,0.6014167670256413,0.7861789621203481,1.2904621225619106,1
-0.45959020612607726,-0.06556468168733408,-1.1839330414661757,-1.1215044484222225,-0.4431903643042372,-0.5104778323687841,0.8381467004446593,0.6014167670256413,-1.1777167383366796,-1.6696289663969037,1
-0.49221094841051627,-0.06556468168733408,-0.030704704472457878,1.090263229965003,0.43275381001961494,0.15396919272579915,0.8381467004446593,0.6014167670256413,-1.252227079096065,-1.1666525980817872,1
1.406972035193918,-0.06556468168733408,1.12252363252126,1.090263229965003,1.1736818592771556,0.6705415446429684,0.8381467004446593,0.6014167670256413,0.5583538130582035,0.9559919702696392,1
0.5585857494825779,1.4373506578504092,1.12252363252126,-1.1215044484222225,1.0209963874081498,0.6454807172986574,-1.1931085566160113,0.6014167670256413,0.3652629286397177,1.1525202705208624,1
-0.15366669700730792,-0.06556468168733408,1.12252363252126,1.090263229965003,0.02078078661784788,-1.2106325212416493,0.8381467004446593,0.6014167670256413,0.5806643923205563,1.4319630507552426,1
1.5315834936521053,1.329438225322362,-1.1839330414661757,1.090263229965003,0.6726664462406089,1.159645216768088,0.8381467004446593,0.6014167670256413,1.4067097481768458,-0.7249883134302705,1
0.2423346208041346,1.4373506578504092,1.12252363252126,1.090263229965003,1.2947644960127682,1.159645216768088,0.8381467004446593,0.6014167670256413,1.7910906554051995,0.5066758418982846,1
1.3219059930227866,1.4373506578504092,1.12252363252126,-0.015620609228609717,0.34767260094807334,0.4983709642241773,0.8381467004446593,0.6014167670256413,0.8024337058524835,0.8737798863608583,1
-1.716312656151147,-0.06556468168733408,1.12252363252126,1.090263229965003,0.8813387472500761,1.1146248260360982,0.8381467004446593,0.6014167670256413,1.6086957149499475,0.9752989486702701,1
0.07873470473692848,-0.06556468168733408,-0.5925921970128689,-1.1215044484222225,0.2506035616808867,0.4244655863385427,0.8381467004446593,0.6014167670256413,-1.3614650751723478,0.5698098025778577,1
0.9050746381866206,-0.06556468168733408,-0.030704704472457878,1.090263229965003,0.9167952868277578,0.43067156102974796,0.8381467004446593,0.6014167670256413,1.4654898416812405,0.5752396945258991,1
1.2853768252643252,1.4373506578504092,1.12252363252126,1.090263229965003,1.2947644960127682,1.159645216768088,0.8381467004446593,0.6014167670256413,1.036768263455521,0.8425842478969815,1
0.9401854743933811,-0.06556468168733408,-0.030704704472457878,1.090263229965003,0.7987245755301027,0.44138340077698335,0.8381467004446593,0.6014167670256413,0.46542113783721906,1.5144010598943751,1
0.01568419652314923,-1.5684800212250773,1.12252363252126,-1.1215044484222225,1.0826806543071943,0.5419925834726681,0.8381467004446593,-1.6627404735414788,1.1506547661380782,0.8519610730332567,1
-0.4053065239206394,1.4373506578504092,1.12252363252126,1.090263229965003,-0.7728716381109378,1.159645216768088,0.8381467004446593,0.6014167670256413,1.4229664414233238,0.16787177562084554,1
1.0715466031820828,-0.06556468168733408,1.12252363252126,-1.1215044484222225,0.6773202804938571,0.8227486403175115,0.8381467004446593,0.6014167670256413,-1.0551408524266812,1.1568570304208632,1
0.18601578855231762,-0.06556468168733408,1.12252363252126,-1.1215044484222225,-0.49182411470080933,-0.25607876258720924,0.8381467004446593,0.6014167670256413,1.253630649615133,0.8620406055817895,1
0.6276562825646116,1.4373506578504092,1.12252363252126,1.090263229965003,1.2947644960127682,1.159645216768088,0.8381467004446593,0.6014167670256413,0.48043040061400466,1.2904621225619106,1
1.217254015164531,-1.5684800212250773,1.12252363252126,-1.1215044484222225,0.5309809197324635,0.43067156102974796,0.8381467004446593,0.6014167670256413,0.6264903630277465,-1.0100789352181994,1
1.0950457728789549,1.4373506578504092,1.12252363252126,1.090263229965003,1.2947644960127682,0.18549666199806858,0.8381467004446593,0.6014167670256413,1.3236941793962707,0.7296085472302563,1
1.1382152962740901,-0.06556468168733408,-1.1839330414661757,-0.015620609228609717,0.9166148600047017,-0.784284531867486,-1.1931085566160113,0.6014167670256413,0.7666617444964745,-0.876172533321356,1
0.6329337341202833,1.4373506578504092,1.12252363252126,1.090263229965003,1.2947644960127682,0.9084475687219874,0.8381467004446593,0.6014167670256413,0.4644320389723372,0.8463657407114134,1
-1.1071034551787604,1.4373506578504092,1.12252363252126,1.2024278242121704,0.5836966560623796,1.159645216768088,0.8381467004446593,0.6014167670256413,0.8824609643837473,0.8425842478969815,1
1.507935938883581,1.4373506578504092,-0.030704704472457878,1.090263229965003,1.2497812708685485,0.9612108635209289,0.8381467004446593,0.6014167670256413,0.653050929275062,1.1990242951864845,1
1.227328850190793,1.4373506578504092,1.12252363252126,-1.1215044484222225,1.2947644960127682,0.9561289050669233,0.8381467004446593,0.6014167670256413,1.3581491637396927,1.4780212732119602,1
-0.720652838294109,-0.06556468168733408,-1.1839330414661757,-0.015620609228609717,0.28274252653775855,-0.784284531867486,-1.1931085566160113,0.6014167670256413,-0.03033773602366799,-0.5429959710915522,1
0.9183378506953509,-0.06556468168733408,1.12252363252126,1.090263229965003,1.2947644960127682,-0.055310876129146085,0.8381467004446593,0.6014167670256413,0.3652629286397177,1.2210340252073046,1
0.23748471223264273,1.4373506578504092,1.12252363252126,1.090263229965003,1.1728754222620998,0.5529289943553907,0.8381467004446593,0.6014167670256413,0.3664659560161253,1.291164214045033,1
1.0187809527053497,1.4373506578504092,1.12252363252126,-1.1215044484222225,1.1721063084146044,0.673662779609194,0.8381467004446593,0.6014167670256413,1.660593273466856,0.8982370960602487,1
0.9939721980588123,1.4373506578504092,1.12252363252126,1.090263229965003,0.39793759762540204,0.7573010564074778,0.8381467004446593,0.6014167670256413,0.6860700819795368,1.1784926538956784,1
0.7839208784789949,1.4373506578504092,1.12252363252126,1.090263229965003,1.2947644960127682,0.673662779609194,0.8381467004446593,0.6014167670256413,0.653050929275062,1.3613883874531,1
1.2527146662221478,-0.06556468168733408,1.12252363252126,1.090263229965003,0.13183373291841718,1.159645216768088,0.8381467004446593,0.6014167670256413,0.653050929275062,1.2357491920046224,1
1.422840364688675,-0.06556468168733408,1.12252363252126,2.1961470691586156,1.0712083628880327,0.6521087853708223,0.8381467004446593,0.6014167670256413,0.9408389299104063,1.1983566580075509,1
-0.37240048029891076,-0.06556468168733408,-1.1839330414661757,-1.1215044484222225,-1.281201287514126,-0.29830209470859204,0.8381467004446593,0.6014167670256413,-1.2463048755390067,-0.6800954787088134,1
1.2386773994500062,-0.06556468168733408,1.12252363252126,1.090263229965003,1.2947644960127682,1.159645216768088,0.8381467004446593,0.6014167670256413,1.411868254479221,0.7607894702950772,1
0.4735726411296528,-1.5684800212250773,-0.030704704472457878,1.090263229965003,1.2947644960127682,1.159645216768088,0.8381467004446593,0.6014167670256413,-0.10835883761565179,1.1769299178656936,1
1.1260451137394898,1.4373506578504092,1.0788415143545511,-1.1215044484222225,1.2947644960127682,1.159645216768088,0.8381467004446593,0.6014167670256413,0.08474217309218493,1.5101598672316174,1
1.0227069920581522,-0.06556468168733408,1.12252363252126,-1.1215044484222225,0.933680473345444,0.2518407622147841,0.8381467004446593,0.6014167670256413,0.5317920124472113,0.6249353930447006,1
-0.09073580304924367,-0.06556468168733408,-1.1839330414661757,-1.1215044484222225,-0.7404717041325772,-0.6875286849861573,-1.1931085566160113,0.6014167670256413,-0.7858890739016593,-0.3222027945734093,1
0.12328331030792666,1.4373506578504092,1.12252363252126,1.090263229965003,-0.49774297027697667,0.28151316174457597,0.8381467004446593,-1.6627404735414788,1.4727314923510733,0.9113158951256486,1
1.3112542650327346,-0.06556468168733408,-0.030704704472457878,1.090263229965003,1.2947644960127682,1.159645216768088,0.8381467004446593,0.6014167670256413,1.2367430516880353,1.3324079499990293,1
1.9957869439298381,-1.4765085061108483,-1.1839330414661757,0.11972941289873154,-1.1508931383018346,-1.939760839192558,0.8381467004446593,-1.6627404735414788,-1.2303131342669698,-1.474514508349692,1
0.9401854743933811,-1.5684800212250773,1.12252363252126,1.090263229965003,1.2337306932009398,1.159645216768088,0.8381467004446593,0.6014167670256413,1.4677574349734106,1.1222383609167668,1
0.03965503968376744,1.4373506578504092,1.12252363252126,1.090263229965003,1.0140527267891748,1.159645216768088,0.8381467004446593,0.6014167670256413,0.7262312402601138,1.3435677968034283,1
0.9951670414493247,-1.5684800212250773,1.12252363252126,1.090263229965003,1.2152634888810225,1.159645216768088,0.8381467004446593,0.6014167670256413,1.679849575882327,1.1390962902237445,1
1.038669384510548,0.0733655067304344,-1.1839330414661757,1.090263229965003,0.38153047244653815,1.1371829962470779,0.8381467004446593,0.6014167670256413,-0.6028981587290547,-0.8473082915161628,1
1.21673263458531,1.4373506578504092,1.12252363252126,1.090263229965003,1.2665207933311164,1.159645216768088,0.8381467004446593,0.6014167670256413,0.6088728824907185,0.8425842478969815,1
1.0964500703077644,1.4373506578504092,1.12252363252126,1.090263229965003,1.2947644960127682,0.9510100465017088,0.8381467004446593,0.6014167670256413,1.7906396728757101,0.618645310564517,1
-0.8306729189654671,1.4373506578504092,1.12252363252126,1.090263229965003,1.2947644960127682,0.2687865453700994,0.8381467004446593,0.6014167670256413,0.8130193177124191,1.2903112623591864,1
1.9669978274237834,-1.407286804682722,-1.1839330414661757,0.22159963661259066,-1.1452437126713484,-1.8949938050432187,0.8381467004446593,-1.6627404735414788,-1.2038030913783204,-1.4487289004542274,1
0.6276562825646116,1.4373506578504092,1.12252363252126,1.090263229965003,0.7405637755650587,1.042584918975625,0.8381467004446593,0.6014167670256413,1.3707699355867846,1.0665231852294461,1
1.719193827919682,-0.06556468168733408,1.12252363252126,1.090263229965003,-0.6671608920809992,-0.05771036954431358,0.8381467004446593,0.6014167670256413,0.17577247268802826,0.5055701640703569,1
-0.43732616047776507,-0.06556468168733408,1.12252363252126,-0.015620609228609717,-0.813085671070822,0.3118122611592461,0.8381467004446593,0.6014167670256413,0.9251976329548015,0.9728103607475099,1
1.4058872726056808,-1.5684800212250773,1.12252363252126,1.090263229965003,1.2947644960127682,1.159645216768088,0.8381467004446593,0.6014167670256413,0.5552234530746175,1.2904621225619106,1
0.496654598079857,-1.5684800212250773,1.12252363252126,1.090263229965003,0.31349899522745717,1.159645216768088,0.8381467004446593,-1.6627404735414788,0.504840855322689,0.8606860754618602,1
1.0995755275869974,-1.5684800212250773,1.12252363252126,1.090263229965003,1.2947644960127682,1.159645216768088,0.8381467004446593,0.6014167670256413,0.5552029075455499,0.9612722401452246,1
0.905145399403107,-0.06556468168733408,1.12252363252126,-1.1215044484222225,1.2947644960127682,0.7281500450782491,0.8381467004446593,0.6014167670256413,-1.2126279386024335,0.020122234826581598,1
-0.12241486867220874,-1.5684800212250773,1.12252363252126,1.090263229965003,-0.6222075055216651,-0.13167930250172863,0.8381467004446593,0.6014167670256413,1.804202931816439,1.172094063557528,1
0.7435336499966307,1.4373506578504092,1.12252363252126,-0.015620609228609717,0.6814735580219489,1.159645216768088,0.8381467004446593,0.6014167670256413,0.4579482701438934,1.2200079030341129,1
0.5785633951764042,-0.06556468168733408,1.12252363252126,1.090263229965003,-0.03765091518471018,1.159645216768088,0.8381467004446593,0.6014167670256413,1.3377146004544522,1.2092096802048313,1
0.4320048554962928,1.4373506578504092,1.12252363252126,1.090263229965003,1.203022571284689,1.159645216768088,0.8381467004446593,0.6014167670256413,1.3003770669992787,0.9827758645868713,1
0.9089898130055956,1.4373506578504092,-1.1839330414661757,0.31604323924018846,-0.09126178787628396,0.017564230497738205,0.8381467004446593,0.6014167670256413,0.48996227474584386,-0.5906659783975854,1
0.523365809178603,1.4373506578504092,1.12252363252126,1.090263229965003,1.2947644960127682,1.159645216768088,0.8381467004446593,0.6014167670256413,0.5571215957299472,0.9917951329559855,1
0.9861646845455665,1.4373506578504092,1.12252363252126,1.090263229965003,1.2947644960127682,0.673662779609194,0.8381467004446593,0.6014167670256413,1.1326975970006357,0.36176053735471697,1
1.2527146662221478,-0.06556468168733408,-1.1839330414661757,1.090263229965003,0.27326442506179704,0.17173905483629784,0.8381467004446593,0.6014167670256413,1.216040162138213,1.149109904767038,1
-0.11796949488400912,1.4373506578504092,1.12252363252126,-1.1215044484222225,0.4747549838247358,0.872662990130049,0.8381467004446593,-1.6627404735414788,0.8010812577825781,0.776464065404034,1
0.6410370716075782,-1.5684800212250773,1.0237737845125743,1.090263229965003,1.1826094126081024,1.159645216768088,0.8381467004446593,0.6014167670256413,0.8366952585769493,0.9545537165632137,1
1.1256954025249364,1.4373506578504092,-0.030704704472457878,1.090263229965003,0.5588153704237849,0.8257011003600784,0.8381467004446593,0.6014167670256413,1.4446012177168912,0.8844950120104126,1
-0.9136501325671937,1.4373506578504092,1.12252363252126,-1.1215044484222225,-0.04610044658274772,1.159645216768088,0.8381467004446593,0.6014167670256413,0.11022528043149357,1.483819885820675,1
0.0025978989070768233,-1.5684800212250773,1.12252363252126,-0.38230607149479545,0.6408029445034789,-0.055310876129146085,0.8381467004446593,0.6014167670256413,0.8762120416714783,-0.9866437555597876,1
1.0964500703077644,1.4373506578504092,1.12252363252126,1.090263229965003,1.2947644960127682,1.159645216768088,0.8381467004446593,0.6014167670256413,0.04750489172087943,0.877565508733036,1
1.0736030186510737,1.4373506578504092,1.12252363252126,1.090263229965003,1.2947644960127682,0.43067156102974796,0.8381467004446593,0.6014167670256413,1.2286269305457505,1.1784926538956784,1
-1.8725772520655304,-0.06556468168733408,-0.5788149230516386,1.090263229965003,0.8745559406861443,0.6856746410986199,0.8381467004446593,0.6014167670256413,0.5666058056866129,-0.7194532913972683,1
1.5652438580509145,1.4373506578504092,1.12252363252126,1.090263229965003,1.2947644960127682,1.159645216768088,0.8381467004446593,0.6014167670256413,0.9408389299104063,1.1784926538956784,1
0.7839208784789949,1.4373506578504092,1.12252363252126,1.090263229965003,1.2947644960127682,1.159645216768088,0.8381467004446593,0.6014167670256413,1.3750350537031586,0.8720438669880747,1
1.252139639366186,1.4373506578504092,1.12252363252126,-1.1215044484222225,0.8059371898171122,0.6754511114527367,0.8381467004446593,0.6014167670256413,-0.018101402080551485,1.1797287390975901,1
0.5301949892889033,1.4373506578504092,1.12252363252126,1.090263229965003,1.2947644960127682,0.673662779609194,0.8381467004446593,0.6014167670256413,1.1687963793215552,1.5144010598943751,1
-1.4510226337411543,-0.06556468168733408,0.7738998865537026,-0.7871930598990307,-1.3523930462181593,-1.3889652086809863,0.8381467004446593,0.6014167670256413,-1.3324654030901908,-1.3056827292052264,1
0.6046045156479684,-1.5684800212250773,-0.6653892693842943,1.090263229965003,1.2272589934758156,1.159645216768088,0.8381467004446593,0.6014167670256413,-0.7762281000110746,1.4024315912281429,1
0.7928843205994409,-0.06556468168733408,-0.030704704472457878,1.0268289905805468,0.5377081024843989,0.4446097004449408,0.8381467004446593,0.6014167670256413,-0.11438373908585606,-1.26556772510153,1
1.0964500703077644,-0.06556468168733408,0.7023155270325894,2.1961470691586156,1.2167999419127717,1.0711051797830198,0.8381467004446593,0.6014167670256413,1.42048559763598,-0.317909365388549,1
1.2606407175197873,1.4373506578504092,1.12252363252126,1.090263229965003,1.2947644960127682,1.159645216768088,0.8381467004446593,0.6014167670256413,0.1831357149753627,-0.9907136993737249,1
0.7462537167851695,-0.06556468168733408,1.12252363252126,1.090263229965003,0.24997366185384184,1.159645216768088,0.8381467004446593,0.6014167670256413,0.5686833499989836,0.9545537165632137,1
1.5652438580509145,1.4373506578504092,1.12252363252126,1.090263229965003,1.2947644960127682,1.159645216768088,0.8381467004446593,0.6014167670256413,1.976593255346002,1.3018239240242044,1
0.47139168665022824,0.6493488806977157,-1.1839330414661757,1.090263229965003,0.8565133614185957,0.661845883538623,0.8381467004446593,0.6014167670256413,-0.6396625058244424,-0.7728052737464413,1
0.42899256546351394,-1.5684800212250773,1.12252363252126,1.090263229965003,0.44725075850108764,0.9386308553766516,0.8381467004446593,0.6014167670256413,0.8188811833742355,1.1886195096589476,1
-1.6468407781617784,1.4373506578504092,1.12252363252126,-1.1215044484222225,-0.40885432625917933,0.18768034245030202,0.8381467004446593,0.6014167670256413,0.7169652417918664,0.320105087596012,1
0.813431093586959,1.4373506578504092,1.12252363252126,1.090263229965003,1.2947644960127682,1.159645216768088,0.8381467004446593,0.6014167670256413,0.7308642253933052,0.9545537165632137,1
0.7839208784789949,1.4373506578504092,1.12252363252126,1.090263229965003,1.2947644960127682,1.159645216768088,0.8381467004446593,0.6014167670256413,1.1382659268364206,1.0665231852294461,1
0.7839208784789949,1.4373506578504092,1.12252363252126,1.090263229965003,1.2275823121882647,1.159645216768088,0.8381467004446593,0.6014167670256413,0.4002911222814032,0.27205082819317555,1
1.0964500703077644,1.4373506578504092,1.12252363252126,1.090263229965003,1.2947644960127682,0.916653998188642,0.8381467004446593,0.6014167670256413,0.8256134883846368,0.977076284771238,1
-0.6430378034616561,-0.06556468168733408,-1.1839330414661757,1.090263229965003,0.013836606210998803,0.5979986568432809,0.8381467004446593,0.6014167670256413,0.23946252027698917,0.8425842478969815,1
0.47139168665022824,-0.06556468168733408,-0.40788676327411666,-1.1215044484222225,1.1296828258493739,0.2671545672455765,0.8381467004446593,0.6014167670256413,0.5625323764445062,0.09752456914077809,1
-0.7637217556810557,1.4373506578504092,-0.030704704472457878,1.090263229965003,0.9238457592041803,0.17601526822404762,0.8381467004446593,0.6014167670256413,0.2716361943465858,-0.46611042188554763,1
0.7651923349299452,-0.06556468168733408,-1.1839330414661757,-1.1215044484222225,-0.41362967095559,1.130522358883534,-1.1931085566160113,0.6014167670256413,1.2033329302066476,0.8506360720141799,1
-0.33331968899137665,-0.06556468168733408,-0.030704704472457878,-1.1215044484222225,-0.32400148324904,0.22404926420341215,0.8381467004446593,0.6014167670256413,-0.16723933795949006,-1.3632877920156494,1
0.7839208784789949,1.4373506578504092,1.12252363252126,1.090263229965003,1.086254084869148,1.159645216768088,0.8381467004446593,0.6014167670256413,0.9552316568502038,1.2904621225619106,1
-0.15366669700730792,-0.06556468168733408,-0.030704704472457878,-1.1215044484222225,-1.1475027608876818,0.8734811343887036,-1.1931085566160113,0.6014167670256413,-0.9244284251644309,-1.1728661880951996,1
1.5652438580509145,1.4373506578504092,1.12252363252126,1.090263229965003,1.2947644960127682,1.159645216768088,0.8381467004446593,0.6014167670256413,1.099652714006138,0.5800750645897377,1
1.6734643600113583,-0.06556468168733408,1.12252363252126,1.090263229965003,1.219341122539034,1.159645216768088,0.8381467004446593,0.6014167670256413,1.1916852120366819,1.4455502541044218,1
1.4330750977719728,1.4373506578504092,1.12252363252126,1.884361162731847,0.29458523225759115,-0.29830209470859204,0.8381467004446593,0.6014167670256413,1.5459993349955967,1.0665231852294461,1
1.3938524036098925,-0.06556468168733408,1.12252363252126,1.090263229965003,1.1364853213303405,0.6971850225405404,0.8381467004446593,0.6014167670256413,0.5385491296047767,0.9545537165632137,1
1.5583224593112424,-0.06556468168733408,1.12252363252126,1.090263229965003,1.2947644960127682,0.916653998188642,0.8381467004446593,0.6014167670256413,0.9429634199921537,0.618645310564517,1
-0.8953043583138492,-1.5684800212250773,-1.1839330414661757,-1.1215044484222225,-0.9164906902195111,-0.8903524881616771,-1.1931085566160113,0.6014167670256413,0.886783654272727,-0.6303477024500344,1
-1.2953560420188732,-0.06556468168733408,-0.030704704472457878,-0.9522327176779302,0.7002481914588918,1.159645216768088,0.8381467004446593,0.6014167670256413,0.1596954608825616,1.3852930228903757,1
0.9401854743933811,1.4373506578504092,1.12252363252126,1.090263229965003,1.2947644960127682,0.9745996714562266,0.8381467004446593,0.6014167670256413,1.036768263455521,0.9812548717951146,1
0.15886249482146017,1.4373506578504092,1.12252363252126,1.090263229965003,1.2947644960127682,0.43067156102974796,0.8381467004446593,0.6014167670256413,0.9384499232866467,0.9272584662023736,1
0.9940341872863669,1.4373506578504092,1.12252363252126,1.090263229965003,1.2947644960127682,0.5144062309864056,0.8381467004446593,0.6014167670256413,0.4611922621848325,1.5144010598943751,1
0.02479150156987714,-0.06556468168733408,-0.030704704472457878,1.090263229965003,0.8738142495286594,1.159645216768088,0.8381467004446593,0.6014167670256413,0.41976068611189643,1.2745595703337351,1
1.4089792621365311,1.4373506578504092,1.12252363252126,1.090263229965003,1.2947644960127682,0.916653998188642,0.8381467004446593,0.6014167670256413,1.1451247510201172,1.5144010598943751,1
0.6276562825646116,-0.06556468168733408,-0.030704704472457878,-1.1215044484222225,1.1804437970575807,0.673662779609194,0.8381467004446593,0.6014167670256413,1.3310769028237717,1.2904621225619106,1
-1.8665475204654423,-0.06556468168733408,-1.1690999580774983,-1.1215044484222225,-1.13946736813696,1.1471435849843907,0.8381467004446593,0.6014167670256413,0.9383712003927562,-1.396805125427664,1
0.3776113066644149,1.4373506578504092,1.12252363252126,1.090263229965003,1.2947644960127682,1.159645216768088,0.8381467004446593,0.6014167670256413,1.1902684709340743,1.5144010598943751,1
0.5379535566533757,-1.5684800212250773,1.12252363252126,1.090263229965003,0.9427086218557257,0.916653998188642,0.8381467004446593,0.6014167670256413,1.283694571833862,1.2904621225619106,1
0.7839208784789949,-0.06556468168733408,-0.030704704472457878,-0.015620609228609717,-0.2207625990031974,-1.1218567467430245,0.8381467004446593,0.6014167670256413,0.5262176975643515,0.9184824448318224,1
0.623143341127393,-0.06556468168733408,1.12252363252126,1.090263229965003,0.9214763570926006,1.0399040118154301,0.8381467004446593,-1.6627404735414788,0.1734042615494882,1.011346874026167,1
0.7839208784789949,-0.06556468168733408,0.10327457397169226,1.090263229965003,1.1721063084146044,-0.055310876129146085,0.8381467004446593,-1.6627404735414788,0.9965631194646936,0.6446619945783411,1
-1.6680987885437635,-0.06556468168733408,-0.030704704472457878,-1.1215044484222225,-0.5359849764963383,-0.4482470822317404,-1.1931085566160113,0.6014167670256413,-1.0736770745370037,-0.4927210637681087,1
-1.5139901387364627,-1.5684800212250773,-0.030704704472457878,-0.2755979881792504,0.9414249077940188,-1.141523229025462,-1.1931085566160113,0.6014167670256413,-0.6616852250183566,-1.3245177167594893,1
-1.854233185094909,-0.06556468168733408,1.12252363252126,1.090263229965003,1.2515675710542467,1.159645216768088,0.8381467004446593,0.6014167670256413,0.7881858861372921,0.8557284628092552,1
1.196553024566539,-0.06556468168733408,1.12252363252126,1.090263229965003,1.2947644960127682,1.159645216768088,0.8381467004446593,0.6014167670256413,1.2286269305457505,1.5144010598943751,1
0.41706640882688173,-0.06556468168733408,-1.1839330414661757,1.090263229965003,0.6175105079184957,0.3461958333019237,0.8381467004446593,0.6014167670256413,-0.6607299386631886,-0.6908710601994302,1
-0.25253803273573666,-0.06556468168733408,-0.030704704472457878,-1.1215044484222225,0.40359942051657405,0.5629168948080542,-1.1931085566160113,0.6014167670256413,0.478167590133093,0.019170496040555485,1
0.7922750846444431,-0.06556468168733408,-0.030704704472457878,-0.015620609228609717,-0.1256409756740278,0.4436623394240941,0.8381467004446593,0.6014167670256413,0.9562246305240412,0.8836037237849645,1
1.113171400951537,-1.5684800212250773,1.12252363252126,1.090263229965003,1.2816392701803057,-0.06397809104460123,0.8381467004446593,0.6014167670256413,0.653050929275062,1.5024195966805234,1
-0.875582086069671,-0.06556468168733408,-1.1839330414661757,1.090263229965003,-0.13050241593677553,0.673662779609194,0.8381467004446593,0.6014167670256413,0.22070726331202214,0.8851520240792501,1
0.6276562825646116,1.4373506578504092,1.12252363252126,1.090263229965003,1.2947644960127682,1.0286403370418624,0.8381467004446593,0.6014167670256413,0.8449095963652915,0.8941871450410694,1
1.021920079401955,1.4373506578504092,1.12252363252126,1.090263229965003,0.6173168726528818,0.916653998188642,0.8381467004446593,0.6014167670256413,0.7032270177240515,1.2852997451960626,1
0.16882346235961732,-0.06556468168733408,1.12252363252126,1.090263229965003,0.5666341230836894,0.673662779609194,0.8381467004446593,0.6014167670256413,-0.27566769500083416,1.0950728189100045,1
1.2527146662221478,1.4373506578504092,1.12252363252126,1.090263229965003,1.2947644960127682,1.159645216768088,0.8381467004446593,0.6014167670256413,0.7489802628201767,1.5144010598943751,1
0.9405907009789994,1.4373506578504092,1.12252363252126,-0.015620609228609717,0.6830639489312813,1.159645216768088,0.8381467004446593,0.6014167670256413,0.9400926357917865,1.2907524826733334,1
1.3185774445119507,-0.06556468168733408,1.12252363252126,1.090263229965003,1.2689153618313023,0.916653998188642,0.8381467004446593,0.6014167670256413,1.0165520001688833,0.6422418912449919,1
1.2389138943601736,1.4373506578504092,1.12252363252126,1.090263229965003,1.2947644960127682,1.159645216768088,0.8381467004446593,0.6014167670256413,1.211682608136947,-0.5208269217859639,1
-0.9666724840899433,-1.5684800212250773,-1.1839330414661757,-0.590984437384652,-1.3448734447144215,0.8099384047303957,-1.1931085566160113,-1.6627404735414788,-1.3614650751723478,-0.3890799074315736,1
0.3151270907358449,1.4373506578504092,1.12252363252126,1.090263229965003,1.2947644960127682,1.159645216768088,0.8381467004446593,0.6014167670256413,1.2161415748001638,1.499828054982538,1
0.1340375969365069,-0.06556468168733408,-1.3671400918948544,-1.1215044484222225,0.5897853890147555,-0.9386952517846234,0.8381467004446593,0.6014167670256413,-0.9580172385221724,0.27749528207382823,1
0.2093200155678842,1.4373506578504092,1.12252363252126,1.090263229965003,1.2947644960127682,0.5091329321479298,0.8381467004446593,0.6014167670256413,1.2286269305457505,0.8064295338036632,1
1.030820454995952,-0.06556468168733408,1.12252363252126,1.090263229965003,-0.4224501303615262,1.159645216768088,0.8381467004446593,0.6014167670256413,0.062124374583374053,1.272544836505987,1
1.0964500703077644,1.4373506578504092,1.12252363252126,1.090263229965003,1.2947644960127682,1.159645216768088,0.8381467004446593,0.6014167670256413,0.04830956208304932,1.110408567308522,1
0.0920177968185742,-0.06556468168733408,-0.030704704472457878,0.9325766880570059,-0.2997919427633623,1.1249974141564296,0.8381467004446593,0.6014167670256413,1.5300933703970057,1.4183971725012434,1
0.8385123661011205,-0.06556468168733408,1.12252363252126,1.090263229965003,1.2519135041368723,1.159645216768088,0.8381467004446593,0.6014167670256413,1.0032550738927613,0.7306147792307492,1
1.3326711054580134,-0.06556468168733408,1.12252363252126,1.090263229965003,1.2947644960127682,0.916653998188642,0.8381467004446593,0.6014167670256413,0.8895147947413505,0.618645310564517,1
0.8901962501924989,1.4373506578504092,-1.1839330414661757,1.9638977985839419,0.13198306441459473,-0.5534578862620636,0.8381467004446593,0.6014167670256413,-0.6899597403565446,-0.7899278382584077,1
1.0964500703077644,1.4373506578504092,1.12252363252126,-0.015620609228609717,0.5588153704237849,0.43067156102974796,0.8381467004446593,0.6014167670256413,1.343255094984289,0.6812792156479188,1
-0.13679036551385748,-0.06556468168733408,-1.1839330414661757,-1.1215044484222225,-0.021995794813648106,0.9547551735679745,0.8381467004446593,-1.6627404735414788,-0.06457683827604482,0.05216979578082637,1
-1.8725772520655304,-0.06556468168733408,-0.030704704472457878,-0.42835839744237836,-0.5122602576163153,-2.699138068786266,-1.1931085566160113,0.6014167670256413,-0.8804522500393943,-0.6965972988600305,1
0.5112596866332889,-0.06556468168733408,1.12252363252126,-0.015620609228609717,1.2634705449263357,1.0976505349815813,0.8381467004446593,0.6014167670256413,0.9163643478992187,1.34529774400232,1
0.29263868825922573,-1.5684800212250773,-0.030704704472457878,-1.1215044484222225,0.9532679720243744,0.18768034245030202,0.8381467004446593,0.6014167670256413,0.49570579753576943,-0.509106269797,1
1.0886377761719772,1.4373506578504092,1.12252363252126,2.1961470691586156,1.2947644960127682,0.9288021041677859,0.8381467004446593,0.6014167670256413,1.5403943926041765,0.6354387195577036,1
0.9821055316430491,-1.5684800212250773,1.12252363252126,1.090263229965003,1.2947644960127682,1.1270524028475313,0.8381467004446593,0.6014167670256413,1.2988219438463935,1.021467235326932,1
-1.58425327486468,-0.06556468168733408,1.12252363252126,-0.015620609228609717,-0.4224501303615262,0.22531941586932092,0.8381467004446593,0.6014167670256413,1.3461888545386238,0.8938498986738594,1
1.0964500703077644,1.4373506578504092,1.12252363252126,1.090263229965003,0.8480771357408381,0.9686318263069447,0.8381467004446593,0.6014167670256413,-1.0703415498904918,0.8904866357351524,1
-0.18080838316567752,-0.06556468168733408,1.12252363252126,-0.8930538861991152,0.8467408857527616,1.159645216768088,0.8381467004446593,-1.6627404735414788,1.169176445588715,1.224753368017833,1
-1.3057068013292845,-1.5684800212250773,-1.1839330414661757,1.090263229965003,-0.3767761480340166,0.9786809152328871,0.8381467004446593,-1.6627404735414788,0.7377465580677585,0.8703801449516281,1
0.9401854743933811,1.4373506578504092,0.3110155319253267,-1.1215044484222225,0.0545612558900621,0.502673795099033,0.8381467004446593,0.6014167670256413,1.171776099734615,-0.9157488835005302,1
1.4089792621365311,1.4373506578504092,1.12252363252126,1.2519225375148566,1.240973572491638,1.159645216768088,-1.1931085566160113,0.6014167670256413,0.20145037106842323,1.1784926538956784,1
1.2426813010438826,1.4373506578504092,1.12252363252126,1.090263229965003,1.2947644960127682,1.159645216768088,0.8381467004446593,0.6014167670256413,0.6653697021760343,0.8497735319531099,1
0.0025978989070768233,-0.06556468168733408,1.12252363252126,-0.015620609228609717,-0.4279155111909851,0.29336617295014605,0.8381467004446593,0.6014167670256413,-0.04769467290896896,1.1152228310676682,1
1.217269755595424,1.4373506578504092,1.12252363252126,1.090263229965003,0.3065434713744488,0.20145953852352205,0.8381467004446593,0.6014167670256413,0.653050929275062,-1.0228002991882867,1
1.2127921859936954,-1.5684800212250773,1.12252363252126,1.090263229965003,1.2947644960127682,1.159645216768088,0.8381467004446593,0.6014167670256413,0.44555450227660365,0.6289987556103206,1
0.13718871544942626,1.4373506578504092,-1.1839330414661757,2.1961470691586156,-1.0187284719889775,0.045797209743067335,0.8381467004446593,0.6014167670256413,-0.21031307263097082,0.5393654573395424,1
-0.4537087245954019,-0.06556468168733408,-0.030704704472457878,1.090263229965003,0.01917430419864541,-0.9496056617697713,-1.1931085566160113,0.6014167670256413,0.7413145127091763,1.4875584893749052,1
0.297850758448333,1.4373506578504092,-0.030704704472457878,1.090263229965003,1.0630089891265655,1.159645216768088,0.8381467004446593,0.6014167670256413,1.1326975970006357,1.197061368089204,1
1.2527146662221478,1.4373506578504092,0.640913806244789,-1.1215044484222225,1.018433215604901,-0.19682439526892553,0.8381467004446593,0.6014167670256413,0.9250333813633566,1.3556710368584954,1
1.1905274361301106,-0.06556468168733408,-0.030704704472457878,1.090263229965003,-0.7904246931560178,0.3104145402415779,0.8381467004446593,-1.6627404735414788,0.31778723825974486,0.6077908059406032,1
0.7839208784789949,-0.06556468168733408,1.12252363252126,1.090263229965003,1.2947644960127682,1.159645216768088,0.8381467004446593,0.6014167670256413,-0.30624240617608556,1.2125694658018336,1
0.4541173434566156,-0.06556468168733408,1.12252363252126,-0.015620609228609717,0.6136770230589651,1.159645216768088,0.8381467004446593,-1.6627404735414788,1.111488490481066,1.4024315912281429,1
1.461777240214912,1.4373506578504092,1.12252363252126,1.090263229965003,1.2947644960127682,1.159645216768088,0.8381467004446593,0.6014167670256413,1.9001322653615538,1.142186665079056,1
-0.065822398433637,1.1083256672331108,-0.030704704472457878,1.090263229965003,0.01447685502638385,0.24087707370316064,-1.1931085566160113,0.6014167670256413,0.25740938742520936,-0.2386795502336272,1
1.5652438580509145,1.4373506578504092,1.12252363252126,1.090263229965003,1.2947644960127682,1.159645216768088,0.8381467004446593,0.6014167670256413,0.9408389299104063,1.1148342924827186,1
0.6276562825646116,1.4373506578504092,1.12252363252126,1.090263229965003,1.267166568398287,1.0502998205475,0.8381467004446593,-1.6627404735414788,0.9408389299104063,1.5144010598943751,1
0.47139168665022824,1.4373506578504092,-0.030704704472457878,1.090263229965003,1.1138333757834278,-0.5291845361911958,0.8381467004446593,0.6014167670256413,1.1602652047552762,0.9069385028180696,1
0.7972106800542134,-0.06556468168733408,1.12252363252126,1.4275405544639035,1.1825379929891986,1.0114281524171638,0.8381467004446593,-1.6627404735414788,1.257883881241993,1.20311895226714,1
-0.07002977967071752,-1.5684800212250773,0.5865334007231823,-0.015620609228609717,0.4534403462330155,0.05762505805957933,0.8381467004446593,0.6014167670256413,0.4368822259302552,-1.1649776538624201,1
-0.7499099929844765,1.4373506578504092,1.12252363252126,-1.1215044484222225,0.22725282494884758,0.3676465584766903,0.8381467004446593,0.6014167670256413,0.923149624530344,1.2862648245472876,1
0.9743471561345372,1.4373506578504092,1.12252363252126,2.1961470691586156,1.2947644960127682,1.1065238515193991,0.8381467004446593,0.6014167670256413,1.8912039584720772,0.8811193215695214,1
0.8349844601780041,1.4373506578504092,1.12252363252126,0.7288864930154776,1.2947644960127682,1.159645216768088,0.8381467004446593,-1.6627404735414788,-0.4573185938751705,0.09098188705247057,1
-0.8017776093372541,1.4373506578504092,-1.0138060261379538,-1.1215044484222225,-0.22741262049993988,0.18768034245030202,0.8381467004446593,0.6014167670256413,-0.7434338965314953,-1.4592205788975718,1
1.3430279208776796,-0.06556468168733408,-0.030704704472457878,-0.5972973873299665,0.35889257419150966,0.7762170190110461,0.8381467004446593,0.6014167670256413,-1.3614650751723478,-1.0667154622750512,1
-0.16974248203020023,-0.06556468168733408,-1.1839330414661757,-0.12938886719606246,0.33873601892546784,1.1346473945200208,0.8381467004446593,0.6014167670256413,0.9408389299104063,1.278943217099844,1
0.5326083662622414,1.4373506578504092,1.12252363252126,1.090263229965003,1.2947644960127682,1.159645216768088,0.8381467004446593,0.6014167670256413,1.841783263065897,0.9545537165632137,1
0.24354535162241917,0.27866330263260486,-1.1839330414661757,-1.1215044484222225,0.30321541600940166,0.5623532797610187,0.8381467004446593,-1.6627404735414788,-0.6760307197592812,-0.5454697707467914,1
0.597918281471546,1.4373506578504092,1.12252363252126,1.090263229965003,1.2947644960127682,1.159645216768088,0.8381467004446593,0.6014167670256413,0.47944813523866664,1.5144010598943751,1
1.3523566762353154,-1.5684800212250773,1.12252363252126,1.090263229965003,0.1797294875584794,1.159645216768088,0.8381467004446593,0.6014167670256413,1.2112468999082264,1.0563801313585923,1
0.974885328995315,1.4373506578504092,1.12252363252126,1.090263229965003,1.2947644960127682,0.4846297842914857,0.8381467004446593,0.6014167670256413,1.2499288377794255,1.153628901106129,1
0.968949294751116,-0.06556468168733408,-0.030704704472457878,-1.1215044484222225,-0.717806676063613,-1.198337239712612,0.8381467004446593,0.6014167670256413,0.8556485551039907,-1.3905378270968816,1
8.063130135301704e-05,1.4373506578504092,-0.030704704472457878,-1.1215044484222225,-0.7844969880272089,-0.05139652867618543,0.8381467004446593,0.6014167670256413,0.27706022704084676,1.5089899087378194,1
0.31333053436490155,-0.06556468168733408,1.12252363252126,1.090263229965003,1.2919441214155871,0.18488669991555037,0.8381467004446593,0.6014167670256413,1.041179818211923,1.0690977858433137,1
1.5986099829328697,-0.06556468168733408,1.12252363252126,1.090263229965003,1.2423837455139555,1.1077609412743459,0.8381467004446593,0.6014167670256413,0.6325677858977696,1.154584568685318,1
0.703829246812838,-0.06556468168733408,-0.030704704472457878,-1.1215044484222225,1.1123151722074862,1.097374031594325,0.8381467004446593,0.6014167670256413,0.22257174445447586,-0.2973811557284787,1
1.582161218380857,-0.06556468168733408,1.12252363252126,1.090263229965003,1.2682063016262073,0.916653998188642,0.8381467004446593,0.6014167670256413,0.47157766709563576,1.2662182708270406,1
0.9384138103854422,1.4373506578504092,1.12252363252126,1.090263229965003,1.2947644960127682,1.159645216768088,0.8381467004446593,-1.6627404735414788,0.7805941714996497,0.8807537134465727,1
-0.1810893993043675,-0.06556468168733408,-1.1839330414661757,-1.1215044484222225,-0.8550001450000986,-0.07663200715345936,-1.1931085566160113,0.6014167670256413,-1.3109614750452085,0.15111803682984368,1
0.5592592349310598,1.4373506578504092,0.18544864318055518,-1.1215044484222225,0.62778604262087,0.9621986346334525,0.8381467004446593,0.6014167670256413,-0.5880028122313541,1.4304538494044647,1
0.0025978989070768233,-0.06556468168733408,1.12252363252126,1.090263229965003,0.6923389323352644,0.5854907799700271,0.8381467004446593,0.6014167670256413,1.1063862620990395,0.873295043854357,1
0.8198268388553731,-1.5684800212250773,1.12252363252126,-1.1215044484222225,-0.03333757403449256,0.9026955691934687,0.8381467004446593,0.6014167670256413,-0.3470659297799255,1.4088635844793471,1
0.8075681305541795,-0.06556468168733408,1.12252363252126,1.090263229965003,0.45471883502999,0.18768034245030202,0.8381467004446593,0.6014167670256413,0.7562386732056893,1.1954368006794167,1
-1.4427085036596639,0.4037570722613931,-1.1839330414661757,0.3297184324459093,0.32124820380598823,0.673662779609194,0.8381467004446593,-1.6627404735414788,-1.3015525546329365,-0.8719229634614797,1
0.0025978989070768233,0.360198244411601,-0.030704704472457878,-1.1215044484222225,-0.23029593392250655,-0.29830209470859204,0.8381467004446593,0.6014167670256413,-1.2799372219239054,-0.48613891384859254,1
1.2848978264695443,1.4373506578504092,-1.1839330414661757,-1.1215044484222225,0.9989244806530632,0.18768034245030202,0.8381467004446593,0.6014167670256413,0.8477649266092764,0.6400393751574871,1
1.0601373225815485,1.4373506578504092,1.12252363252126,1.090263229965003,1.2947644960127682,1.159645216768088,0.8381467004446593,0.6014167670256413,0.0328908343626334,0.8425842478969815,1
1.1728627267708134,-1.5684800212250773,0.533218558007518,-1.1215044484222225,0.730654327564963,0.3065019117264414,0.8381467004446593,0.6014167670256413,-1.067343046224153,-1.053503592024687,1
1.267847370025508,1.4373506578504092,1.12252363252126,1.090263229965003,0.5588153704237849,1.0499152736424235,0.8381467004446593,0.6014167670256413,0.8541994177870762,1.3013052748091034,1
0.8490215965122335,1.4373506578504092,1.12252363252126,0.42214193852842635,0.29049497454508566,1.159645216768088,0.8381467004446593,-1.6627404735414788,-0.19431314929798743,-1.2171891433072703,1
1.402108037186397,-0.06556468168733408,-0.030704704472457878,-1.1215044484222225,-0.47592100981586505,0.2722389968997637,0.8381467004446593,0.6014167670256413,0.07325674904804684,0.6576096306135653,1
-1.2254846250459015,-0.06556468168733408,-1.1839330414661757,-1.1215044484222225,-0.4224501303615262,1.0204932152279123,0.8381467004446593,-1.6627404735414788,0.32468309796480477,-1.2207149211752526,1
-0.1118309396318938,-0.06556468168733408,-0.8751863248947847,-0.015620609228609717,0.34633751598411205,0.07479820719022107,-1.1931085566160113,-1.6627404735414788,-0.6129120322708804,-1.320975103760548,1
0.2916723202014758,-0.06556468168733408,-0.030704704472457878,-1.1215044484222225,0.31963585053461996,-0.316538161683002,0.8381467004446593,0.6014167670256413,0.9672364699494096,1.2960641980652245,1
1.0732895523259849,1.4373506578504092,1.12252363252126,1.090263229965003,1.2947644960127682,1.159645216768088,0.8381467004446593,0.6014167670256413,1.036768263455521,1.0665231852294461,1
1.161090779728526,-0.06556468168733408,1.12252363252126,1.090263229965003,1.2693949866360112,0.673662779609194,0.8381467004446593,0.6014167670256413,0.40494523887980904,1.0433644337358687,1
1.0031316500425431,1.4373506578504092,1.12252363252126,1.090263229965003,0.6320646450421199,1.159645216768088,0.8381467004446593,0.6014167670256413,0.7296592366980913,0.9545537165632137,1
0.6276562825646116,-1.5684800212250773,1.12252363252126,1.090263229965003,0.43491642314242007,1.159645216768088,0.8381467004446593,-1.6627404735414788,1.3805612536427438,0.9545537165632137,1
1.2527146662221478,-0.06556468168733408,1.12252363252126,1.090263229965003,1.2947644960127682,1.159645216768088,0.8381467004446593,0.6014167670256413,1.2546326391554383,1.2297539894454392,1
0.3047282342507812,-0.06556468168733408,-0.030704704472457878,1.090263229965003,1.1230209178237343,0.7709030789131295,0.8381467004446593,0.6014167670256413,1.484496140926457,-0.9638295954500352,1
1.6246776012189743,1.4373506578504092,1.12252363252126,1.090263229965003,1.1427518557605096,1.159645216768088,0.8381467004446593,0.6014167670256413,0.269333595094603,1.5144010598943751,1
0.10862791810000672,1.4373506578504092,-0.030704704472457878,-1.1215044484222225,-1.0357410683523456,-0.014091744855469074,0.8381467004446593,0.6014167670256413,0.9245662274830978,0.7686020304127361,1
1.248755298143413,1.4373506578504092,1.12252363252126,2.1961470691586156,1.2947644960127682,0.916653998188642,0.8381467004446593,0.6014167670256413,1.048921353502256,0.618645310564517,1
0.47139168665022824,1.4373506578504092,1.12252363252126,1.090263229965003,1.2947644960127682,0.9208167060729857,0.8381467004446593,0.6014167670256413,1.2269835551372785,1.29238028319647,1
-0.6224604847504593,-0.06556468168733408,0.3377872184193511,-1.1215044484222225,0.10737568350050013,0.6636010646879258,0.8381467004446593,0.6014167670256413,-1.3308127026578822,-1.1013108100482953,1
0.9401854743933811,-0.06556468168733408,1.12252363252126,-1.1215044484222225,0.6121180396311515,0.18768034245030202,0.8381467004446593,0.6014167670256413,1.0827213557384292,0.5943164350670523,1
1.2714868714418026,1.4373506578504092,1.12252363252126,1.090263229965003,0.5514478517098044,-0.784284531867486,0.8381467004446593,0.6014167670256413,0.2981437859979901,0.6388217987047659,1
1.4928993865397964,-0.06556468168733408,1.12252363252126,1.090263229965003,1.2947644960127682,1.159645216768088,0.8381467004446593,0.6014167670256413,0.653050929275062,1.1784926538956784,1
0.47139168665022824,1.4373506578504092,1.12252363252126,1.090263229965003,1.2947644960127682,1.159645216768088,0.8381467004446593,0.6014167670256413,0.5821372312617168,1.5144010598943751,1
-1.4152988553886763,-0.06556468168733408,-0.030704704472457878,-1.1215044484222225,0.2411879517995512,0.2234931750531725,0.8381467004446593,0.6014167670256413,-1.0060244925884319,-0.621270056189329,1
-0.23556284828759821,-0.06556468168733408,0.8481051142755348,-1.1215044484222225,0.5004406721760126,-0.29830209470859204,0.8381467004446593,0.6014167670256413,1.2742810039383188,-0.5863749489330983,1
0.47139168665022824,1.4373506578504092,1.12252363252126,-0.015620609228609717,0.9821280869051437,0.9531964300790178,0.8381467004446593,0.6014167670256413,1.6938471874822636,1.2736235030164904,1
0.9257415241848892,-1.5684800212250773,-0.030704704472457878,1.4929644331493717,-0.021147918992231507,-0.8503080570650835,0.8381467004446593,0.6014167670256413,0.8277114888662986,0.5370992418839491,1
0.28947254162967906,1.4373506578504092,1.12252363252126,1.090263229965003,1.2947644960127682,1.159645216768088,0.8381467004446593,-1.6627404735414788,1.709708445061297,0.3195018059880588,1
-0.15878349354249377,-1.5684800212250773,-1.1744925877209131,-1.1215044484222225,-0.7813878526759694,-1.2682778162403117,0.8381467004446593,-1.6627404735414788,-1.350471042421555,-1.728130559624867,1
-0.2897396472691235,-1.5684800212250773,-1.1839330414661757,-0.015620609228609717,-1.6349995871632519,-0.5412933132880401,0.8381467004446593,0.6014167670256413,-0.3501406781565829,-1.5087745940938964,1
0.6467030493592547,-0.06556468168733408,-0.030704704472457878,1.090263229965003,0.8340328486942322,0.18768034245030202,0.8381467004446593,0.6014167670256413,1.1326975970006357,1.2768143967585925,1
1.1560062678864131,1.4373506578504092,1.12252363252126,2.1961470691586156,1.2188542951385941,0.766272579922012,0.8381467004446593,0.6014167670256413,0.8221022173969023,1.2211669126402251,1
0.9710170512991572,1.4373506578504092,1.12252363252126,1.090263229965003,1.2705635865109903,-0.15119699030903605,0.8381467004446593,0.6014167670256413,1.2475541392804566,0.618645310564517,1
0.743489593454376,-0.06556468168733408,1.12252363252126,-1.1215044484222225,0.06818262003112939,0.916653998188642,0.8381467004446593,0.6014167670256413,0.6564031048674183,0.9005253250195299,1
-0.2743946341469231,-0.06556468168733408,-0.030704704472457878,1.090263229965003,1.1651327803849483,1.159645216768088,0.8381467004446593,0.6014167670256413,0.07747492800437346,1.0665231852294461,1
1.0964500703077644,1.4373506578504092,1.12252363252126,1.090263229965003,1.2947644960127682,1.159645216768088,0.8381467004446593,0.6014167670256413,1.3416462100522812,1.2904621225619106,1
1.2527146662221478,1.4373506578504092,1.12252363252126,1.090263229965003,0.6381726474678532,1.0738642246698744,0.8381467004446593,0.6014167670256413,1.7082735982713242,0.8359710102039023,1
1.4089792621365311,1.4373506578504092,1.12252363252126,1.090263229965003,1.2947644960127682,1.159645216768088,0.8381467004446593,0.6014167670256413,1.1996475708463736,1.4024315912281429,1
0.30479770203296097,1.4373506578504092,1.12252363252126,1.090263229965003,1.2947644960127682,1.159645216768088,0.8381467004446593,0.6014167670256413,1.6377087145146694,0.5066758418982846,1
0.6276562825646116,1.4373506578504092,1.12252363252126,1.090263229965003,1.2947644960127682,1.159645216768088,0.8381467004446593,0.6014167670256413,1.42048559763598,1.3043978174752588,1
0.7239331102557536,-0.06556468168733408,-2.3371613784598937,-0.791966843041698,-0.5451083179596901,0.9890619143379141,0.8381467004446593,0.6014167670256413,0.8531499380432925,0.3042286522490562,1
1.025509367774691,1.4373506578504092,1.12252363252126,-1.1215044484222225,1.1277121074266532,1.159645216768088,0.8381467004446593,0.6014167670256413,-0.40157304207091016,1.3110743185309117,1
-1.1447518616625478,1.4373506578504092,-1.1839330414661757,0.36298158758736965,1.133432817285092,1.159645216768088,0.8381467004446593,0.6014167670256413,0.787013186441947,0.8839469297186876,1
-0.45022409585694445,-0.06556468168733408,-0.0699951659455138,-1.1215044484222225,-0.07119141347399044,-0.30658079963252305,-1.1931085566160113,0.6014167670256413,0.9637171003821015,-0.3967095015954796,1
0.794612396942298,-0.06556468168733408,-0.030704704472457878,2.1961470691586156,0.45294156408239084,0.22093093366273525,0.8381467004446593,0.6014167670256413,0.6071069862892617,1.0818449365777443,1
0.6492404798746014,-0.06556468168733408,1.12252363252126,1.090263229965003,0.9267899332182766,0.46423495634475087,0.8381467004446593,0.6014167670256413,1.0796962718844068,1.5144010598943751,1
-0.44773665976796284,-0.06556468168733408,-0.030704704472457878,-1.1215044484222225,-0.5161295775264513,-0.9985716761871746,-1.1931085566160113,0.6014167670256413,-0.0184544055407413,-0.5341162083295479,1
0.8029711305103079,-0.06556468168733408,1.12252363252126,1.090263229965003,1.2947644960127682,1.159645216768088,0.8381467004446593,0.6014167670256413,1.1560871302539844,0.9545537165632137,1
1.2464570249077878,-1.5684800212250773,1.12252363252126,1.090263229965003,1.2947644960127682,0.9215193097440584,0.8381467004446593,0.6014167670256413,1.1365391028602216,0.7373405327737014,1
0.9401854743933811,-0.06556468168733408,0.28908788193994484,1.090263229965003,0.9401852149926336,0.957499324825495,0.8381467004446593,0.6014167670256413,-1.12687987697105,-0.30815980239556573,1
0.7839208784789949,-0.06556468168733408,-0.030704704472457878,1.090263229965003,1.077888797617742,0.13133812144983503,0.8381467004446593,0.6014167670256413,1.0214822258727445,1.1265680733632748,1
0.5196591642924517,1.4373506578504092,1.12252363252126,1.090263229965003,0.5119312414713018,0.43067156102974796,0.8381467004446593,0.6014167670256413,0.8519461080585685,1.4370170569495024,1
-0.09937578233793908,-0.06556468168733408,-0.030704704472457878,-1.1215044484222225,-0.17972725199604836,-0.17937540057916251,0.8381467004446593,0.6014167670256413,-1.3458149094650498,-0.5764848530427146,1
0.6747038982292723,-0.06556468168733408,1.12252363252126,1.090263229965003,1.2947644960127682,0.029605246314187372,0.8381467004446593,0.6014167670256413,0.5189564203319588,0.8425842478969815,1
0.9401854743933811,-0.06556468168733408,1.12252363252126,1.090263229965003,1.2947644960127682,0.43067156102974796,0.8381467004446593,0.6014167670256413,0.6044239052155924,0.6170990933493649,1
-0.21372439570073815,-0.06556468168733408,-0.030704704472457878,-1.1215044484222225,0.18168229405688346,0.28106997626466595,0.8381467004446593,0.6014167670256413,0.15872706308646994,1.1613613130150484,1
0.15886249482146017,1.4373506578504092,1.12252363252126,1.090263229965003,0.6632690106643782,1.020117606383602,-1.1931085566160113,0.6014167670256413,1.5439566480249691,0.9700824630686655,1
1.0964500703077644,-0.06556468168733408,-1.1839330414661757,1.468190176637695,0.5261804350330688,0.5075821732175327,0.8381467004446593,0.6014167670256413,0.1430410911729886,-0.4627847067773382,1
0.76545625664438,1.4373506578504092,-1.1839330414661757,1.090263229965003,-0.0509417400454151,0.9523671246179162,0.8381467004446593,0.6014167670256413,0.9295036760328887,-0.4384493432581824,1
1.542872638872122,-0.06556468168733408,0.051844780710405436,-0.015620609228609717,-0.4575702186038485,-0.3156957012947605,0.8381467004446593,0.6014167670256413,0.5365213810697844,1.2984770331378086,1
0.49281313641266544,-1.5684800212250773,1.12252363252126,1.090263229965003,1.2947644960127682,1.0298220266993428,0.8381467004446593,-1.6627404735414788,1.1839498693041457,1.0297250453863152,1
0.4498943818848465,-0.7136443952993555,-0.030704704472457878,-0.015620609228609717,-0.1940078297138044,0.04947059439309956,-1.1931085566160113,-1.6627404735414788,-0.8237048342060045,-1.1399868966000888,1
1.5803941545353677,-0.06556468168733408,1.12252363252126,1.090263229965003,1.2947644960127682,1.159645216768088,0.8381467004446593,0.6014167670256413,0.5138072396572001,0.943697958497392,1
0.4916772241613471,-0.06556468168733408,1.12252363252126,-1.1215044484222225,0.40431136066726503,-0.635925256957479,0.8381467004446593,0.6014167670256413,1.1539083514846717,0.9545537165632137,1
-0.15333720549063976,-0.06556468168733408,-0.030704704472457878,-0.015620609228609717,-1.607456261765672,0.8363400704321944,0.8381467004446593,0.6014167670256413,-0.7539800532783812,-0.5382938346258953,1
1.4653624179046774,1.4373506578504092,1.12252363252126,1.090263229965003,1.2947644960127682,1.159645216768088,0.8381467004446593,0.6014167670256413,1.9960615989066686,1.4335997503444664,1
0.9401854743933811,-1.5684800212250773,1.12252363252126,1.090263229965003,1.23838556511142,1.159645216768088,0.8381467004446593,0.6014167670256413,1.4568358951515488,1.1179891253399836,1
1.1406087535102043,1.4373506578504092,-0.030704704472457878,1.090263229965003,0.45482974239386825,1.159645216768088,0.8381467004446593,0.6014167670256413,1.491404868662943,1.4340729509759818,1
1.054802581631656,1.4373506578504092,1.12252363252126,-1.1215044484222225,1.1721063084146044,0.673662779609194,0.8381467004446593,0.6014167670256413,1.682706605254456,0.8724262421827618,1
-1.567853391810575,-1.5684800212250773,-0.7803225530704564,-1.1215044484222225,0.2705706961091028,-1.0394130296523676,-1.1931085566160113,0.6014167670256413,-0.5700399923542889,-1.088898518884662,1
1.3834310281841988,1.4373506578504092,1.12252363252126,1.090263229965003,0.5487884668421065,0.673662779609194,0.8381467004446593,0.6014167670256413,1.0446101710928872,1.1967989257947242,1
-0.48756100653268575,-0.06556468168733408,-1.1839330414661757,-0.015620609228609717,0.04302714640173877,-0.2816907312906197,0.8381467004446593,0.6014167670256413,0.56695847603746,-1.0379333521113465,1
0.6679681063067863,1.4373506578504092,1.12252363252126,1.090263229965003,1.2947644960127682,0.8539691711044712,0.8381467004446593,0.6014167670256413,0.653050929275062,1.485516119841472,1
0.9180104023600117,-1.5684800212250773,1.12252363252126,-1.1215044484222225,1.0320420402544555,-2.1905085363729486,0.8381467004446593,0.6014167670256413,0.7483423744242286,1.3865423168939093,1
1.3078045771865359,-1.5684800212250773,1.12252363252126,1.090263229965003,1.0785533768435125,0.916653998188642,0.8381467004446593,0.6014167670256413,1.0312400964142148,0.6911407830676503,1
-0.8877754019206491,-0.06556468168733408,-1.1839330414661757,1.090263229965003,-0.14007342601965037,0.673662779609194,0.8381467004446593,0.6014167670256413,0.23068774252374985,0.8764150540117526,1
-1.8119171293371577,-0.06556468168733408,-1.1839330414661757,0.19902509799723822,-1.1620211917699763,-0.2511388935538599,0.8381467004446593,-1.6627404735414788,-0.07147973730665824,-0.5478209507236729,1
-0.303601436813392,-1.5684800212250773,1.12252363252126,-1.1215044484222225,1.1522321027838793,-0.987904082406889,-1.1931085566160113,0.6014167670256413,0.6984643710624681,0.2025164981054508,1
-0.2273899190996836,-0.06556468168733408,1.12252363252126,-1.1215044484222225,0.19084080762929329,0.916653998188642,0.8381467004446593,0.6014167670256413,0.8729519636970717,0.8954097133054653,1
0.81997485721058,-0.06556468168733408,1.12252363252126,1.090263229965003,1.2947644960127682,0.24374422675730872,0.8381467004446593,0.6014167670256413,0.26193702563805016,0.6789467117679059,1
1.016287020400367,-0.06556468168733408,-0.030704704472457878,1.090263229965003,0.983336977336505,1.159645216768088,0.8381467004446593,0.6014167670256413,-0.7933690285275463,0.1045969297434392,1
1.2527146662221478,-0.06556468168733408,1.12252363252126,1.090263229965003,1.2947644960127682,1.159645216768088,0.8381467004446593,0.6014167670256413,1.198260430136231,1.0665231852294461,1
0.8862782125894678,1.4373506578504092,1.12252363252126,1.090263229965003,1.1678227471305638,1.0004797116163382,-1.1931085566160113,0.6014167670256413,-0.025154637905560995,-0.43552705456572927,1
1.0694901604489913,1.4373506578504092,1.12252363252126,1.090263229965003,1.2947644960127682,-0.4993706928055051,0.8381467004446593,0.6014167670256413,0.5702987815459156,0.8232664570403099,1
0.07289420080311046,-1.5684800212250773,-1.1839330414661757,-1.1215044484222225,0.3331100091380696,0.25814071553643547,0.8381467004446593,0.6014167670256413,1.2814020399871056,0.9220858332273416,1
0.1075381062091611,-1.5684800212250773,1.12252363252126,1.8329246028622057,0.7620465944148839,1.159645216768088,0.8381467004446593,0.6014167670256413,1.036768263455521,0.9144940670793856,1
1.037665738043282,1.4373506578504092,1.12252363252126,1.090263229965003,1.2947644960127682,1.159645216768088,0.8381467004446593,0.6014167670256413,-0.05454154213127162,0.9124325283885129,1
-1.864834789645351,-0.06556468168733408,1.12252363252126,1.0628665441836271,1.2826097734097495,1.159645216768088,0.8381467004446593,0.6014167670256413,0.6506744176422773,0.8370364819536918,1
-0.486888407391166,-1.5684800212250773,-1.1839330414661757,-1.1215044484222225,-0.17265294377999046,0.8112468069751858,0.8381467004446593,0.6014167670256413,-0.41837906083999,-0.42282418837450764,1
1.3955407268442908,-0.06556468168733408,1.12252363252126,1.090263229965003,0.7131188524651629,1.159645216768088,0.8381467004446593,0.6014167670256413,1.2368767182015126,1.0761524019276993,1
-0.15366669700730792,-0.06556468168733408,-1.1839330414661757,1.090263229965003,-0.7503540290237329,-0.1721747943500384,-1.1931085566160113,0.6014167670256413,-1.3430106176722951,-0.905846876398773,1
0.8365952180861895,1.4373506578504092,-1.1839330414661757,-1.1215044484222225,0.7224746417924015,-0.2163935734973499,0.8381467004446593,0.6014167670256413,1.228357060815197,0.6189603046254835,1
0.1394977477073949,-0.06556468168733408,0.6173651094314184,-1.1215044484222225,-0.9060113143343447,0.3242320284898339,0.8381467004446593,-1.6627404735414788,0.14962859727887098,-0.7804905961458227,1
0.6276562825646116,1.4373506578504092,1.12252363252126,1.090263229965003,1.2947644960127682,0.673662779609194,0.8381467004446593,0.6014167670256413,1.1881295751697885,1.5144010598943751,1
0.3771929718660319,1.4373506578504092,1.12252363252126,0.42361935108071,1.220824243827709,1.159645216768088,0.8381467004446593,0.6014167670256413,1.9960615989066686,1.2904621225619106,1
-0.4661958888360746,-1.5684800212250773,-0.030704704472457878,-0.9071240100979905,-0.715322162109494,-0.3999785690939681,-1.1931085566160113,0.6014167670256413,-0.5724863634557403,-1.1328952445353968,1
1.279883809174645,-0.06556468168733408,1.12252363252126,1.090263229965003,1.2947644960127682,0.9589019758265429,0.8381467004446593,0.6014167670256413,0.523763844267767,0.7695502077288946,1
0.450800566819741,-1.5684800212250773,1.12252363252126,1.090263229965003,0.24250205321716195,0.18768034245030202,0.8381467004446593,0.6014167670256413,0.18356345223123055,1.0193638203930788,1
0.4771061940313728,-0.06556468168733408,1.12252363252126,-1.1215044484222225,0.4271861025334279,-0.5679514652001921,0.8381467004446593,0.6014167670256413,1.2075784435969017,0.9545537165632137,1
0.21606981116954024,1.4373506578504092,-0.9728388460410138,1.090263229965003,1.227408108922488,0.9611326449023736,0.8381467004446593,-1.6627404735414788,1.1502571078388508,1.1375014570232589,1
-0.15366669700730792,-1.5684800212250773,-0.030704704472457878,-1.1215044484222225,-0.49608888200458734,-0.6142341024306169,0.8381467004446593,0.6014167670256413,-0.15289261635738022,-0.6579667076093263,1
0.8080561450006679,-0.06556468168733408,1.12252363252126,-1.1215044484222225,0.12501676147099203,0.6924279317171425,0.8381467004446593,0.6014167670256413,1.1252893929259702,-0.39772682118940983,1
-1.7610730945887092,-0.6017747800578026,-0.030704704472457878,-1.1215044484222225,-0.667766505557854,-1.1310621361408453,-1.1931085566160113,0.6014167670256413,1.1052195940443226,-0.9731238665267872,1
-0.18395066672929922,-1.5684800212250773,-0.030704704472457878,-0.015620609228609717,0.21461187885397634,0.37604645732386033,0.8381467004446593,0.6014167670256413,0.0031107762134517936,-1.1112388171684902,1
0.9401854743933811,1.4373506578504092,-0.030704704472457878,1.090263229965003,-1.0081419024382194,0.9637330150245303,0.8381467004446593,0.6014167670256413,-0.6054215253274075,0.9160638033177649,1
1.5273042762542235,-0.06556468168733408,1.12252363252126,1.090263229965003,1.2947644960127682,1.159645216768088,0.8381467004446593,0.6014167670256413,-0.04451150522302365,0.6762445005334293,1
1.062322231369716,1.4373506578504092,1.12252363252126,-1.1215044484222225,1.2947644960127682,1.159645216768088,0.8381467004446593,0.6014167670256413,0.03557342337365423,1.3921316497871206,1
1.4625649860357313,-0.06556468168733408,1.12252363252126,1.090263229965003,0.32751950477015745,0.673662779609194,0.8381467004446593,0.6014167670256413,0.5132605812235077,1.0665231852294461,1
0.6895723120783839,-0.06556468168733408,1.12252363252126,1.090263229965003,1.2207066194383165,0.673662779609194,0.8381467004446593,0.6014167670256413,0.5571215957299472,0.707375644982407,1
0.8387001057069786,1.4373506578504092,1.12252363252126,1.090263229965003,0.06818262003112939,-0.6139212950884922,0.8381467004446593,0.6014167670256413,0.7776527141604965,1.1115592348195589,1
0.6276562825646116,-0.06556468168733408,1.12252363252126,1.090263229965003,1.2947644960127682,1.1071402852323196,0.8381467004446593,0.6014167670256413,1.5164149311810948,0.866778329151382,1
-1.2201332848984754,-0.06556468168733408,1.12252363252126,-0.015620609228609717,-0.9059175425448877,0.916653998188642,0.8381467004446593,0.6014167670256413,0.5655274689843457,-0.07279430349327165,1
1.3571098869623572,1.4373506578504092,-1.1839330414661757,-0.7544251146899841,0.56036123821309,0.18768034245030202,0.8381467004446593,0.6014167670256413,-1.0112018553419992,1.066052799467772,1
0.5721624491984943,-1.5684800212250773,-1.9653186772033733,1.090263229965003,0.052143325362537185,1.0029468280799727,0.8381467004446593,-1.6627404735414788,-0.28785542343884685,-1.3894843287609675,1
0.9401854743933811,1.4373506578504092,0.903327751222137,-1.1215044484222225,0.6409349348354034,0.8242825699191686,0.8381467004446593,0.6014167670256413,1.1509310327690228,-0.4954909518690942,1
1.2802808759900643,1.4373506578504092,1.12252363252126,1.090263229965003,0.6598357627856177,1.159645216768088,0.8381467004446593,0.6014167670256413,0.3483402974069212,1.0138103992966458,1
0.7905646324580284,1.4373506578504092,1.12252363252126,1.090263229965003,1.054663062928874,0.916653998188642,0.8381467004446593,0.6014167670256413,1.328634800804297,0.9497932166007712,1
0.31031636352805325,1.4373506578504092,1.12252363252126,1.090263229965003,1.0456719930449254,0.9241346719755249,0.8381467004446593,-1.6627404735414788,1.135650856196747,0.6117511760844363,1
1.5311297098918881,-1.5684800212250773,1.12252363252126,1.090263229965003,1.2947644960127682,1.159645216768088,0.8381467004446593,0.6014167670256413,0.257173652260298,1.0278859327510723,1
1.0497266081425563,-1.5684800212250773,-1.0977285812426747,-1.0388390157672343,-0.44078766598167324,-0.31646582357715014,0.8381467004446593,0.6014167670256413,-1.347123532994475,1.1952322141341072,1
0.6426854282689519,-1.5684800212250773,-0.030704704472457878,-0.015620609228609717,0.3689296071520741,0.3574645880483605,0.8381467004446593,0.6014167670256413,0.7871075394019562,1.3012310715306483,1
-1.5324593059044496,1.4373506578504092,1.12252363252126,1.090263229965003,0.6093167185499231,1.159645216768088,0.8381467004446593,0.6014167670256413,1.0537047345797208,1.376099429306037,1
-0.1000785439176945,1.4373506578504092,1.12252363252126,1.090263229965003,1.2947644960127682,1.0798143573997139,0.8381467004446593,0.6014167670256413,1.1011815562963168,1.1049211153116774,1
0.18278685237204656,-0.06556468168733408,1.12252363252126,1.090263229965003,-0.10729467523036189,-1.374903924672894,0.8381467004446593,0.6014167670256413,0.47450335563022955,1.273319419267891,1
1.029080700034326,1.4373506578504092,1.12252363252126,1.090263229965003,0.8104943726932485,-0.009233560752639536,0.8381467004446593,0.6014167670256413,-0.2648849972641789,1.0452909260949992,1
1.052834245619025,1.4373506578504092,1.12252363252126,1.090263229965003,1.2947644960127682,1.159645216768088,0.8381467004446593,0.6014167670256413,1.5164149311810948,0.8425842478969815,1
-0.09438523696364742,-0.06556468168733408,-1.1839330414661757,2.1961470691586156,-0.0037249988329320916,-0.5161585408326134,0.8381467004446593,0.6014167670256413,1.2286269305457505,0.88891229437263,1
-1.8725772520655304,1.4373506578504092,-0.030704704472457878,1.090263229965003,0.3545420572424576,0.29562460245990296,0.8381467004446593,0.6014167670256413,1.3778708028163227,1.153515004292103,1
1.4089792621365311,1.4373506578504092,1.12252363252126,1.090263229965003,1.2599785841174067,1.159645216768088,0.8381467004446593,0.6014167670256413,0.29653919310827415,1.3222167094204262,1
0.6276562825646116,-0.06556468168733408,1.12252363252126,-0.015620609228609717,1.291294472338273,1.152770948546162,0.8381467004446593,0.6014167670256413,0.4720476992330502,0.6344834993842203,1
1.2527146662221478,-0.06556468168733408,-0.030704704472457878,1.090263229965003,1.2947644960127682,1.0893055419793358,0.8381467004446593,0.6014167670256413,1.0228837326405547,1.2580498565619478,1
0.9401854743933811,1.4373506578504092,1.12252363252126,1.090263229965003,1.2947644960127682,1.159645216768088,0.8381467004446593,0.6014167670256413,0.8718888776880196,1.4024315912281429,1
0.34349506308807976,-0.06556468168733408,1.12252363252126,1.090263229965003,1.2947644960127682,1.159645216768088,0.8381467004446593,0.6014167670256413,1.9525245349631004,0.8425842478969815,1
-1.3674670043570534,-0.06556468168733408,1.12252363252126,-1.1215044484222225,0.2143788023925964,0.7202925736934602,0.8381467004446593,0.6014167670256413,-0.8188210040351308,0.2996884717663395,1
1.4089792621365311,1.4373506578504092,1.12252363252126,2.1961470691586156,0.95818451588255,1.1285481981027838,-1.1931085566160113,0.6014167670256413,0.30387971707260336,1.1928220468565174,1
0.05090648656060694,-0.06556468168733408,-0.030704704472457878,1.090263229965003,0.9558089383287045,1.159645216768088,0.8381467004446593,0.6014167670256413,0.39491910629782245,1.2212322773761786,1
0.9401854743933811,1.4373506578504092,1.12252363252126,1.090263229965003,1.2947644960127682,1.159645216768088,0.8381467004446593,0.6014167670256413,1.9960615989066686,1.2890500864590089,1
1.1298652225895436,1.4373506578504092,1.12252363252126,1.090263229965003,0.7254451693060773,-0.24634158167967807,0.8381467004446593,0.6014167670256413,1.1326975970006357,-0.7130167058357966,1
1.7215084539653005,-0.06556468168733408,1.12252363252126,1.090263229965003,1.1206287339579526,1.159645216768088,0.8381467004446593,0.6014167670256413,0.9965083386446024,1.3554398919946546,1
0.3151270907358449,1.4373506578504092,1.12252363252126,-1.075406610827282,1.2896515926397405,1.159645216768088,0.8381467004446593,0.6014167670256413,1.904130998937024,1.2904621225619106,1
0.27234599653494995,-0.06556468168733408,-0.030704704472457878,-0.7199433340006004,-0.07709785519639589,-0.121835415172736,-1.1931085566160113,0.6014167670256413,1.0105053609022703,-0.7043373844097589,1
0.7146375900718356,1.4373506578504092,1.12252363252126,2.1961470691586156,0.9950649604010183,1.159645216768088,0.8381467004446593,0.6014167670256413,0.5249907794736198,1.1911739511753565,1
0.14427839073857643,-0.06556468168733408,-0.030704704472457878,1.090263229965003,1.2489739632543535,1.159645216768088,0.8381467004446593,0.6014167670256413,0.45223922085875917,1.0874233049984592,1
0.2939927856854354,1.4373506578504092,1.12252363252126,1.090263229965003,1.2947644960127682,1.159645216768088,0.8381467004446593,0.6014167670256413,0.010049041114474272,1.4024315912281429,1
0.26189230401782393,-0.06556468168733408,1.12252363252126,1.090263229965003,0.35528505954867284,0.9994340138392508,0.8381467004446593,0.6014167670256413,1.487957883676981,0.8807289776644509,1
-0.4771174467826924,1.4373506578504092,1.12252363252126,-1.1215044484222225,0.06532503416180824,1.0409801085895365,0.8381467004446593,0.6014167670256413,-0.1099139794495899,1.0769574620672628,1
-1.0311132249677974,-1.5684800212250773,-1.072973230292355,1.090263229965003,0.7333211581680487,0.94003380847041,-1.1931085566160113,0.6014167670256413,-0.17899375842305926,0.9072242365370067,1
0.9581211584902621,-1.5684800212250773,1.12252363252126,1.090263229965003,-0.23344743240689414,-0.429733462913615,0.8381467004446593,0.6014167670256413,-0.2260030343766111,-1.0223419398243765,1
1.5652438580509145,-0.06556468168733408,-0.030704704472457878,-0.8824450077005765,-1.1749971262244625,0.5686077227304696,0.8381467004446593,0.6014167670256413,-0.4436459199439938,0.8274327545319076,1
1.4617622516989623,1.4373506578504092,1.12252363252126,1.090263229965003,1.2947644960127682,1.159645216768088,0.8381467004446593,0.6014167670256413,0.23821020152090694,0.6942873107416884,1
1.08209521079074,-0.06556468168733408,1.12252363252126,1.090263229965003,0.36919424394064015,1.159645216768088,0.8381467004446593,0.6014167670256413,0.7054217511928206,1.463559224320554,1
1.1697120033524355,-0.06556468168733408,1.12252363252126,-0.6030300793042404,0.6891194374947216,-1.4144828093081896,0.8381467004446593,0.6014167670256413,0.47315174302425667,1.1399569190712024,1
0.43762178884135583,-0.06556468168733408,-1.134088861647081,-1.1215044484222225,0.43615718282562105,0.916653998188642,-1.1931085566160113,0.6014167670256413,-0.8735260011682164,1.3830736682516853,1
1.0408262985070533,1.4373506578504092,1.12252363252126,1.090263229965003,0.6523660433115057,0.40183993304058796,0.8381467004446593,0.6014167670256413,1.9115145649943963,0.5332468602717181,1
0.6519159134801411,-0.06556468168733408,1.12252363252126,1.090263229965003,1.2947644960127682,0.43067156102974796,0.8381467004446593,0.6014167670256413,0.6381581750196306,0.8947330657611191,1
1.2527146662221478,-0.06556468168733408,1.12252363252126,1.090263229965003,0.8929156187615035,0.25478683659939594,0.8381467004446593,0.6014167670256413,1.4140754792025363,0.6879721072226259,1
1.2268334363601816,-0.06556468168733408,1.12252363252126,-0.015620609228609717,0.5317284522036181,-1.0272757504469332,0.8381467004446593,0.6014167670256413,0.30111007162095094,0.8611291239075445,1
0.27812126881791494,-0.06556468168733408,-1.1839330414661757,-1.1215044484222225,1.169950000121037,0.25376782304899526,-1.1931085566160113,0.6014167670256413,-0.21368591257863717,1.0095542496023149,1
1.3305285915881906,-0.06556468168733408,1.12252363252126,1.090263229965003,0.1903410014539692,1.159645216768088,0.8381467004446593,0.6014167670256413,1.7071009230286984,1.2909183744679837,1
0.6822401435031106,1.4373506578504092,1.12252363252126,1.090263229965003,1.2947644960127682,1.159645216768088,0.8381467004446593,0.6014167670256413,0.811401088750308,0.9545537165632137,1
0.9401854743933811,-0.06556468168733408,1.12252363252126,1.090263229965003,1.1680382744016053,1.159645216768088,0.8381467004446593,0.6014167670256413,0.9408389299104063,1.105084186816411,1
0.29312627224048904,1.4373506578504092,-0.030704704472457878,1.090263229965003,0.6115098131474724,0.9859546129960508,0.8381467004446593,0.6014167670256413,0.44768617116429965,1.0984566561737543,1
0.7108706409613276,-0.06556468168733408,-0.030704704472457878,-1.1215044484222225,-0.010930099815753491,-0.4413640716409728,-1.1931085566160113,0.6014167670256413,1.0537964283994534,-0.43512693808911695,1
1.065784741133699,1.4373506578504092,1.12252363252126,1.9791286731571835,0.28942858006666927,0.5260406452492934,0.8381467004446593,-1.6627404735414788,1.3604029864960687,1.1784926538956784,1
0.7476217550109044,-0.06556468168733408,1.12252363252126,-1.1215044484222225,0.8326243460709365,0.916653998188642,0.8381467004446593,0.6014167670256413,1.1772649630401397,1.4363719923889195,1
0.7842163979128315,1.4373506578504092,-0.030704704472457878,1.090263229965003,-0.914010739760047,0.5533160010402323,0.8381467004446593,0.6014167670256413,-0.25927553037430795,1.2341597620212061,1
0.7821542491949635,-1.5684800212250773,1.12252363252126,1.090263229965003,0.9212431477837597,1.1541510048515238,0.8381467004446593,-1.6627404735414788,0.5495299785633888,1.5080717777845751,1
1.5652438580509145,1.4373506578504092,1.12252363252126,2.1961470691586156,1.196069263655256,0.47814322035155754,0.8381467004446593,0.6014167670256413,0.36303913448908565,1.4024315912281429,1
-0.018013966166438466,-0.21052861207018037,1.12252363252126,1.090263229965003,1.2947644960127682,0.47754707180153666,0.8381467004446593,-1.6627404735414788,1.6805149623777333,-0.5078802630943298,1
1.5073564047222237,1.4373506578504092,1.12252363252126,1.090263229965003,1.2947644960127682,1.159645216768088,0.8381467004446593,0.6014167670256413,0.5571215957299472,1.4439101318644754,1
1.2527146662221478,-0.06556468168733408,1.12252363252126,1.090263229965003,1.2606810069664909,1.159645216768088,0.8381467004446593,0.6014167670256413,1.201970688079385,1.2904621225619106,1
0.8228824165552833,1.4373506578504092,1.12252363252126,1.090263229965003,1.2947644960127682,1.159645216768088,0.8381467004446593,0.6014167670256413,0.9408389299104063,1.0665231852294461,1
-1.4459745548214071,-0.06556468168733408,-1.1839330414661757,-1.1215044484222225,-0.4224501303615262,0.7919188692299601,0.8381467004446593,-1.6627404735414788,0.7307530441289788,-1.1153886948953742,1
-1.303221346237491,-0.06556468168733408,0.579015752769554,-0.015620609228609717,-0.667766505557854,-0.2843507596836516,-1.1931085566160113,0.6014167670256413,0.7666521373940184,1.1000073842481226,1
1.2062574063989648,-0.06556468168733408,-1.1839330414661757,1.090263229965003,0.7079932214994921,0.5029125322506519,0.8381467004446593,0.6014167670256413,-0.12475407674148734,-0.7370926526795822,1
-0.20275195002936847,1.4373506578504092,1.12252363252126,1.090263229965003,0.11378294128083441,-0.20796586974837739,0.8381467004446593,0.6014167670256413,1.2808816490312616,-0.5778474121815806,1
1.2601098819422107,1.4373506578504092,1.12252363252126,2.1961470691586156,1.2947644960127682,1.1133468829824822,0.8381467004446593,0.6014167670256413,-0.34279819885260426,0.9545537165632137,1
0.5791811499297607,-0.06556468168733408,1.12252363252126,1.090263229965003,1.2947644960127682,0.5144777900704849,0.8381467004446593,0.6014167670256413,1.5759317672239832,-0.3465789554551131,1
0.7839208784789949,1.4373506578504092,1.12252363252126,1.090263229965003,1.2947644960127682,1.159645216768088,0.8381467004446593,0.6014167670256413,1.7061946760013633,0.9545537165632137,1
1.3366850823514125,-0.06556468168733408,1.12252363252126,1.090263229965003,0.2000059418016264,1.159645216768088,0.8381467004446593,0.6014167670256413,1.7297773860792074,1.282095659436817,1
0.7129965049224631,-0.06556468168733408,1.12252363252126,1.090263229965003,1.2947644960127682,1.159645216768088,0.8381467004446593,0.6014167670256413,1.8912825143357013,1.1784926538956784,1
-0.14979553233699747,-1.5684800212250773,-0.030704704472457878,-1.1215044484222225,0.6450100169689664,-0.29830209470859204,0.8381467004446593,0.6014167670256413,1.1350740677852895,0.965649057736761,1
0.0025978989070768233,-0.06556468168733408,1.12252363252126,1.090263229965003,1.2947644960127682,0.24158694195580604,-1.1931085566160113,0.6014167670256413,1.644429017452997,1.0044232733527827,1
0.9401854743933811,-0.06556468168733408,1.12252363252126,-0.015620609228609717,1.085922989566935,1.159645216768088,0.8381467004446593,0.6014167670256413,1.1612241056577133,1.2117890179920003,1
1.737397016487782,1.4373506578504092,1.12252363252126,1.090263229965003,1.2947644960127682,1.159645216768088,0.8381467004446593,0.6014167670256413,1.2286269305457505,1.5144010598943751,1
1.4089792621365311,1.4373506578504092,1.12252363252126,1.090263229965003,1.2947644960127682,1.159645216768088,0.8381467004446593,0.6014167670256413,0.6048213297026603,1.5144010598943751,1
1.1467073230837468,-0.06556468168733408,-0.030704704472457878,-1.1215044484222225,0.6339253831536651,-0.10240838009000619,-1.1931085566160113,0.6014167670256413,-1.3614650751723478,0.9111489999250354,1
0.7844819286630288,1.4373506578504092,1.12252363252126,1.090263229965003,1.2947644960127682,1.159645216768088,0.8381467004446593,-1.6627404735414788,1.3252451107221166,1.289256081795598,1
1.624894517553022,1.4373506578504092,1.12252363252126,1.090263229965003,0.7807206788306384,1.159645216768088,0.8381467004446593,0.6014167670256413,1.1326975970006357,0.9596683245529322,1
0.7839208784789949,1.4373506578504092,1.12252363252126,1.090263229965003,1.2947644960127682,1.159645216768088,0.8381467004446593,0.6014167670256413,0.5006707844300432,1.1784926538956784,1
-1.714390030970272,-1.5684800212250773,-1.1839330414661757,-0.015620609228609717,0.2544336168791146,-1.4517629631234152,-1.1931085566160113,0.6014167670256413,-0.501641916625857,-0.6683147624183439,1
1.7215084539653005,-0.06556468168733408,1.12252363252126,1.090263229965003,1.1487092894839148,1.159645216768088,0.8381467004446593,0.6014167670256413,1.0184697668209834,1.3810734427886309,1
1.0314672660565396,-1.5684800212250773,-0.030704704472457878,2.1961470691586156,0.5175291646426335,0.3897766739874343,0.8381467004446593,0.6014167670256413,0.8287649007573334,1.5144010598943751,1
-1.792152900172118,1.4373506578504092,0.5628247578163228,1.090263229965003,1.1161745827151035,1.0417137480039467,0.8381467004446593,0.6014167670256413,-0.26812722857829335,0.900211325205429,1
0.12729768871709596,1.4373506578504092,1.12252363252126,1.015801899907401,0.5505565538398715,-0.5249322374801717,0.8381467004446593,0.6014167670256413,0.653050929275062,0.5809496897983698,1
-0.9602943183154625,-0.986383586528291,1.12252363252126,-1.1215044484222225,-0.2600667385349122,0.579549479760097,-1.1931085566160113,-1.6627404735414788,0.9158563611256885,-0.583858995014567,1
1.1095421883052772,1.4373506578504092,1.12252363252126,1.090263229965003,1.2947644960127682,-0.5005768645315408,0.8381467004446593,0.6014167670256413,0.6771623054990823,0.8519652435557825,1
1.0344782708068347,1.4373506578504092,1.12252363252126,-0.015620609228609717,0.9246939933515733,-0.005051773102508372,0.8381467004446593,0.6014167670256413,0.9970851647319828,0.9545537165632137,1
0.7564637658966336,-0.06556468168733408,1.12252363252126,1.090263229965003,1.2947644960127682,1.159645216768088,0.8381467004446593,0.6014167670256413,1.4995592736619583,1.3298102332323576,1
1.2527146662221478,-0.06556468168733408,1.12252363252126,1.090263229965003,1.2947644960127682,0.29037368308756834,0.8381467004446593,0.6014167670256413,0.653050929275062,1.0665231852294461,1
0.9241219663766905,-1.5684800212250773,1.0632495131086874,1.147103916790021,-0.09860663058186947,-1.57570501640918,0.8381467004446593,0.6014167670256413,-0.08973065613029646,1.0607681309670909,1
0.9560179873292389,1.4373506578504092,1.12252363252126,1.090263229965003,1.2947644960127682,0.21229987695808505,0.8381467004446593,0.6014167670256413,1.4107661701137446,1.2904621225619106,1
-1.1499564543498024,-0.06556468168733408,-1.1839330414661757,-1.1215044484222225,0.7119764727970445,-0.5104391105350018,-1.1931085566160113,0.6014167670256413,-1.307410017305684,0.7863044193113262,1
0.07305766747004311,1.4373506578504092,1.12252363252126,1.090263229965003,-0.4713661504098532,1.159645216768088,0.8381467004446593,0.6014167670256413,1.5164149311810948,0.7027904406260904,1
-0.39198106154284634,-0.06556468168733408,1.12252363252126,1.090263229965003,1.2947644960127682,1.121177234059825,0.8381467004446593,0.6014167670256413,0.9560255196382246,0.9722796229136021,1
-0.30042225102727127,-0.06556468168733408,1.12252363252126,-1.1215044484222225,-0.06567159541076568,0.19507361558401323,0.8381467004446593,-1.6627404735414788,-0.3904967208694053,-1.1728661880951996,1
1.500900657820106,-0.06556468168733408,1.12252363252126,1.090263229965003,0.8979316443222867,1.159645216768088,0.8381467004446593,0.6014167670256413,1.2850565918830725,1.198253469668124,1
1.5987797970935662,-1.5684800212250773,1.12252363252126,1.090263229965003,1.196189938059178,0.3352501198729143,0.8381467004446593,0.6014167670256413,0.7301447770985053,1.424416517531567,1
-0.4909330097826908,-1.5684800212250773,-0.5616790581981771,-1.1215044484222225,-0.19477430000732776,-1.139154812994587,0.8381467004446593,-1.6627404735414788,-0.6368091575695863,-1.4306335111608517,1
0.9654542089189867,1.4373506578504092,1.12252363252126,1.090263229965003,1.2947644960127682,0.18768034245030202,0.8381467004446593,0.6014167670256413,1.42048559763598,1.2904621225619106,1
0.8176467621308581,1.4373506578504092,1.12252363252126,1.090263229965003,0.7295662698380303,-1.1225495098087155,0.8381467004446593,0.6014167670256413,0.20256259389287526,0.9303878506439291,1
1.0357827721117785,-0.06556468168733408,-0.9600715615222772,-0.23029170683039452,0.43615718282562105,1.159645216768088,0.8381467004446593,-1.6627404735414788,-0.09294054809746286,0.6937312914449041,1
1.092369978137403,1.4373506578504092,1.12252363252126,1.090263229965003,0.7476065874910548,0.916653998188642,0.8381467004446593,0.6014167670256413,1.560622503900308,0.618645310564517,1
0.850497521463952,1.4373506578504092,0.7915763434058016,-1.1215044484222225,-1.0357410683523456,0.5341981437030655,0.8381467004446593,0.6014167670256413,0.7765095489684595,0.8747166460787561,1
0.4330431439268843,-0.06556468168733408,-0.030704704472457878,1.090263229965003,0.7717773671468249,1.159645216768088,0.8381467004446593,0.6014167670256413,-0.0673001354794152,0.8975405984091566,1
0.6276562825646116,1.4373506578504092,1.12252363252126,1.090263229965003,1.2947644960127682,1.159645216768088,0.8381467004446593,0.6014167670256413,1.9001322653615538,1.119737044566811,1
0.7840547599828815,-0.06556468168733408,-0.030704704472457878,1.090263229965003,-0.3524197882048682,0.43067156102974796,-1.1931085566160113,0.6014167670256413,0.5022696100319635,-0.4850674421655112,1
1.2527146662221478,-0.06556468168733408,1.12252363252126,1.090263229965003,1.217731032030516,1.159645216768088,0.8381467004446593,0.6014167670256413,1.2999919069139478,0.8712559577857348,1
0.15428128078005326,-1.5684800212250773,-0.06451393566439467,-0.04804184029911118,-1.7788821417786511,-0.07668221957353027,0.8381467004446593,-1.6627404735414788,-1.234599745666477,-0.8500882317434248,1
-1.6306470755953801,1.4373506578504092,1.12252363252126,1.090263229965003,0.38074125691206673,-1.0587379464768114,-0.7342566322521916,-1.6627404735414788,1.0058490153939166,-0.7249883134302705,1
1.0964500703077644,1.4373506578504092,1.12252363252126,1.090263229965003,1.0707464864643614,0.43067156102974796,0.8381467004446593,0.6014167670256413,0.3652629286397177,0.9448325282277498,1
-0.15206718502755892,-1.5530962993009105,-1.1839330414661757,-0.015620609228609717,-1.1521216586697711,-1.0372247056230521,-1.1931085566160113,-1.6627404735414788,0.1734042615494882,-1.2813973250244868,1
0.5963389694574152,1.4373506578504092,1.12252363252126,1.090263229965003,1.2947644960127682,1.159645216768088,0.8381467004446593,0.6014167670256413,1.036768263455521,1.4248716256335565,1
1.0964500703077644,-0.06556468168733408,1.12252363252126,1.090263229965003,1.2947644960127682,0.43067156102974796,0.8381467004446593,0.6014167670256413,0.9331903813479926,1.2949258454241077,1
0.9098274462609764,-0.06556468168733408,1.12252363252126,1.090263229965003,1.2947644960127682,1.014546262759119,0.8381467004446593,0.6014167670256413,-0.0184544055407413,0.9763063871527956,1
-0.3978882585992749,1.4373506578504092,1.12252363252126,-0.2573270044951292,0.6660500268082923,0.9472086861209508,-1.1931085566160113,0.6014167670256413,0.8118803593486238,-0.7249883134302705,1
0.9401854743933811,1.4373506578504092,1.12252363252126,1.090263229965003,1.2947644960127682,1.159645216768088,0.8381467004446593,0.6014167670256413,0.9625503571187551,1.5144010598943751,1
0.35930554054649805,-0.06556468168733408,1.12252363252126,-1.1215044484222225,1.2947644960127682,0.1528215837298791,0.8381467004446593,0.6014167670256413,0.7627419843828297,1.3381804349088624,1
1.3420734385597037,1.4373506578504092,1.12252363252126,1.090263229965003,1.2947644960127682,1.159645216768088,0.8381467004446593,0.6014167670256413,0.5571215957299472,1.5144010598943751,1
1.5423687457211976,1.4373506578504092,1.12252363252126,1.090263229965003,1.1900618779602792,1.159645216768088,0.8381467004446593,0.6014167670256413,0.7489802628201767,0.9381628369896851,1
-1.486595022519198,-0.06556468168733408,-0.595807936507286,-1.1215044484222225,-0.735217156375171,-0.784284531867486,-1.1931085566160113,-1.6627404735414788,-1.3614650751723478,-0.8347225379593977,1
-1.8725772520655304,0.03397842435608056,1.12252363252126,1.090263229965003,-0.7416803228486425,-0.15187559938007267,0.8381467004446593,0.6014167670256413,-1.3487576344129868,-0.7249883134302705,1
0.7839208784789949,1.4373506578504092,1.12252363252126,1.090263229965003,0.6022009984115893,1.159645216768088,0.8381467004446593,0.6014167670256413,0.48925895305107153,1.0337635240562113,1
-1.6312069688567192,-0.06556468168733408,1.12252363252126,0.23617502815486044,0.9158425616461484,1.159645216768088,0.8381467004446593,0.6014167670256413,0.578963480770402,0.6696333487853494,1
0.9043675715048982,1.4373506578504092,-0.030704704472457878,1.090263229965003,1.2947644960127682,0.3231001484189082,0.8381467004446593,0.6014167670256413,0.23786012807031526,0.9417212783141836,1
-0.025968569544523423,-0.5099798741262558,1.12252363252126,-1.1215044484222225,0.9544846209717965,-1.1435495760288141,-1.1931085566160113,0.6014167670256413,0.15586758112444207,1.0665231852294461,1
1.1084058750499381,1.4373506578504092,1.12252363252126,1.090263229965003,1.2947644960127682,0.6550715206845529,0.8381467004446593,0.6014167670256413,1.3392353713345897,1.5144010598943751,1
0.43806514678811026,-0.06556468168733408,-0.030704704472457878,-1.1215044484222225,1.0535172855685953,-0.35012481555426345,0.8381467004446593,0.6014167670256413,0.7867155083356975,0.21852687800494947,1
1.0472095472844836,-1.5684800212250773,0.588553561831543,0.5782147024997558,0.8518538695390971,0.8986833310467097,-1.1931085566160113,0.6014167670256413,-1.0505433438915894,0.550239349263469,1
0.16377288069596116,-0.06556468168733408,-0.030704704472457878,1.090263229965003,1.2870557885061247,1.159645216768088,0.8381467004446593,0.6014167670256413,0.4491345074097635,1.0665231852294461,1
0.9401854743933811,-0.06556468168733408,1.12252363252126,1.090263229965003,0.9552984962383143,1.159645216768088,0.8381467004446593,0.6014167670256413,0.43215143003679996,1.2045169146180763,1
0.9401854743933811,1.4373506578504092,1.12252363252126,1.090263229965003,1.2947644960127682,1.159645216768088,0.8381467004446593,0.6014167670256413,1.1011571971360608,1.3656173897337054,1
0.29067882875727696,-1.5684800212250773,1.12252363252126,1.090263229965003,0.7520621463691508,0.43067156102974796,-1.1931085566160113,0.6014167670256413,1.6830843103414759,1.2078937878487193,1
0.9580308091153666,1.4373506578504092,1.12252363252126,1.090263229965003,0.3275064957829932,0.916653998188642,0.8381467004446593,0.6014167670256413,0.9846592477950155,0.8681579568398128,1
0.2494457345099871,1.4373506578504092,-0.030704704472457878,1.090263229965003,1.2156598210880483,-0.38458350262085084,0.8381467004446593,0.6014167670256413,1.2286269305457505,0.9074905509443292,1
0.3619190535874214,-1.5684800212250773,1.12252363252126,1.090263229965003,0.7509264961925058,0.9814818635058877,-1.1931085566160113,0.6014167670256413,0.5827146766297109,-0.3480313952318613,1
-1.5650173217724728,-0.06556468168733408,-0.4028898131966833,-1.1215044484222225,-0.8378117016228331,-0.784284531867486,-1.1931085566160113,-1.6627404735414788,-1.3614650751723478,-0.7972608505029741,1
1.1856622868493634,-0.06556468168733408,-0.030704704472457878,0.6157338441246623,0.05078849790965754,-1.1315421025089907,0.8381467004446593,0.6014167670256413,0.48839968429645864,-0.996972806105871,1
0.21352437829417656,-0.06556468168733408,1.12252363252126,-1.1215044484222225,0.9207293758269066,1.159645216768088,0.8381467004446593,0.6014167670256413,0.7825366677190275,1.4024315912281429,1
-1.8725772520655304,-0.9409990524235057,-0.030704704472457878,1.090263229965003,0.5493172530586771,0.7751138469004514,0.8381467004446593,0.6014167670256413,0.8607361728676952,-0.6130188447640381,1
0.3151270907358449,-0.06556468168733408,-0.030704704472457878,-1.1215044484222225,0.23865828382238735,-0.18710505996651727,0.8381467004446593,0.6014167670256413,0.8823070071116539,1.2050634747553584,1
0.8879687358248359,1.4373506578504092,1.12252363252126,1.090263229965003,1.2947644960127682,1.159645216768088,0.8381467004446593,0.6014167670256413,1.0688236173984218,0.7680300391544163,1
0.47139168665022824,1.4373506578504092,1.12252363252126,1.090263229965003,1.2947644960127682,1.159645216768088,0.8381467004446593,0.6014167670256413,0.7489802628201767,0.922536747013602,1
1.8965914329567375,1.4373506578504092,1.12252363252126,1.090263229965003,1.2947644960127682,1.159645216768088,0.8381467004446593,0.6014167670256413,0.7374278383159883,0.8560683281645923,1
1.0447194633349253,1.4373506578504092,1.12252363252126,-0.015620609228609717,1.0896324641704211,-0.3795771948272183,0.8381467004446593,0.6014167670256413,1.4532303694535713,0.8047486358812223,1
0.7839208784789949,1.4373506578504092,1.12252363252126,1.090263229965003,1.2947644960127682,1.159645216768088,0.8381467004446593,0.6014167670256413,0.07747492800437346,1.1008728730226556,1
-0.09033994921847571,-0.06556468168733408,-1.1839330414661757,-1.1215044484222225,-0.4721577692851882,-0.9288027500603808,-1.1931085566160113,0.6014167670256413,-1.0141036807902475,-0.5888603134674205,1
-0.009721580881964148,-1.5684800212250773,0.7078083817005685,1.090263229965003,0.2252801761034157,0.6928195527009315,-1.1931085566160113,0.6014167670256413,-1.0543053137516127,-1.0029763635510507,1
0.48018067354913574,-0.06556468168733408,0.850432167501834,-1.1215044484222225,1.1790051276739246,0.6163316904144119,-1.1931085566160113,0.6014167670256413,0.1960377262895847,0.677778864972413,1
-0.4661306175702177,-0.06587856336383724,-1.1839330414661757,-1.1215044484222225,-2.262271710366844,-0.5411410682033235,-1.1931085566160113,0.6014167670256413,-1.3613448669640202,-0.27713382342555304,1
0.47139168665022824,-0.06556468168733408,-0.030704704472457878,-1.1215044484222225,1.1057348463354384,0.3549400292049536,0.8381467004446593,0.6014167670256413,0.7348568519825942,0.2735309753376773,1
0.7114449015906332,1.4373506578504092,-0.5934043759980353,-1.1215044484222225,1.231955446401738,1.0410814644805835,0.8381467004446593,0.6014167670256413,1.3245562640908652,0.949149760442282,1
1.145075545314783,-1.5684800212250773,1.12252363252126,0.8998228368933681,0.9056673951796689,0.916653998188642,0.8381467004446593,0.6014167670256413,-0.9910787973040491,0.2286130491613786,1
0.48968153709475637,-0.06556468168733408,-1.1839330414661757,1.090263229965003,0.6872161253484504,0.43067156102974796,0.8381467004446593,0.6014167670256413,-0.5850480360907084,-0.6182609914557448,1
1.4943003824253631,1.4373506578504092,1.12252363252126,1.090263229965003,1.2947644960127682,1.159645216768088,0.8381467004446593,0.6014167670256413,0.7489802628201767,1.2904621225619106,1
-1.8542885529690982,-0.06556468168733408,-0.030704704472457878,-1.1215044484222225,-0.29440862479655866,-1.992130899664049,-1.1931085566160113,0.6014167670256413,-1.1724132222319614,-0.7233502457121467,1
-0.15366669700730792,-1.5684800212250773,-0.030704704472457878,-1.1215044484222225,0.6013274362826391,0.1780167919600814,0.8381467004446593,0.6014167670256413,0.38052303496991025,1.1740397250197097,1
1.4089792621365311,1.4373506578504092,1.12252363252126,-0.015620609228609717,0.5662899436225229,0.09681163261574705,0.8381467004446593,0.6014167670256413,0.8807832169244769,0.6887428086383863,1
1.2527146662221478,1.4373506578504092,1.12252363252126,1.090263229965003,1.2947644960127682,1.159645216768088,0.8381467004446593,0.6014167670256413,1.036768263455521,0.9835545573506356,1
0.9441404410032014,1.4373506578504092,1.12252363252126,-1.1215044484222225,0.9361031567325321,1.159645216768088,0.8381467004446593,0.6014167670256413,-0.951040665103168,1.0778587153872026,1
1.366863121952618,-0.06556468168733408,1.12252363252126,-1.1215044484222225,1.0352365097168124,-0.6067838498057221,0.8381467004446593,0.6014167670256413,0.4169723159861518,-0.4880761977484764,1
-0.6550405814256118,-0.06556468168733408,1.12252363252126,1.090263229965003,0.28792560423275776,1.159645216768088,-1.1931085566160113,0.6014167670256413,0.7550908241209545,1.2437723897729163,1
0.8751355197940103,1.4373506578504092,1.12252363252126,1.090263229965003,1.243704244726718,1.159645216768088,0.8381467004446593,0.6014167670256413,0.4051964705616287,1.4024315912281429,1
0.7839208784789949,-0.06556468168733408,1.12252363252126,1.090263229965003,1.1682947251322653,1.0761311730082763,0.8381467004446593,0.6014167670256413,0.49118138104752296,0.6151658774890931,1
1.0410548693817565,-1.5684800212250773,1.12252363252126,-1.1215044484222225,-0.4581446022509446,0.7167325079046516,0.8381467004446593,0.6014167670256413,0.22923660289818765,1.0339392124018565,1
0.7723585321612163,-0.06556468168733408,0.05462508720410986,-1.0396777757765712,1.067599595696881,0.03458628211564174,-1.1931085566160113,-1.6627404735414788,0.7311290753190345,0.7554693491253779,1
1.2187835010355668,1.4373506578504092,1.12252363252126,1.090263229965003,1.2947644960127682,1.0013564797398,0.8381467004446593,-1.6627404735414788,0.5571215957299472,1.2028056117665018,1
1.1272989480299869,1.4373506578504092,1.12252363252126,1.090263229965003,1.2947644960127682,0.47864152086401646,0.8381467004446593,0.6014167670256413,0.32738726956043485,0.886793013513978,1
-1.6880369841558456,-0.06556468168733408,-1.1839330414661757,-1.1215044484222225,-1.2261581922518978,-1.0712443791314208,0.8381467004446593,0.6014167670256413,-1.3267487486215064,-0.8572183660820729,1
0.26838839594075625,-1.5684800212250773,1.12252363252126,1.090263229965003,1.1904498223779665,0.952993299284374,0.8381467004446593,0.6014167670256413,0.8162171608444656,0.8760742831268845,1
0.9046370311979233,-0.06556468168733408,1.12252363252126,1.090263229965003,-0.22029651206471856,-0.5882216736113633,0.8381467004446593,0.6014167670256413,0.8819628393301976,-1.082521136975818,1
0.6985322659222214,1.4373506578504092,1.12252363252126,-1.1215044484222225,1.2947644960127682,1.159645216768088,0.8381467004446593,0.6014167670256413,0.653050929275062,1.046329952141557,1
-1.5600480602367621,-0.06556468168733408,-0.15831269921347493,1.090263229965003,0.31400488765314294,1.0252068703109098,0.8381467004446593,-1.6627404735414788,-0.43401630032863087,0.5195273897825001,1
1.553131415808706,-0.06556468168733408,1.12252363252126,1.090263229965003,0.6529509703406535,1.159645216768088,0.8381467004446593,0.6014167670256413,1.0962539584768232,0.627324331645233,1
-0.4348067362284864,-0.06556468168733408,-1.1839330414661757,-1.1215044484222225,-0.4958311730432764,0.577101820507199,-1.1931085566160113,0.6014167670256413,-1.2081454062802979,-1.128859331668922,1
-0.5040957055674383,-0.06556468168733408,-0.9042334565043729,-0.015620609228609717,0.15742976145883852,-0.47510457381660653,0.8381467004446593,0.6014167670256413,0.5338552625004187,-1.0337400732473627,1
-1.3250185528162985,1.4373506578504092,1.12252363252126,1.090263229965003,0.6046880499993935,1.159645216768088,0.8381467004446593,0.6014167670256413,0.9408389299104063,0.9682099315701547,1
0.9870803812810165,-0.06556468168733408,1.12252363252126,1.090263229965003,1.2089159533169822,1.159645216768088,0.8381467004446593,0.6014167670256413,1.6123442647262096,1.2568601554839818,1
-1.524357554907558,-0.06556468168733408,1.12252363252126,-0.5054171425892314,-0.9130828807541818,0.8090330598231164,0.8381467004446593,0.6014167670256413,0.981993117970955,-0.30112818391293333,1
-0.3855764266702215,-0.06556468168733408,-0.1423564977452998,1.090263229965003,0.7685056527668126,1.159645216768088,0.8381467004446593,0.6014167670256413,0.8047056475034998,0.7197742617309957,1
0.7839208784789949,-1.5684800212250773,1.12252363252126,2.1961470691586156,1.2947644960127682,0.7952326471200297,0.8381467004446593,0.6014167670256413,0.07718176754766493,1.2345800419824229,1
-0.13502227262777114,-0.06556468168733408,-1.1839330414661757,-0.015620609228609717,0.43615718282562105,0.017169255617685675,0.8381467004446593,0.6014167670256413,-0.14872063788104795,-0.9622866830714344,1
-0.0398440618158723,-1.5684800212250773,1.12252363252126,-0.9713236662925477,-0.6344521521054466,-0.23230490772824203,0.8381467004446593,0.6014167670256413,0.552383753381975,0.7610260426618172,1
0.8822380921688103,-0.06556468168733408,1.12252363252126,1.090263229965003,1.2947644960127682,1.159645216768088,0.8381467004446593,0.6014167670256413,1.3245562640908652,1.5144010598943751,1
1.2389944120985577,1.4373506578504092,1.12252363252126,1.090263229965003,1.2947644960127682,0.673662779609194,0.8381467004446593,0.6014167670256413,0.15655879727213212,1.0468610275257808,1
1.2975268528334698,-0.06556468168733408,1.12252363252126,1.090263229965003,1.1892399868961858,1.159645216768088,0.8381467004446593,0.6014167670256413,1.2286269305457505,1.5144010598943751,1
-0.22204835547954485,-0.06556468168733408,1.12252363252126,-1.1215044484222225,-0.1579496951937669,0.25600926217920994,0.8381467004446593,-1.6627404735414788,-0.2942707584467069,-1.1728661880951996,1
1.0964500703077644,1.4373506578504092,0.727972268246986,-0.39397410912625275,0.43615718282562105,1.159645216768088,0.8381467004446593,-1.6627404735414788,-0.2683604941718981,-1.0962504734059617,1
0.6279027389273508,-1.5684800212250773,1.12252363252126,1.090263229965003,1.2947644960127682,1.0138121616919846,0.8381467004446593,-1.6627404735414788,1.305415786539547,-1.3521232951211681,1
-1.8725772520655304,-0.06556468168733408,1.12252363252126,-0.1936365605374918,0.883109711215603,0.4697862595198409,0.8381467004446593,0.6014167670256413,1.2595107376224735,0.8065364266417154,1
0.7839208784789949,1.4373506578504092,1.12252363252126,1.090263229965003,1.2947644960127682,1.159645216768088,0.8381467004446593,0.6014167670256413,0.9923678739476833,1.2303171359184613,1
1.62049214786617,-0.06556468168733408,1.12252363252126,1.090263229965003,0.5947404748563914,1.159645216768088,0.8381467004446593,0.6014167670256413,0.45537241338050716,1.1389051733206068,1
-0.7965778356929788,-0.06556468168733408,-1.1839330414661757,1.090263229965003,0.4032175502797125,0.7111566201199873,0.8381467004446593,0.6014167670256413,1.077331923818723,-0.2726255849924559,1
0.7839208784789949,1.4373506578504092,1.12252363252126,1.090263229965003,1.2947644960127682,0.4115233334265584,0.8381467004446593,0.6014167670256413,0.40944787710952585,1.126919636338097,1
1.4089792621365311,1.4373506578504092,1.12252363252126,1.090263229965003,1.2947644960127682,1.159645216768088,0.8381467004446593,0.6014167670256413,1.036768263455521,0.8425842478969815,1
0.47139168665022824,1.4373506578504092,1.12252363252126,1.090263229965003,1.2947644960127682,1.159645216768088,0.8381467004446593,0.6014167670256413,0.7489802628201767,1.2365822941759042,1
0.4515573727819289,1.4373506578504092,1.12252363252126,1.090263229965003,1.2947644960127682,1.159645216768088,0.8381467004446593,0.6014167670256413,1.5879920754209231,1.5144010598943751,1
-0.04087686262790069,-0.06556468168733408,-1.1839330414661757,1.090263229965003,0.4475321958816054,0.47574035485353894,0.8381467004446593,0.6014167670256413,0.2534704763375424,0.769897871632739,1
1.4448762197170955,1.4373506578504092,1.12252363252126,1.090263229965003,1.2947644960127682,1.159645216768088,0.8381467004446593,0.6014167670256413,0.5571215957299472,1.5144010598943751,1
0.8495554968683684,1.4373506578504092,1.12252363252126,2.1961470691586156,1.2947644960127682,0.8016363467281369,0.8381467004446593,0.6014167670256413,-0.2256574833695132,0.6895551417883824,1
-0.49708874382757334,-0.06556468168733408,1.12252363252126,1.090263229965003,-0.25058735349717576,0.8191775611108212,0.8381467004446593,0.6014167670256413,0.5760864224925235,0.9324178223848794,1
-0.24444385752580067,1.4373506578504092,-0.030704704472457878,1.090263229965003,0.5786662639050806,0.8773285125332256,0.8381467004446593,0.6014167670256413,0.5077676197510386,1.3736284177737714,1
0.47139168665022824,1.4373506578504092,1.12252363252126,1.090263229965003,1.2947644960127682,1.159645216768088,0.8381467004446593,0.6014167670256413,0.13947843137636157,1.3826323440210342,1
0.3286760754046344,1.4373506578504092,-0.030704704472457878,1.090263229965003,1.094824523346481,1.159645216768088,0.8381467004446593,-1.6627404735414788,1.1848210595064317,0.9034231611484067,1
0.9023831952068176,1.4373506578504092,1.12252363252126,1.090263229965003,1.2947644960127682,1.159645216768088,0.8381467004446593,-1.6627404735414788,1.5164149311810948,0.8191199322781579,1
-0.11268181123378351,-0.06556468168733408,0.044912122528418044,-0.015620609228609717,-0.6597238459610305,0.20361320184044904,0.8381467004446593,0.6014167670256413,0.3652629286397177,-0.28445224235263955,1
0.2149741235500939,-0.06556468168733408,1.12252363252126,-0.015620609228609717,-0.45701989789547875,0.41190227727406936,0.8381467004446593,0.6014167670256413,1.359002653668565,0.8196757876850117,1
0.4980662356135105,-0.06556468168733408,1.12252363252126,0.9014875674826649,1.2528887043570907,-0.6183689930413693,-1.1931085566160113,0.6014167670256413,0.82853434713055,1.3095754415888674,1
0.6309914691088296,-1.5684800212250773,1.12252363252126,1.090263229965003,-0.10925986575163665,0.916653998188642,0.8381467004446593,0.6014167670256413,0.5530267178010942,0.7282249924522811,1
0.4981980155000709,-0.06556468168733408,1.12252363252126,1.090263229965003,-0.07551690257732414,-1.513258187605826,0.8381467004446593,0.6014167670256413,0.9215752299717332,1.2328388897244416,1
0.15886249482146017,-0.06556468168733408,1.12252363252126,1.090263229965003,0.5348667527521754,0.6262195236368975,0.8381467004446593,0.6014167670256413,-0.26878261686156213,1.110246544403245,1
1.2527146662221478,1.4373506578504092,1.12252363252126,1.090263229965003,1.2947644960127682,0.8378750444707569,0.8381467004446593,0.6014167670256413,0.30306140076790067,1.1421915988968976,1
-0.005120395911138637,-0.13979738685956722,-1.1839330414661757,-1.1215044484222225,-0.9251996631668697,0.442673498207259,-1.1931085566160113,0.6014167670256413,0.29302453012961827,-1.27930520781522,1
0.5279014885979193,-0.06556468168733408,1.12252363252126,1.090263229965003,1.2947644960127682,1.159645216768088,0.8381467004446593,0.6014167670256413,0.11216575229433959,1.1879973898275955,1
-0.14169907860939604,-0.06556468168733408,1.12252363252126,-1.1215044484222225,1.2571890906827325,1.159645216768088,0.8381467004446593,0.6014167670256413,1.3837515680780967,1.2733116238789128,1
-0.17261325319350163,1.4373506578504092,-1.1839330414661757,0.33065988841620064,0.15243339381567436,-0.32776396192571855,0.8381467004446593,-1.6627404735414788,0.683088855666101,-1.1242297642665053,1
1.193839168542277,-0.06556468168733408,1.12252363252126,1.090263229965003,1.218319987188711,1.159645216768088,0.8381467004446593,0.6014167670256413,1.1688406991634661,1.3326486341904755,1
0.5448127575482252,1.4373506578504092,1.12252363252126,1.090263229965003,1.2947644960127682,1.159645216768088,0.8381467004446593,0.6014167670256413,1.3696287538522212,1.2904621225619106,1
1.0964500703077644,1.4373506578504092,-0.030704704472457878,1.090263229965003,0.09668566922708134,0.6114876345607918,0.8381467004446593,0.6014167670256413,0.6998886103527935,0.7852840870433136,1
0.7839208784789949,-0.06556468168733408,1.12252363252126,1.090263229965003,1.1209353068339747,1.159645216768088,0.8381467004446593,0.6014167670256413,0.5571215957299472,0.8099554344783034,1
0.17787333589108084,1.4373506578504092,1.12252363252126,-0.015620609228609717,1.2873033199969481,0.6835167229815372,0.8381467004446593,-1.6627404735414788,1.7024383119632855,1.0597121933953462,1
0.5760542550535135,-1.5684800212250773,1.12252363252126,1.090263229965003,1.2947644960127682,1.159645216768088,0.8381467004446593,0.6014167670256413,0.14127858914334662,0.9920510527473481,1
-0.24368314352663079,-0.06556468168733408,-0.030704704472457878,1.090263229965003,0.8734660938899547,1.159645216768088,0.8381467004446593,0.6014167670256413,0.8032057324080739,0.7147916811398031,1
0.031694913083227305,-0.06556468168733408,-0.969197892576599,-1.1215044484222225,-0.4994295510901922,-0.49604749871107684,-1.1931085566160113,0.6014167670256413,1.4873076233029576,-0.5921697381701015,1
0.6521946608038673,-0.06556468168733408,-0.030704704472457878,1.090263229965003,1.2258331255823867,1.159645216768088,0.8381467004446593,0.6014167670256413,0.14644910855390897,1.3885519979987206,1
-0.15366669700730792,-0.06556468168733408,0.5181011422917595,-1.1215044484222225,-0.4342809820132092,-1.2819856855506002,-1.1931085566160113,0.6014167670256413,-1.0280255956087325,-0.21302579158143525,1
-0.30993129292169125,-0.06556468168733408,-0.030704704472457878,-1.1215044484222225,0.41882409784473446,-0.020973278911055382,-1.1931085566160113,0.6014167670256413,-1.2519797669054757,-1.0280404495495388,1
-1.423751023141587,-1.5684800212250773,1.12252363252126,-1.1215044484222225,0.45183050000404146,-0.10188516336111664,0.8381467004446593,0.4567592628340633,-0.7675022352306111,-0.9775422667036902,1
-0.17751148998594773,-0.06556468168733408,1.12252363252126,1.090263229965003,1.0681648305951286,1.159645216768088,0.8381467004446593,0.6014167670256413,0.8817654039580152,1.1614069616142513,1
0.3151270907358449,-0.06556468168733408,1.12252363252126,1.090263229965003,-0.5120305203536328,0.6955056327868172,-1.1931085566160113,0.6014167670256413,1.1941339910839386,1.0463929708229256,1
